Rd	Wt	Zip	T	CC	TP	P50	P90	P99	P999	Abt
0.50	0.50	0.99	1	WAIT_DIE	329218.14	2	3	4	4	5	|	0	0	0	0	0	|	0
0.50	0.50	0.99	4	WAIT_DIE	705862.25	3	47	82	129	6064	|	0	1	1	2	3	|	27363
0.50	0.50	0.99	8	WAIT_DIE	782980.92	3	64	93	1098	13019	|	0	1	1	2	4	|	75320
0.50	0.50	0.99	12	WAIT_DIE	807561.26	3	73	101	3999	14330	|	0	1	1	2	4	|	124675
0.50	0.50	0.99	16	WAIT_DIE	833962.46	3	82	112	5514	15732	|	0	1	1	2	4	|	151696
0.50	0.50	0.99	20	WAIT_DIE	708270.25	4	102	227	7546	16960	|	0	1	2	3	5	|	227733
0.50	0.50	0.99	24	WAIT_DIE	708871.35	5	110	820	8594	18064	|	0	1	2	3	6	|	352202
0.50	0.50	0.99	28	WAIT_DIE	717260.97	5	124	1612	9390	18664	|	0	1	2	4	6	|	473780
0.50	0.50	0.99	32	WAIT_DIE	717417.46	5	155	2420	10036	19926	|	0	1	2	4	6	|	545059
0.50	0.50	0.99	36	WAIT_DIE	673748.76	5	237	3349	10846	21114	|	0	2	2	4	7	|	643207
0.50	0.50	0.99	1	NO_WAIT	334109.90	2	3	4	4	5	|	0	0	0	0	0	|	0
0.50	0.50	0.99	4	NO_WAIT	569657.39	3	37	82	190	9987	|	0	1	1	2	4	|	26235
0.50	0.50	0.99	8	NO_WAIT	641584.57	3	57	96	3035	13700	|	0	1	1	3	5	|	67185
0.50	0.50	0.99	12	NO_WAIT	664173.13	3	69	108	5468	17032	|	0	1	2	3	6	|	122509
0.50	0.50	0.99	16	NO_WAIT	671415.71	3	79	147	7339	17613	|	0	1	2	3	7	|	163774
0.50	0.50	0.99	20	NO_WAIT	616752.59	4	98	289	8979	21585	|	0	1	2	4	8	|	211739
0.50	0.50	0.99	24	NO_WAIT	616511.47	4	109	1171	10228	22977	|	0	1	2	5	9	|	429058
0.50	0.50	0.99	28	NO_WAIT	617135.40	4	132	2032	11202	24465	|	0	2	3	5	10	|	566158
0.50	0.50	0.99	32	NO_WAIT	621034.04	4	157	2754	12148	25918	|	0	2	3	5	10	|	592641
0.50	0.50	0.99	36	NO_WAIT	592110.42	5	207	3737	13409	27356	|	0	2	3	6	12	|	666357
0.50	0.50	0.99	1	DL_DETECT	326273.00	2	4	4	4	5	|	0	0	0	0	0	|	0
0.50	0.50	0.99	4	DL_DETECT	887019.70	3	7	8	46	110	|	0	0	0	1	1	|	2946
0.50	0.50	0.99	8	DL_DETECT	596515.00	7	35	95	198	425	|	0	0	1	2	4	|	43711
0.50	0.50	0.99	12	DL_DETECT	280991.41	28	193	318	728	1706	|	0	1	2	6	14	|	224558
0.50	0.50	0.99	16	DL_DETECT	147744.64	65	493	838	2079	5576	|	0	2	4	11	32	|	596695
0.50	0.50	0.99	20	DL_DETECT	62469.05	169	1318	2365	6468	19486	|	0	3	6	19	60	|	1211499
0.50	0.50	0.99	24	DL_DETECT	36483.89	310	2565	4892	14598	49033	|	0	4	8	28	98	|	2061388
0.50	0.50	0.99	28	DL_DETECT	25126.89	468	4132	8246	26806	97633	|	0	5	11	38	145	|	3166910
0.50	0.50	0.99	32	DL_DETECT	19087.97	627	5951	12306	42883	99999	|	0	6	13	49	201	|	4517079
0.50	0.50	0.99	36	DL_DETECT	15041.70	797	8198	17419	63761	99999	|	0	6	15	61	260	|	6373154
0.50	0.50	0.99	1	MVCC	221236.60	4	5	5	6	417	|	0	0	0	0	0	|	0
0.50	0.50	0.99	4	MVCC	732706.88	4	6	41	101	461	|	0	0	1	1	2	|	14823
0.50	0.50	0.99	8	MVCC	1111116.73	5	41	85	183	582	|	0	1	1	2	4	|	62804
0.50	0.50	0.99	12	MVCC	1207833.49	6	70	110	390	874	|	0	1	1	4	8	|	147127
0.50	0.50	0.99	16	MVCC	1092527.76	8	92	165	594	1620	|	0	1	2	7	19	|	300398
0.50	0.50	0.99	20	MVCC	598898.47	16	136	318	1290	4680	|	0	1	3	12	45	|	590939
0.50	0.50	0.99	24	MVCC	427371.62	24	184	472	2167	8854	|	0	1	3	17	73	|	981413
0.50	0.50	0.99	28	MVCC	334484.14	32	240	645	3169	14114	|	0	1	4	22	103	|	1437988
0.50	0.50	0.99	32	MVCC	273249.47	40	299	833	4369	21288	|	0	1	4	26	138	|	2048047
0.50	0.50	0.99	36	MVCC	201939.69	56	411	1203	6366	32440	|	0	1	5	30	170	|	2736576
0.50	0.50	0.99	1	OCC	269728.88	3	4	4	5	6	|	0	0	0	0	0	|	0
0.50	0.50	0.99	4	OCC	580358.36	4	88	111	214	3405	|	0	1	2	3	5	|	61412
0.50	0.50	0.99	8	OCC	644172.20	5	120	186	593	10460	|	0	2	3	5	8	|	174750
0.50	0.50	0.99	12	OCC	679439.84	6	186	291	2324	10972	|	0	3	4	7	13	|	446086
0.50	0.50	0.99	16	OCC	613109.57	13	368	558	1302	8569	|	0	4	7	13	24	|	1067317
0.50	0.50	0.99	20	OCC	411895.43	27	608	896	1653	2992	|	0	6	9	17	33	|	1836861
0.50	0.50	0.99	24	OCC	352048.87	34	769	1139	2141	3989	|	0	6	10	20	38	|	2417645
0.50	0.50	0.99	28	OCC	323979.78	49	929	1380	2608	4888	|	1	7	11	22	43	|	3196064
0.50	0.50	0.99	32	OCC	303888.75	61	1105	1645	3122	5884	|	1	8	12	25	48	|	3970610
0.50	0.50	0.99	36	OCC	272967.39	83	1285	1923	3752	7301	|	1	8	12	26	52	|	4620189
0.90	0.10	0.99	1	WAIT_DIE	360052.47	2	3	3	4	5	|	0	0	0	0	0	|	0
0.90	0.10	0.99	4	WAIT_DIE	1119734.85	3	4	33	94	137	|	0	0	1	1	2	|	13177
0.90	0.10	0.99	8	WAIT_DIE	1661588.75	3	43	81	130	367	|	0	1	1	2	4	|	61533
0.90	0.10	0.99	12	WAIT_DIE	1891914.58	3	59	92	174	6916	|	0	1	1	2	5	|	115281
0.90	0.10	0.99	16	WAIT_DIE	1955369.27	4	72	102	252	8998	|	0	1	1	3	6	|	182601
0.90	0.10	0.99	20	WAIT_DIE	1388037.36	5	103	162	1190	12240	|	0	1	2	4	9	|	287249
0.90	0.10	0.99	24	WAIT_DIE	1270919.72	6	124	217	3237	13401	|	0	1	2	5	12	|	436371
0.90	0.10	0.99	28	WAIT_DIE	1183867.46	6	147	275	4741	15151	|	0	2	3	6	14	|	606792
0.90	0.10	0.99	32	WAIT_DIE	1179221.52	6	160	323	5853	16196	|	0	2	3	7	15	|	812740
0.90	0.10	0.99	36	WAIT_DIE	1031925.30	7	203	507	7294	18448	|	0	2	3	8	18	|	850060
0.90	0.10	0.99	1	NO_WAIT	373345.57	2	3	3	4	5	|	0	0	0	0	0	|	0
0.90	0.10	0.99	4	NO_WAIT	1115845.87	3	5	57	126	300	|	0	0	1	2	5	|	23415
0.90	0.10	0.99	8	NO_WAIT	1424432.60	3	37	87	253	6445	|	0	1	1	4	10	|	76490
0.90	0.10	0.99	12	NO_WAIT	1525386.01	3	47	95	453	9918	|	0	1	1	5	13	|	129751
0.90	0.10	0.99	16	NO_WAIT	1588816.63	3	56	101	1040	12969	|	0	1	2	5	14	|	182031
0.90	0.10	0.99	20	NO_WAIT	1283866.39	4	78	141	3278	15439	|	0	1	2	8	24	|	270071
0.90	0.10	0.99	24	NO_WAIT	1223631.84	4	87	173	4688	19414	|	0	1	2	10	30	|	491491
0.90	0.10	0.99	28	NO_WAIT	1190930.60	5	93	202	6182	21115	|	0	1	2	12	36	|	620380
0.90	0.10	0.99	32	NO_WAIT	1144912.90	5	99	247	7360	25138	|	0	1	3	14	43	|	957753
0.90	0.10	0.99	36	NO_WAIT	1006069.97	6	112	368	9056	31035	|	0	1	3	19	58	|	1105449
0.90	0.10	0.99	1	DL_DETECT	387778.56	2	3	3	4	5	|	0	0	0	0	0	|	0
0.90	0.10	0.99	4	DL_DETECT	1104179.95	3	4	5	7	14	|	0	0	0	0	0	|	161
0.90	0.10	0.99	8	DL_DETECT	1614514.81	4	7	10	18	97	|	0	0	0	0	1	|	1551
0.90	0.10	0.99	12	DL_DETECT	1503508.09	4	17	24	52	150	|	0	0	0	1	2	|	6895
0.90	0.10	0.99	16	DL_DETECT	1008242.16	6	40	56	154	384	|	0	0	0	1	3	|	26120
0.90	0.10	0.99	20	DL_DETECT	418127.93	23	122	185	469	1266	|	0	0	0	2	6	|	78263
0.90	0.10	0.99	24	DL_DETECT	235341.83	59	265	426	1152	3578	|	0	0	1	3	12	|	186183
0.90	0.10	0.99	28	DL_DETECT	137103.41	125	529	882	2750	10370	|	0	0	1	6	24	|	396570
0.90	0.10	0.99	32	DL_DETECT	88565.46	219	908	1563	5805	24642	|	0	1	2	9	42	|	714188
0.90	0.10	0.99	36	DL_DETECT	62121.52	334	1424	2485	10255	50592	|	0	1	2	12	66	|	1151062
0.90	0.10	0.99	1	MVCC	316003.37	2	4	4	5	6	|	0	0	0	0	0	|	0
0.90	0.10	0.99	4	MVCC	1174010.91	3	4	4	42	104	|	0	0	0	1	1	|	3109
0.90	0.10	0.99	8	MVCC	2196180.00	3	4	5	79	163	|	0	0	0	1	2	|	12453
0.90	0.10	0.99	12	MVCC	3052106.92	3	5	7	92	217	|	0	0	0	1	3	|	28729
0.90	0.10	0.99	16	MVCC	3489350.73	3	6	19	104	319	|	0	0	0	1	3	|	47290
0.90	0.10	0.99	20	MVCC	983359.73	4	62	118	423	1366	|	0	0	1	3	9	|	86045
0.90	0.10	0.99	24	MVCC	530579.57	5	127	228	863	3355	|	0	0	1	4	15	|	138835
0.90	0.10	0.99	28	MVCC	459422.76	6	164	285	1128	4850	|	0	0	1	4	20	|	219356
0.90	0.10	0.99	32	MVCC	385433.93	7	211	366	1567	7240	|	0	0	1	5	25	|	314976
0.90	0.10	0.99	36	MVCC	289661.53	12	295	529	2382	11715	|	0	0	1	6	30	|	279206
0.90	0.10	0.99	1	OCC	277379.18	3	4	4	5	6	|	0	0	0	0	0	|	0
0.90	0.10	0.99	4	OCC	776248.95	4	10	53	104	174	|	0	0	1	1	2	|	17034
0.90	0.10	0.99	8	OCC	889614.71	5	77	110	202	348	|	0	1	1	3	5	|	88170
0.90	0.10	0.99	12	OCC	835724.95	6	122	183	339	592	|	0	1	2	4	7	|	214960
0.90	0.10	0.99	16	OCC	797145.43	7	172	264	489	839	|	0	2	3	5	9	|	386992
0.90	0.10	0.99	20	OCC	586776.94	9	266	408	759	1328	|	0	2	3	6	11	|	554977
0.90	0.10	0.99	24	OCC	499189.82	11	359	553	1038	1825	|	0	2	4	7	12	|	776022
0.90	0.10	0.99	28	OCC	463062.38	13	446	688	1288	2308	|	0	3	4	8	14	|	1030134
0.90	0.10	0.99	32	OCC	439369.76	13	534	825	1546	2729	|	0	3	4	8	15	|	1282944
0.90	0.10	0.99	36	OCC	392248.02	15	659	1020	1920	3398	|	0	3	5	9	17	|	1529943
1.00	0.00	0.99	1	WAIT_DIE	351471.74	2	3	4	4	5	|	0	0	0	0	0	|	0
1.00	0.00	0.99	4	WAIT_DIE	1163807.93	3	4	4	5	8	|	0	0	0	0	0	|	0
1.00	0.00	0.99	8	WAIT_DIE	2053803.82	3	4	5	8	11	|	0	0	0	0	0	|	0
1.00	0.00	0.99	12	WAIT_DIE	2727699.33	3	6	8	11	15	|	0	0	0	0	0	|	0
1.00	0.00	0.99	16	WAIT_DIE	2976149.34	4	9	11	16	22	|	0	0	0	0	0	|	0
1.00	0.00	0.99	20	WAIT_DIE	2049180.10	5	22	28	39	55	|	0	0	0	0	0	|	0
1.00	0.00	0.99	24	WAIT_DIE	1697782.30	5	35	44	61	84	|	0	0	0	0	0	|	0
1.00	0.00	0.99	28	WAIT_DIE	1550917.48	5	47	59	82	112	|	0	0	0	0	0	|	0
1.00	0.00	0.99	32	WAIT_DIE	1439965.08	5	61	75	105	144	|	0	0	0	0	0	|	0
1.00	0.00	0.99	36	WAIT_DIE	1266843.19	5	81	99	138	191	|	0	0	0	0	0	|	0
1.00	0.00	0.99	1	NO_WAIT	373800.89	2	3	3	4	5	|	0	0	0	0	0	|	0
1.00	0.00	0.99	4	NO_WAIT	1189109.90	3	4	4	5	8	|	0	0	0	0	0	|	0
1.00	0.00	0.99	8	NO_WAIT	2134534.29	3	4	5	7	10	|	0	0	0	0	0	|	0
1.00	0.00	0.99	12	NO_WAIT	2758563.64	3	6	7	10	14	|	0	0	0	0	0	|	0
1.00	0.00	0.99	16	NO_WAIT	3002052.19	4	9	11	16	22	|	0	0	0	0	0	|	0
1.00	0.00	0.99	20	NO_WAIT	1987017.37	5	23	29	41	56	|	0	0	0	0	0	|	0
1.00	0.00	0.99	24	NO_WAIT	1673910.06	5	36	45	63	87	|	0	0	0	0	0	|	0
1.00	0.00	0.99	28	NO_WAIT	1512763.17	5	49	60	84	116	|	0	0	0	0	0	|	0
1.00	0.00	0.99	32	NO_WAIT	1447686.45	5	61	75	105	144	|	0	0	0	0	0	|	0
1.00	0.00	0.99	36	NO_WAIT	1285965.48	5	79	97	135	187	|	0	0	0	0	0	|	0
1.00	0.00	0.99	1	DL_DETECT	368278.64	2	3	3	4	5	|	0	0	0	0	0	|	0
1.00	0.00	0.99	4	DL_DETECT	1189925.96	3	4	4	5	7	|	0	0	0	0	0	|	0
1.00	0.00	0.99	8	DL_DETECT	2095950.45	3	4	5	7	10	|	0	0	0	0	0	|	0
1.00	0.00	0.99	12	DL_DETECT	2702138.91	3	6	8	11	15	|	0	0	0	0	0	|	0
1.00	0.00	0.99	16	DL_DETECT	2951560.13	4	9	11	16	23	|	0	0	0	0	0	|	0
1.00	0.00	0.99	20	DL_DETECT	2073048.75	5	22	27	39	54	|	0	0	0	0	0	|	0
1.00	0.00	0.99	24	DL_DETECT	1644242.57	5	37	46	64	88	|	0	0	0	0	0	|	0
1.00	0.00	0.99	28	DL_DETECT	1553334.08	5	47	59	82	112	|	0	0	0	0	0	|	0
1.00	0.00	0.99	32	DL_DETECT	1472545.85	5	59	73	101	140	|	0	0	0	0	0	|	0
1.00	0.00	0.99	36	DL_DETECT	1288575.75	6	79	97	135	186	|	0	0	0	0	0	|	0
1.00	0.00	0.99	1	MVCC	388211.70	2	3	3	4	5	|	0	0	0	0	0	|	0
1.00	0.00	0.99	4	MVCC	1391688.18	2	3	3	4	5	|	0	0	0	0	0	|	0
1.00	0.00	0.99	8	MVCC	2731977.91	2	3	3	4	5	|	0	0	0	0	0	|	0
1.00	0.00	0.99	12	MVCC	4022792.28	2	3	4	4	5	|	0	0	0	0	0	|	0
1.00	0.00	0.99	16	MVCC	5077139.62	2	3	4	6	24	|	0	0	0	0	0	|	0
1.00	0.00	0.99	20	MVCC	897716.57	4	65	104	203	348	|	0	0	0	0	0	|	0
1.00	0.00	0.99	24	MVCC	675206.48	4	105	165	323	565	|	0	0	0	0	0	|	0
1.00	0.00	0.99	28	MVCC	551781.95	4	159	237	434	768	|	0	0	0	0	0	|	0
1.00	0.00	0.99	32	MVCC	463853.05	4	223	329	573	949	|	0	0	0	0	0	|	0
1.00	0.00	0.99	36	MVCC	364454.34	5	313	509	1024	1895	|	0	0	0	0	0	|	0
1.00	0.00	0.99	1	OCC	279586.73	3	4	4	5	6	|	0	0	0	0	0	|	0
1.00	0.00	0.99	4	OCC	831860.67	4	7	9	12	18	|	0	0	0	0	0	|	0
1.00	0.00	0.99	8	OCC	1053699.48	4	15	20	31	48	|	0	0	0	0	0	|	0
1.00	0.00	0.99	12	OCC	1025292.37	5	28	38	61	91	|	0	0	0	0	0	|	0
1.00	0.00	0.99	16	OCC	984928.04	6	44	60	96	143	|	0	0	0	0	0	|	0
1.00	0.00	0.99	20	OCC	785895.86	7	75	106	169	255	|	0	0	0	0	0	|	0
1.00	0.00	0.99	24	OCC	709281.23	8	106	149	241	363	|	0	0	0	0	0	|	0
1.00	0.00	0.99	28	OCC	694204.66	8	132	187	303	455	|	0	0	0	0	0	|	0
1.00	0.00	0.99	32	OCC	675870.92	8	158	226	370	561	|	0	0	0	0	0	|	0
1.00	0.00	0.99	36	OCC	625777.02	8	196	281	464	709	|	0	0	0	0	0	|	0
0.50	0.50	0.50	1	WAIT_DIE	178099.94	5	6	6	6	8	|	0	0	0	0	0	|	0
0.50	0.50	0.50	4	WAIT_DIE	689215.68	5	6	6	6	8	|	0	0	0	0	0	|	28
0.50	0.50	0.50	8	WAIT_DIE	1356027.57	5	6	6	7	9	|	0	0	0	0	0	|	146
0.50	0.50	0.50	12	WAIT_DIE	1997431.36	5	6	6	7	10	|	0	0	0	0	0	|	323
0.50	0.50	0.50	16	WAIT_DIE	2627199.11	6	6	7	7	12	|	0	0	0	0	0	|	625
0.50	0.50	0.50	20	WAIT_DIE	3044583.90	6	7	7	8	12	|	0	0	0	0	0	|	837
0.50	0.50	0.50	24	WAIT_DIE	3409035.73	6	8	8	9	22	|	0	0	0	0	1	|	1294
0.50	0.50	0.50	28	WAIT_DIE	3741262.95	7	8	8	9	40	|	0	0	0	0	1	|	1897
0.50	0.50	0.50	32	WAIT_DIE	4014299.10	7	9	9	10	48	|	0	0	0	0	1	|	2270
0.50	0.50	0.50	36	WAIT_DIE	4412245.88	8	9	9	10	57	|	0	0	0	0	1	|	3003
0.50	0.50	0.50	1	NO_WAIT	178404.52	5	6	6	6	8	|	0	0	0	0	0	|	0
0.50	0.50	0.50	4	NO_WAIT	701538.19	5	6	6	6	8	|	0	0	0	0	0	|	47
0.50	0.50	0.50	8	NO_WAIT	1366723.83	5	6	6	7	9	|	0	0	0	0	0	|	228
0.50	0.50	0.50	12	NO_WAIT	2030675.49	5	6	6	7	11	|	0	0	0	0	0	|	515
0.50	0.50	0.50	16	NO_WAIT	2670586.16	5	6	6	7	20	|	0	0	0	0	1	|	859
0.50	0.50	0.50	20	NO_WAIT	3091249.02	6	7	7	8	42	|	0	0	0	0	1	|	1382
0.50	0.50	0.50	24	NO_WAIT	3480188.68	6	7	8	8	55	|	0	0	0	0	1	|	2069
0.50	0.50	0.50	28	NO_WAIT	3837136.52	7	8	8	9	66	|	0	0	0	0	1	|	2849
0.50	0.50	0.50	32	NO_WAIT	4082689.93	7	9	9	10	71	|	0	0	0	0	1	|	3672
0.50	0.50	0.50	36	NO_WAIT	4490345.69	7	9	9	10	76	|	0	0	0	0	1	|	4553
0.50	0.50	0.50	1	DL_DETECT	176344.75	5	6	6	6	8	|	0	0	0	0	0	|	0
0.50	0.50	0.50	4	DL_DETECT	683554.02	5	6	6	7	8	|	0	0	0	0	0	|	0
0.50	0.50	0.50	8	DL_DETECT	1357508.65	5	6	6	7	9	|	0	0	0	0	0	|	0
0.50	0.50	0.50	12	DL_DETECT	1998864.76	5	6	6	7	9	|	0	0	0	0	0	|	0
0.50	0.50	0.50	16	DL_DETECT	2635516.29	6	6	7	7	10	|	0	0	0	0	0	|	0
0.50	0.50	0.50	20	DL_DETECT	3034091.93	6	7	7	8	11	|	0	0	0	0	0	|	0
0.50	0.50	0.50	24	DL_DETECT	3438982.34	6	8	8	9	11	|	0	0	0	0	0	|	0
0.50	0.50	0.50	28	DL_DETECT	3804124.55	7	8	8	9	12	|	0	0	0	0	0	|	0
0.50	0.50	0.50	32	DL_DETECT	4032076.39	7	9	9	10	13	|	0	0	0	0	0	|	0
0.50	0.50	0.50	36	DL_DETECT	4417982.83	8	9	9	10	16	|	0	0	0	0	0	|	0
0.50	0.50	0.50	1	MVCC	126665.55	6	7	8	8	418	|	0	0	0	0	0	|	0
0.50	0.50	0.50	4	MVCC	472767.21	7	8	8	9	443	|	0	0	0	0	0	|	11
0.50	0.50	0.50	8	MVCC	897098.20	7	9	9	10	432	|	0	0	0	0	0	|	42
0.50	0.50	0.50	12	MVCC	1301940.99	8	9	9	11	445	|	0	0	0	0	0	|	115
0.50	0.50	0.50	16	MVCC	1597105.29	8	9	10	11	508	|	0	0	0	0	0	|	257
0.50	0.50	0.50	20	MVCC	1854733.04	9	11	12	14	478	|	0	0	0	0	0	|	345
0.50	0.50	0.50	24	MVCC	2073490.87	10	12	12	14	495	|	0	0	0	0	0	|	545
0.50	0.50	0.50	28	MVCC	2311050.67	10	12	13	14	501	|	0	0	0	0	0	|	685
0.50	0.50	0.50	32	MVCC	2519489.45	11	13	14	15	517	|	0	0	0	0	0	|	839
0.50	0.50	0.50	36	MVCC	2779698.50	11	13	14	16	462	|	0	0	0	0	0	|	1013
0.50	0.50	0.50	1	OCC	164250.64	6	6	6	7	8	|	0	0	0	0	0	|	0
0.50	0.50	0.50	4	OCC	620498.23	6	7	7	7	9	|	0	0	0	0	0	|	48
0.50	0.50	0.50	8	OCC	1240736.39	6	7	7	7	10	|	0	0	0	0	0	|	224
0.50	0.50	0.50	12	OCC	1846313.73	6	7	7	7	21	|	0	0	0	0	1	|	673
0.50	0.50	0.50	16	OCC	2408195.12	6	7	7	8	42	|	0	0	0	0	1	|	1106
0.50	0.50	0.50	20	OCC	2764001.17	7	8	8	9	57	|	0	0	0	0	1	|	1768
0.50	0.50	0.50	24	OCC	3108135.42	7	8	9	9	68	|	0	0	0	0	1	|	2542
0.50	0.50	0.50	28	OCC	3384980.82	8	9	9	10	78	|	0	0	0	0	1	|	3585
0.50	0.50	0.50	32	OCC	3696929.15	8	9	10	10	82	|	0	0	0	0	1	|	4626
0.50	0.50	0.50	36	OCC	3923327.22	9	10	10	11	86	|	0	0	0	0	1	|	5865
0.90	0.10	0.50	1	WAIT_DIE	185935.96	5	6	6	6	7	|	0	0	0	0	0	|	0
0.90	0.10	0.50	4	WAIT_DIE	724864.37	5	6	6	6	8	|	0	0	0	0	0	|	8
0.90	0.10	0.50	8	WAIT_DIE	1433135.46	5	6	6	6	8	|	0	0	0	0	0	|	33
0.90	0.10	0.50	12	WAIT_DIE	2108238.94	5	6	6	6	9	|	0	0	0	0	0	|	87
0.90	0.10	0.50	16	WAIT_DIE	2787079.35	5	6	6	7	10	|	0	0	0	0	0	|	165
0.90	0.10	0.50	20	WAIT_DIE	3228867.68	6	7	7	8	10	|	0	0	0	0	0	|	218
0.90	0.10	0.50	24	WAIT_DIE	3645146.01	6	7	7	8	11	|	0	0	0	0	0	|	326
0.90	0.10	0.50	28	WAIT_DIE	4090636.00	6	7	8	8	11	|	0	0	0	0	0	|	487
0.90	0.10	0.50	32	WAIT_DIE	4424866.64	7	8	8	9	12	|	0	0	0	0	0	|	650
0.90	0.10	0.50	36	WAIT_DIE	4857258.42	7	8	8	9	13	|	0	0	0	0	0	|	773
0.90	0.10	0.50	1	NO_WAIT	194345.19	5	5	5	6	7	|	0	0	0	0	0	|	0
0.90	0.10	0.50	4	NO_WAIT	742655.89	5	6	6	6	8	|	0	0	0	0	0	|	10
0.90	0.10	0.50	8	NO_WAIT	1445884.93	5	6	6	6	8	|	0	0	0	0	0	|	58
0.90	0.10	0.50	12	NO_WAIT	2146292.50	5	6	6	6	9	|	0	0	0	0	0	|	129
0.90	0.10	0.50	16	NO_WAIT	2830899.10	5	6	6	6	10	|	0	0	0	0	0	|	229
0.90	0.10	0.50	20	NO_WAIT	3291203.97	6	6	7	7	10	|	0	0	0	0	0	|	319
0.90	0.10	0.50	24	NO_WAIT	3746370.54	6	7	7	8	11	|	0	0	0	0	0	|	515
0.90	0.10	0.50	28	NO_WAIT	4178395.31	6	7	8	8	11	|	0	0	0	0	0	|	671
0.90	0.10	0.50	32	NO_WAIT	4525825.13	7	8	8	9	12	|	0	0	0	0	0	|	945
0.90	0.10	0.50	36	NO_WAIT	4956590.20	7	8	8	9	14	|	0	0	0	0	0	|	1222
0.90	0.10	0.50	1	DL_DETECT	193046.46	5	5	5	6	7	|	0	0	0	0	0	|	0
0.90	0.10	0.50	4	DL_DETECT	732263.40	5	6	6	6	8	|	0	0	0	0	0	|	0
0.90	0.10	0.50	8	DL_DETECT	1433786.50	5	6	6	6	8	|	0	0	0	0	0	|	0
0.90	0.10	0.50	12	DL_DETECT	2130112.61	5	6	6	6	9	|	0	0	0	0	0	|	0
0.90	0.10	0.50	16	DL_DETECT	2801317.10	5	6	6	6	9	|	0	0	0	0	0	|	0
0.90	0.10	0.50	20	DL_DETECT	3266609.70	6	7	7	7	10	|	0	0	0	0	0	|	0
0.90	0.10	0.50	24	DL_DETECT	3712760.84	6	7	7	8	10	|	0	0	0	0	0	|	0
0.90	0.10	0.50	28	DL_DETECT	4156677.97	6	7	8	8	11	|	0	0	0	0	0	|	0
0.90	0.10	0.50	32	DL_DETECT	4505687.34	7	8	8	9	11	|	0	0	0	0	0	|	0
0.90	0.10	0.50	36	DL_DETECT	4931239.79	7	8	8	9	12	|	0	0	0	0	0	|	0
0.90	0.10	0.50	1	MVCC	178578.06	5	6	6	6	8	|	0	0	0	0	0	|	0
0.90	0.10	0.50	4	MVCC	674693.55	5	6	6	7	9	|	0	0	0	0	0	|	0
0.90	0.10	0.50	8	MVCC	1284345.33	5	6	7	7	9	|	0	0	0	0	0	|	15
0.90	0.10	0.50	12	MVCC	1883920.03	6	6	7	7	10	|	0	0	0	0	0	|	27
0.90	0.10	0.50	16	MVCC	2436755.93	6	7	7	8	11	|	0	0	0	0	0	|	46
0.90	0.10	0.50	20	MVCC	2828887.74	6	8	8	9	13	|	0	0	0	0	0	|	63
0.90	0.10	0.50	24	MVCC	3186237.47	7	8	9	10	12	|	0	0	0	0	0	|	71
0.90	0.10	0.50	28	MVCC	3482806.52	7	9	9	10	14	|	0	0	0	0	0	|	141
0.90	0.10	0.50	32	MVCC	3789527.19	8	9	10	11	14	|	0	0	0	0	0	|	177
0.90	0.10	0.50	36	MVCC	4106682.24	8	9	10	11	16	|	0	0	0	0	0	|	225
0.90	0.10	0.50	1	OCC	164002.27	6	6	6	7	8	|	0	0	0	0	0	|	0
0.90	0.10	0.50	4	OCC	631177.54	6	7	7	7	9	|	0	0	0	0	0	|	6
0.90	0.10	0.50	8	OCC	1266729.10	6	7	7	7	9	|	0	0	0	0	0	|	57
0.90	0.10	0.50	12	OCC	1902961.10	6	6	7	7	10	|	0	0	0	0	0	|	115
0.90	0.10	0.50	16	OCC	2471981.79	6	7	7	7	10	|	0	0	0	0	0	|	226
0.90	0.10	0.50	20	OCC	2837029.32	6	7	8	9	11	|	0	0	0	0	0	|	379
0.90	0.10	0.50	24	OCC	3157212.00	7	8	9	9	12	|	0	0	0	0	0	|	487
0.90	0.10	0.50	28	OCC	3527803.73	7	9	9	10	13	|	0	0	0	0	0	|	704
0.90	0.10	0.50	32	OCC	3849224.37	8	9	9	10	13	|	0	0	0	0	0	|	904
0.90	0.10	0.50	36	OCC	4097694.01	8	10	10	11	17	|	0	0	0	0	0	|	1150
1.00	0.00	0.50	1	WAIT_DIE	196224.16	5	5	5	6	7	|	0	0	0	0	0	|	0
1.00	0.00	0.50	4	WAIT_DIE	749523.49	5	6	6	6	8	|	0	0	0	0	0	|	0
1.00	0.00	0.50	8	WAIT_DIE	1444206.92	5	6	6	6	8	|	0	0	0	0	0	|	0
1.00	0.00	0.50	12	WAIT_DIE	2158753.92	5	6	6	6	9	|	0	0	0	0	0	|	0
1.00	0.00	0.50	16	WAIT_DIE	2820866.58	5	6	6	6	9	|	0	0	0	0	0	|	0
1.00	0.00	0.50	20	WAIT_DIE	3270997.02	6	7	7	7	10	|	0	0	0	0	0	|	0
1.00	0.00	0.50	24	WAIT_DIE	3718965.32	6	7	7	8	10	|	0	0	0	0	0	|	0
1.00	0.00	0.50	28	WAIT_DIE	4195770.61	6	7	8	8	11	|	0	0	0	0	0	|	0
1.00	0.00	0.50	32	WAIT_DIE	4592512.85	6	8	8	8	11	|	0	0	0	0	0	|	0
1.00	0.00	0.50	36	WAIT_DIE	5006980.98	7	8	8	9	12	|	0	0	0	0	0	|	0
1.00	0.00	0.50	1	NO_WAIT	201089.00	4	5	5	6	7	|	0	0	0	0	0	|	0
1.00	0.00	0.50	4	NO_WAIT	754534.23	5	5	6	6	8	|	0	0	0	0	0	|	0
1.00	0.00	0.50	8	NO_WAIT	1469033.45	5	6	6	6	8	|	0	0	0	0	0	|	0
1.00	0.00	0.50	12	NO_WAIT	2182785.69	5	6	6	6	8	|	0	0	0	0	0	|	0
1.00	0.00	0.50	16	NO_WAIT	2869497.06	5	6	6	6	9	|	0	0	0	0	0	|	0
1.00	0.00	0.50	20	NO_WAIT	3330266.19	5	6	7	7	10	|	0	0	0	0	0	|	0
1.00	0.00	0.50	24	NO_WAIT	3756057.91	6	7	7	8	10	|	0	0	0	0	0	|	0
1.00	0.00	0.50	28	NO_WAIT	4285642.87	6	7	7	8	10	|	0	0	0	0	0	|	0
1.00	0.00	0.50	32	NO_WAIT	4699945.89	6	7	8	8	11	|	0	0	0	0	0	|	0
1.00	0.00	0.50	36	NO_WAIT	5145372.27	6	8	8	9	11	|	0	0	0	0	0	|	0
1.00	0.00	0.50	1	DL_DETECT	197702.92	5	5	5	6	7	|	0	0	0	0	0	|	0
1.00	0.00	0.50	4	DL_DETECT	749377.52	5	6	6	6	8	|	0	0	0	0	0	|	0
1.00	0.00	0.50	8	DL_DETECT	1471368.45	5	6	6	6	8	|	0	0	0	0	0	|	0
1.00	0.00	0.50	12	DL_DETECT	2166857.00	5	6	6	6	9	|	0	0	0	0	0	|	0
1.00	0.00	0.50	16	DL_DETECT	2870056.66	5	6	6	6	9	|	0	0	0	0	0	|	0
1.00	0.00	0.50	20	DL_DETECT	3319202.49	5	6	7	7	10	|	0	0	0	0	0	|	0
1.00	0.00	0.50	24	DL_DETECT	3815679.37	6	7	7	8	10	|	0	0	0	0	0	|	0
1.00	0.00	0.50	28	DL_DETECT	4269341.98	6	7	7	8	10	|	0	0	0	0	0	|	0
1.00	0.00	0.50	32	DL_DETECT	4655241.66	6	7	8	8	11	|	0	0	0	0	0	|	0
1.00	0.00	0.50	36	DL_DETECT	5071355.85	7	8	8	9	11	|	0	0	0	0	0	|	0
1.00	0.00	0.50	1	MVCC	209059.18	4	5	5	5	7	|	0	0	0	0	0	|	0
1.00	0.00	0.50	4	MVCC	790443.38	5	5	5	6	7	|	0	0	0	0	0	|	0
1.00	0.00	0.50	8	MVCC	1544079.91	5	5	6	6	8	|	0	0	0	0	0	|	0
1.00	0.00	0.50	12	MVCC	2282267.13	5	5	6	6	9	|	0	0	0	0	0	|	0
1.00	0.00	0.50	16	MVCC	2984024.15	5	6	6	6	9	|	0	0	0	0	0	|	0
1.00	0.00	0.50	20	MVCC	3464434.07	5	6	6	7	10	|	0	0	0	0	0	|	0
1.00	0.00	0.50	24	MVCC	4005299.35	5	6	7	7	10	|	0	0	0	0	0	|	0
1.00	0.00	0.50	28	MVCC	4416515.57	6	7	7	8	10	|	0	0	0	0	0	|	0
1.00	0.00	0.50	32	MVCC	4793961.57	6	7	8	8	11	|	0	0	0	0	0	|	0
1.00	0.00	0.50	36	MVCC	5198713.77	6	8	8	8	11	|	0	0	0	0	0	|	0
1.00	0.00	0.50	1	OCC	166107.63	6	6	6	7	8	|	0	0	0	0	0	|	0
1.00	0.00	0.50	4	OCC	632835.25	6	7	7	7	9	|	0	0	0	0	0	|	0
1.00	0.00	0.50	8	OCC	1269490.47	6	7	7	7	9	|	0	0	0	0	0	|	0
1.00	0.00	0.50	12	OCC	1899784.43	6	6	7	7	10	|	0	0	0	0	0	|	0
1.00	0.00	0.50	16	OCC	2489810.21	6	7	7	7	10	|	0	0	0	0	0	|	0
1.00	0.00	0.50	20	OCC	2821297.66	7	8	8	8	11	|	0	0	0	0	0	|	0
1.00	0.00	0.50	24	OCC	3227765.52	7	8	8	9	11	|	0	0	0	0	0	|	0
1.00	0.00	0.50	28	OCC	3549106.85	7	9	9	10	12	|	0	0	0	0	0	|	0
1.00	0.00	0.50	32	OCC	3886804.71	8	9	9	10	12	|	0	0	0	0	0	|	0
1.00	0.00	0.50	36	OCC	4200250.96	8	9	10	11	14	|	0	0	0	0	0	|	0
