Rd	Wt	Zip	T	CC	TP	P50	P90	P99	P999	Abt
0.00	1.00	0.70	1	WAIT_DIE	207623.98	4	5	6	7	8	0
0.00	1.00	0.70	4	WAIT_DIE	608894.31	6	8	9	10	94	16935
0.00	1.00	0.70	8	WAIT_DIE	1329090.36	5	7	8	15	101	79544
0.00	1.00	0.70	12	WAIT_DIE	2069887.58	5	7	8	50	108	195291
0.00	1.00	0.70	16	WAIT_DIE	2285588.23	6	9	10	69	115	361958
0.00	1.00	0.70	20	WAIT_DIE	2860196.65	6	9	10	82	172	593212
0.00	1.00	0.70	24	WAIT_DIE	3366821.96	6	8	10	96	2655	942441
0.00	1.00	0.70	28	WAIT_DIE	3735289.76	7	9	15	106	1413	1428911
0.00	1.00	0.70	32	WAIT_DIE	3752137.98	8	10	44	382	6286	2169495
0.00	1.00	0.70	36	WAIT_DIE	3494682.79	7	517	2117	6980	8989	7284367
0.00	1.00	0.70	1	NO_WAIT	200229.87	4	5	6	7	8	0
0.00	1.00	0.70	4	NO_WAIT	547169.80	7	8	9	11	100	25630
0.00	1.00	0.70	8	NO_WAIT	1395792.08	5	7	8	48	112	124446
0.00	1.00	0.70	12	NO_WAIT	1983067.02	5	7	8	76	157	304509
0.00	1.00	0.70	16	NO_WAIT	2548521.06	5	8	9	92	196	582009
0.00	1.00	0.70	20	NO_WAIT	2750351.12	7	9	11	104	250	963463
0.00	1.00	0.70	24	NO_WAIT	3297536.83	7	9	38	141	2976	1554245
0.00	1.00	0.70	28	NO_WAIT	3508241.76	7	10	61	182	5158	2295027
0.00	1.00	0.70	32	NO_WAIT	3916778.07	7	12	89	482	6448	3423145
0.00	1.00	0.70	36	NO_WAIT	3775127.36	8	523	2727	8319	8989	8420003
0.00	1.00	0.70	1	DL_DETECT	204286.75	4	5	6	7	8	0
0.00	1.00	0.70	4	DL_DETECT	570050.65	6	8	9	10	18	24
0.00	1.00	0.70	8	DL_DETECT	1377976.00	5	7	8	9	12	69
0.00	1.00	0.70	12	DL_DETECT	1840237.63	6	8	9	10	14	183
0.00	1.00	0.70	16	DL_DETECT	2626655.04	5	7	8	10	14	371
0.00	1.00	0.70	20	DL_DETECT	2677206.21	7	9	10	12	20	673
0.00	1.00	0.70	24	DL_DETECT	3752265.50	6	7	8	12	23	1182
0.00	1.00	0.70	28	DL_DETECT	3747933.31	7	8	9	15	34	2180
0.00	1.00	0.70	32	DL_DETECT	3949164.73	7	9	10	19	57	4022
0.00	1.00	0.70	36	DL_DETECT	1084059.58	7	11	225	689	1622	174673
0.00	1.00	0.70	1	MVCC	133818.84	6	7	8	9	411	0
0.00	1.00	0.70	4	MVCC	352867.80	10	12	13	14	495	7748
0.00	1.00	0.70	8	MVCC	736033.51	10	12	13	15	119	35749
0.00	1.00	0.70	12	MVCC	1154558.79	9	11	12	17	114	81966
0.00	1.00	0.70	16	MVCC	1468542.44	10	12	13	26	117	151714
0.00	1.00	0.70	20	MVCC	1742581.43	10	13	14	42	120	236213
0.00	1.00	0.70	24	MVCC	1870123.05	11	14	16	58	126	344368
0.00	1.00	0.70	28	MVCC	2003388.15	12	15	17	69	132	466975
0.00	1.00	0.70	32	MVCC	1806973.86	12	15	17	77	370	587868
0.00	1.00	0.70	36	MVCC	1277666.39	13	18	21	89	2231	737728
0.00	1.00	0.70	1	OCC	196380.17	4	5	6	7	8	0
0.00	1.00	0.70	4	OCC	566889.51	6	8	9	28	106	44897
0.00	1.00	0.70	8	OCC	1147358.92	6	8	9	78	116	219981
0.00	1.00	0.70	12	OCC	1733503.33	6	8	9	93	155	525871
0.00	1.00	0.70	16	OCC	2191211.44	7	9	28	102	183	970314
0.00	1.00	0.70	20	OCC	2632545.84	7	9	50	109	212	1542568
0.00	1.00	0.70	24	OCC	3092102.19	7	10	66	124	258	2276470
0.00	1.00	0.70	28	OCC	3779697.67	6	23	81	163	322	3259457
0.00	1.00	0.70	32	OCC	3502177.65	8	36	88	173	372	4231975
0.00	1.00	0.70	36	OCC	3757237.90	7	41	96	266	1028	4889210
0.00	1.00	0.70	1	HEKATON	149469.98	6	7	8	9	414	0
0.00	1.00	0.70	4	HEKATON	467011.07	7	9	10	49	475	53314
0.00	1.00	0.70	8	HEKATON	866553.22	8	10	11	90	399	251974
0.00	1.00	0.70	12	HEKATON	1328033.50	8	10	17	105	467	616925
0.00	1.00	0.70	16	HEKATON	1771494.43	8	11	50	127	568	1169031
0.00	1.00	0.70	20	HEKATON	2043765.73	9	13	76	187	1295	1981155
0.00	1.00	0.70	24	HEKATON	2259719.29	10	38	97	293	4168	3128225
0.00	1.00	0.70	28	HEKATON	2547965.13	10	65	116	539	7039	4563787
0.00	1.00	0.70	32	HEKATON	2517166.11	11	92	180	1458	8985	6615412
0.00	1.00	0.70	36	HEKATON	1671417.18	12	823	4788	8989	8990	12685793
0.10	0.90	0.70	1	WAIT_DIE	208954.64	4	5	6	7	8	0
0.10	0.90	0.70	4	WAIT_DIE	667456.34	5	7	8	9	90	16094
0.10	0.90	0.70	8	WAIT_DIE	1342147.51	5	7	8	13	100	76935
0.10	0.90	0.70	12	WAIT_DIE	2095388.38	5	7	8	46	105	189127
0.10	0.90	0.70	16	WAIT_DIE	2595892.43	5	7	8	66	108	351015
0.10	0.90	0.70	20	WAIT_DIE	2797833.89	6	9	10	81	143	583810
0.10	0.90	0.70	24	WAIT_DIE	3282919.96	6	9	10	93	652	913528
0.10	0.90	0.70	28	WAIT_DIE	3661928.12	7	9	13	102	1822	1339973
0.10	0.90	0.70	32	WAIT_DIE	3815719.28	7	10	54	1275	7820	2312382
0.10	0.90	0.70	36	WAIT_DIE	3560367.39	7	477	2089	6867	8989	6991431
0.10	0.90	0.70	1	NO_WAIT	200679.40	4	5	6	7	8	0
0.10	0.90	0.70	4	NO_WAIT	625255.96	6	7	8	9	99	24585
0.10	0.90	0.70	8	NO_WAIT	1324497.61	5	7	8	48	113	123735
0.10	0.90	0.70	12	NO_WAIT	1850109.77	6	8	9	76	150	301899
0.10	0.90	0.70	16	NO_WAIT	2588217.33	6	7	8	90	180	575613
0.10	0.90	0.70	20	NO_WAIT	3056546.61	6	8	11	103	342	971259
0.10	0.90	0.70	24	NO_WAIT	3219255.48	7	9	34	125	531	1492815
0.10	0.90	0.70	28	NO_WAIT	3652516.80	7	10	56	163	723	2177136
0.10	0.90	0.70	32	NO_WAIT	3786299.09	8	13	90	612	8094	3421762
0.10	0.90	0.70	36	NO_WAIT	4173004.27	7	347	2364	7579	8989	7864932
0.10	0.90	0.70	1	DL_DETECT	209505.27	4	5	6	7	8	0
0.10	0.90	0.70	4	DL_DETECT	738805.83	5	6	7	8	10	14
0.10	0.90	0.70	8	DL_DETECT	1522837.78	5	6	7	8	10	92
0.10	0.90	0.70	12	DL_DETECT	1883153.42	5	8	9	10	14	196
0.10	0.90	0.70	16	DL_DETECT	2489262.97	6	7	8	10	15	394
0.10	0.90	0.70	20	DL_DETECT	2827906.25	6	8	9	12	19	641
0.10	0.90	0.70	24	DL_DETECT	3186451.70	6	9	10	14	26	1162
0.10	0.90	0.70	28	DL_DETECT	3812291.36	6	8	9	15	33	1996
0.10	0.90	0.70	32	DL_DETECT	3460505.16	8	11	12	20	58	3864
0.10	0.90	0.70	36	DL_DETECT	1080608.16	7	11	226	692	1632	172827
0.10	0.90	0.70	1	MVCC	138332.64	6	7	8	9	411	0
0.10	0.90	0.70	4	MVCC	408266.81	8	10	11	12	425	7020
0.10	0.90	0.70	8	MVCC	784493.61	9	11	12	14	113	32342
0.10	0.90	0.70	12	MVCC	1114707.47	10	12	13	17	114	75739
0.10	0.90	0.70	16	MVCC	1574786.62	9	11	12	21	113	133998
0.10	0.90	0.70	20	MVCC	1766262.52	10	13	14	37	119	218991
0.10	0.90	0.70	24	MVCC	2092446.30	10	12	13	48	120	309254
0.10	0.90	0.70	28	MVCC	2073052.14	11	14	16	61	128	426979
0.10	0.90	0.70	32	MVCC	2075707.09	11	14	15	70	211	539114
0.10	0.90	0.70	36	MVCC	1377227.51	12	15	18	81	1061	677722
0.10	0.90	0.70	1	OCC	202737.06	4	5	6	7	8	0
0.10	0.90	0.70	4	OCC	593158.10	6	8	9	20	104	40278
0.10	0.90	0.70	8	OCC	1153589.40	6	8	9	74	113	196996
0.10	0.90	0.70	12	OCC	2007403.63	5	7	9	90	153	467493
0.10	0.90	0.70	16	OCC	2390589.87	6	8	17	99	173	873218
0.10	0.90	0.70	20	OCC	2686509.63	7	9	42	107	200	1398862
0.10	0.90	0.70	24	OCC	3039086.56	7	10	59	115	242	2045189
0.10	0.90	0.70	28	OCC	3411563.23	7	13	72	139	284	2890470
0.10	0.90	0.70	32	OCC	3818046.83	7	27	83	166	344	3892162
0.10	0.90	0.70	36	OCC	3665619.80	7	29	88	232	1071	4329758
0.10	0.90	0.70	1	HEKATON	155381.37	5	6	7	8	409	0
0.10	0.90	0.70	4	HEKATON	486146.87	7	9	10	35	303	46317
0.10	0.90	0.70	8	HEKATON	943471.53	7	10	11	86	517	226730
0.10	0.90	0.70	12	HEKATON	1451475.98	7	9	11	99	371	538085
0.10	0.90	0.70	16	HEKATON	1777668.39	8	10	36	111	603	1013795
0.10	0.90	0.70	20	HEKATON	2038373.39	9	12	63	156	1282	1710731
0.10	0.90	0.70	24	HEKATON	2466696.78	9	18	81	196	1683	2540817
0.10	0.90	0.70	28	HEKATON	2624917.60	10	43	99	299	4196	3732651
0.10	0.90	0.70	32	HEKATON	2825628.49	10	70	126	971	8985	5435647
0.10	0.90	0.70	36	HEKATON	1989574.61	12	218	2263	8989	8990	9255417
0.50	0.50	0.70	1	WAIT_DIE	230566.40	4	5	6	7	8	0
0.50	0.50	0.70	4	WAIT_DIE	625639.79	6	7	8	9	81	12356
0.50	0.50	0.70	8	WAIT_DIE	1610401.03	4	5	6	8	96	58800
0.50	0.50	0.70	12	WAIT_DIE	2077058.38	5	7	8	25	102	140677
0.50	0.50	0.70	16	WAIT_DIE	2656802.90	5	7	8	50	106	261426
0.50	0.50	0.70	20	WAIT_DIE	2944789.45	6	8	9	71	333	443906
0.50	0.50	0.70	24	WAIT_DIE	3700931.90	6	8	9	81	1151	666488
0.50	0.50	0.70	28	WAIT_DIE	3877127.78	6	8	10	104	3293	1065161
0.50	0.50	0.70	32	WAIT_DIE	3998359.25	7	9	15	523	7291	1594335
0.50	0.50	0.70	36	WAIT_DIE	4245361.78	6	127	1405	5793	8989	5449533
0.50	0.50	0.70	1	NO_WAIT	222523.06	4	5	6	7	8	0
0.50	0.50	0.70	4	NO_WAIT	714435.22	5	6	7	8	92	18382
0.50	0.50	0.70	8	NO_WAIT	1546947.21	4	6	7	22	104	91494
0.50	0.50	0.70	12	NO_WAIT	2166825.52	5	7	8	58	119	220584
0.50	0.50	0.70	16	NO_WAIT	2720520.61	5	7	8	77	161	413145
0.50	0.50	0.70	20	NO_WAIT	3086931.25	6	8	9	91	201	690222
0.50	0.50	0.70	24	NO_WAIT	3806798.44	6	7	9	100	297	1050733
0.50	0.50	0.70	28	NO_WAIT	3782671.35	7	9	19	117	1970	1545298
0.50	0.50	0.70	32	NO_WAIT	4211587.73	7	9	57	494	7589	2403807
0.50	0.50	0.70	36	NO_WAIT	4664577.34	6	207	1867	7168	8989	6483765
0.50	0.50	0.70	1	DL_DETECT	226216.44	4	5	6	7	8	0
0.50	0.50	0.70	4	DL_DETECT	648928.16	5	7	8	9	19	27
0.50	0.50	0.70	8	DL_DETECT	1576146.54	4	6	7	8	10	50
0.50	0.50	0.70	12	DL_DETECT	2104452.14	5	7	8	9	12	85
0.50	0.50	0.70	16	DL_DETECT	2796390.47	5	7	8	9	13	241
0.50	0.50	0.70	20	DL_DETECT	2956056.59	6	8	9	11	18	422
0.50	0.50	0.70	24	DL_DETECT	3444749.81	6	8	9	11	20	618
0.50	0.50	0.70	28	DL_DETECT	3832591.18	6	9	10	13	27	1175
0.50	0.50	0.70	32	DL_DETECT	3952311.94	7	9	10	15	43	1990
0.50	0.50	0.70	36	DL_DETECT	1247140.20	6	9	176	597	1256	113547
0.50	0.50	0.70	1	MVCC	166046.69	5	6	7	8	406	0
0.50	0.50	0.70	4	MVCC	475394.16	7	9	10	11	422	4088
0.50	0.50	0.70	8	MVCC	874293.41	8	10	11	12	105	19122
0.50	0.50	0.70	12	MVCC	1343317.65	8	10	11	12	105	44583
0.50	0.50	0.70	16	MVCC	1923970.18	7	9	10	13	104	79059
0.50	0.50	0.70	20	MVCC	2140116.33	8	10	11	16	108	125883
0.50	0.50	0.70	24	MVCC	2378244.23	9	11	12	19	111	181020
0.50	0.50	0.70	28	MVCC	2587599.98	9	12	13	24	113	246634
0.50	0.50	0.70	32	MVCC	2868369.95	9	11	12	26	114	322466
0.50	0.50	0.70	36	MVCC	2326429.80	10	13	14	38	123	392460
0.50	0.50	0.70	1	OCC	199753.46	4	5	6	7	8	0
0.50	0.50	0.70	4	OCC	555527.39	6	8	9	10	99	22587
0.50	0.50	0.70	8	OCC	1133803.55	6	8	9	41	107	109243
0.50	0.50	0.70	12	OCC	1783237.58	6	8	9	68	111	261131
0.50	0.50	0.70	16	OCC	2293236.44	6	8	9	82	127	478051
0.50	0.50	0.70	20	OCC	2806661.05	6	8	10	91	159	752775
0.50	0.50	0.70	24	OCC	3422925.41	6	9	13	99	180	1145563
0.50	0.50	0.70	28	OCC	3583427.20	7	9	25	105	204	1590185
0.50	0.50	0.70	32	OCC	4260774.28	6	9	41	112	254	2172913
0.50	0.50	0.70	36	OCC	3840659.88	7	10	47	152	973	2440877
0.50	0.50	0.70	1	HEKATON	180945.13	5	6	7	8	414	0
0.50	0.50	0.70	4	HEKATON	543444.35	6	8	9	11	170	24308
0.50	0.50	0.70	8	HEKATON	1055479.02	7	9	10	48	157	116696
0.50	0.50	0.70	12	HEKATON	1583348.85	7	9	10	72	145	270947
0.50	0.50	0.70	16	HEKATON	2046652.10	7	9	10	86	238	499300
0.50	0.50	0.70	20	HEKATON	2613614.46	7	9	10	95	475	791253
0.50	0.50	0.70	24	HEKATON	2850327.36	8	10	16	101	508	1179025
0.50	0.50	0.70	28	HEKATON	3203670.24	8	10	35	118	5574	1762159
0.50	0.50	0.70	32	HEKATON	3422354.52	8	11	61	1137	8985	2549109
0.50	0.50	0.70	36	HEKATON	3324844.99	8	29	114	8148	8989	4204797
0.90	0.10	0.70	1	WAIT_DIE	251335.81	3	4	5	6	7	0
0.90	0.10	0.70	4	WAIT_DIE	680632.14	5	7	8	9	20	3034
0.90	0.10	0.70	8	WAIT_DIE	1502580.22	5	6	7	8	57	14699
0.90	0.10	0.70	12	WAIT_DIE	2594184.32	4	5	6	7	76	34253
0.90	0.10	0.70	16	WAIT_DIE	2725984.31	5	7	8	9	86	63064
0.90	0.10	0.70	20	WAIT_DIE	3240742.28	6	7	8	9	93	101044
0.90	0.10	0.70	24	WAIT_DIE	3600569.06	6	8	9	10	103	155991
0.90	0.10	0.70	28	WAIT_DIE	4973728.71	5	6	7	18	2314	281575
0.90	0.10	0.70	32	WAIT_DIE	4805941.02	6	7	8	433	6572	649572
0.90	0.10	0.70	36	WAIT_DIE	4729018.35	6	81	2275	7891	8989	4165761
0.90	0.10	0.70	1	NO_WAIT	252778.61	3	4	5	6	7	0
0.90	0.10	0.70	4	NO_WAIT	763344.52	5	6	7	8	33	4655
0.90	0.10	0.70	8	NO_WAIT	1423043.00	5	7	8	9	81	22633
0.90	0.10	0.70	12	NO_WAIT	2069681.82	5	7	8	9	98	55223
0.90	0.10	0.70	16	NO_WAIT	2771790.94	5	7	8	9	100	100387
0.90	0.10	0.70	20	NO_WAIT	3422955.82	5	7	8	9	105	162781
0.90	0.10	0.70	24	NO_WAIT	3736415.94	6	7	8	21	292	260630
0.90	0.10	0.70	28	NO_WAIT	4162025.16	6	8	9	47	2026	385841
0.90	0.10	0.70	32	NO_WAIT	4573893.81	6	8	9	100	5532	671878
0.90	0.10	0.70	36	NO_WAIT	5246497.43	5	46	2173	7704	8989	3994525
0.90	0.10	0.70	1	DL_DETECT	258864.34	3	4	5	6	7	0
0.90	0.10	0.70	4	DL_DETECT	853744.69	4	5	6	7	9	0
0.90	0.10	0.70	8	DL_DETECT	1655693.12	4	5	6	7	9	1
0.90	0.10	0.70	12	DL_DETECT	2151407.64	5	7	8	9	10	8
0.90	0.10	0.70	16	DL_DETECT	2830493.66	5	7	8	9	12	9
0.90	0.10	0.70	20	DL_DETECT	3253536.24	5	7	8	9	13	19
0.90	0.10	0.70	24	DL_DETECT	4110632.14	5	6	7	8	14	66
0.90	0.10	0.70	28	DL_DETECT	4434375.46	6	7	8	9	16	71
0.90	0.10	0.70	32	DL_DETECT	4942438.55	6	7	8	10	20	304
0.90	0.10	0.70	36	DL_DETECT	1782231.02	6	8	10	474	984	17224
0.90	0.10	0.70	1	MVCC	234572.09	4	5	6	7	8	0
0.90	0.10	0.70	4	MVCC	595757.75	6	8	9	10	22	901
0.90	0.10	0.70	8	MVCC	1185039.36	6	8	9	10	29	4122
0.90	0.10	0.70	12	MVCC	1809434.08	6	7	8	9	36	9502
0.90	0.10	0.70	16	MVCC	2493485.80	6	7	8	9	50	17252
0.90	0.10	0.70	20	MVCC	2883995.65	6	8	9	10	60	26819
0.90	0.10	0.70	24	MVCC	3370397.00	6	8	9	10	69	38552
0.90	0.10	0.70	28	MVCC	3826000.16	6	8	9	10	74	52001
0.90	0.10	0.70	32	MVCC	3801589.03	7	9	10	11	81	64938
0.90	0.10	0.70	36	MVCC	3807218.29	7	9	10	11	86	80285
0.90	0.10	0.70	1	OCC	207110.57	4	5	6	7	8	0
0.90	0.10	0.70	4	OCC	573996.20	6	8	9	10	44	4640
0.90	0.10	0.70	8	OCC	1134132.85	6	8	9	10	82	21933
0.90	0.10	0.70	12	OCC	1683420.20	6	8	9	10	92	52137
0.90	0.10	0.70	16	OCC	2242759.93	6	8	9	11	99	94432
0.90	0.10	0.70	20	OCC	2767327.13	7	8	9	14	103	151216
0.90	0.10	0.70	24	OCC	3145099.37	7	9	10	18	106	223297
0.90	0.10	0.70	28	OCC	3833279.58	7	8	9	27	108	311809
0.90	0.10	0.70	32	OCC	3968559.62	7	9	10	40	113	409307
0.90	0.10	0.70	36	OCC	4341334.05	6	8	10	70	809	516889
0.90	0.10	0.70	1	HEKATON	252309.90	3	4	5	6	7	0
0.90	0.10	0.70	4	HEKATON	635769.45	5	7	8	9	71	4730
0.90	0.10	0.70	8	HEKATON	1241084.41	6	7	8	9	89	21866
0.90	0.10	0.70	12	HEKATON	1869844.30	6	8	9	10	95	51138
0.90	0.10	0.70	16	HEKATON	2384885.61	6	8	9	10	100	93183
0.90	0.10	0.70	20	HEKATON	2996600.80	6	8	9	12	103	148849
0.90	0.10	0.70	24	HEKATON	3665606.00	6	7	8	14	104	210439
0.90	0.10	0.70	28	HEKATON	4298310.93	6	7	8	22	106	297798
0.90	0.10	0.70	32	HEKATON	4223685.46	6	8	9	55	5747	462811
0.90	0.10	0.70	36	HEKATON	4265177.56	6	8	9	103	8989	732904
1.00	0.00	0.70	1	WAIT_DIE	269264.41	3	4	5	6	7	0
1.00	0.00	0.70	4	WAIT_DIE	770691.09	5	6	7	8	14	0
1.00	0.00	0.70	8	WAIT_DIE	1513662.25	5	6	7	8	9	0
1.00	0.00	0.70	12	WAIT_DIE	2141953.46	5	6	7	8	10	0
1.00	0.00	0.70	16	WAIT_DIE	3002594.83	5	6	7	8	10	0
1.00	0.00	0.70	20	WAIT_DIE	3547045.48	5	6	7	8	11	0
1.00	0.00	0.70	24	WAIT_DIE	4227165.80	5	6	7	8	13	0
1.00	0.00	0.70	28	WAIT_DIE	4436638.40	6	7	8	9	15	0
1.00	0.00	0.70	32	WAIT_DIE	4592320.54	6	8	9	10	17	0
1.00	0.00	0.70	36	WAIT_DIE	4646646.66	6	8	9	10	18	0
1.00	0.00	0.70	1	NO_WAIT	271770.17	3	4	5	6	7	0
1.00	0.00	0.70	4	NO_WAIT	725315.74	5	6	7	8	17	0
1.00	0.00	0.70	8	NO_WAIT	1555067.42	4	6	7	8	9	0
1.00	0.00	0.70	12	NO_WAIT	2665552.41	4	5	6	7	8	0
1.00	0.00	0.70	16	NO_WAIT	2830409.12	5	7	8	9	10	0
1.00	0.00	0.70	20	NO_WAIT	3351918.62	5	7	8	9	11	0
1.00	0.00	0.70	24	NO_WAIT	3854316.80	6	7	8	9	12	0
1.00	0.00	0.70	28	NO_WAIT	4520174.06	5	7	8	9	14	0
1.00	0.00	0.70	32	NO_WAIT	4650382.65	6	8	9	10	17	0
1.00	0.00	0.70	36	NO_WAIT	5508589.34	5	6	7	8	18	0
1.00	0.00	0.70	1	DL_DETECT	264834.71	3	4	5	6	7	0
1.00	0.00	0.70	4	DL_DETECT	824689.86	4	5	6	7	10	0
1.00	0.00	0.70	8	DL_DETECT	1472682.09	5	6	7	8	9	0
1.00	0.00	0.70	12	DL_DETECT	2236777.18	5	6	7	8	9	0
1.00	0.00	0.70	16	DL_DETECT	2891581.42	5	6	7	8	10	0
1.00	0.00	0.70	20	DL_DETECT	3681667.53	5	6	7	8	11	0
1.00	0.00	0.70	24	DL_DETECT	4093499.27	5	7	8	9	13	0
1.00	0.00	0.70	28	DL_DETECT	4382857.68	6	7	8	9	14	0
1.00	0.00	0.70	32	DL_DETECT	4720571.99	6	8	9	10	15	0
1.00	0.00	0.70	36	DL_DETECT	4749579.97	6	7	8	9	16	0
1.00	0.00	0.70	1	MVCC	289900.05	3	4	5	6	7	0
1.00	0.00	0.70	4	MVCC	749470.73	5	6	7	8	18	0
1.00	0.00	0.70	8	MVCC	1490645.37	5	6	7	8	16	0
1.00	0.00	0.70	12	MVCC	2347788.89	4	6	7	8	9	0
1.00	0.00	0.70	16	MVCC	3163245.97	4	6	7	8	9	0
1.00	0.00	0.70	20	MVCC	3841593.07	5	6	7	8	12	0
1.00	0.00	0.70	24	MVCC	4331928.20	5	6	7	8	13	0
1.00	0.00	0.70	28	MVCC	4987376.74	5	6	7	8	11	0
1.00	0.00	0.70	32	MVCC	5480353.27	5	6	7	8	13	0
1.00	0.00	0.70	36	MVCC	6085714.45	5	6	7	8	17	0
1.00	0.00	0.70	1	OCC	206183.68	4	5	6	7	8	0
1.00	0.00	0.70	4	OCC	593771.73	6	8	9	10	19	0
1.00	0.00	0.70	8	OCC	1280690.37	6	7	8	9	12	0
1.00	0.00	0.70	12	OCC	1977126.43	5	7	8	9	12	0
1.00	0.00	0.70	16	OCC	2297349.53	6	8	9	10	14	0
1.00	0.00	0.70	20	OCC	2920733.32	6	8	9	10	15	0
1.00	0.00	0.70	24	OCC	3404019.73	6	8	9	10	17	0
1.00	0.00	0.70	28	OCC	3966182.47	6	8	9	11	19	0
1.00	0.00	0.70	32	OCC	4332899.79	6	9	10	12	21	0
1.00	0.00	0.70	36	OCC	4362544.32	6	8	9	12	431	0
1.00	0.00	0.70	1	HEKATON	328276.38	3	4	5	6	7	0
1.00	0.00	0.70	4	HEKATON	786835.68	4	6	7	8	17	0
1.00	0.00	0.70	8	HEKATON	1506567.88	5	6	7	8	9	0
1.00	0.00	0.70	12	HEKATON	2340282.98	4	6	7	8	13	0
1.00	0.00	0.70	16	HEKATON	3128439.39	4	6	7	8	11	0
1.00	0.00	0.70	20	HEKATON	4095493.52	4	6	7	8	12	0
1.00	0.00	0.70	24	HEKATON	4677516.14	4	6	7	8	16	0
1.00	0.00	0.70	28	HEKATON	5268229.07	5	6	7	8	14	0
1.00	0.00	0.70	32	HEKATON	5162998.36	5	7	8	9	17	0
1.00	0.00	0.70	36	HEKATON	5588805.91	6	8	9	10	13	0
0.00	1.00	0.90	1	WAIT_DIE	277658.47	3	4	5	6	7	0
0.00	1.00	0.90	4	WAIT_DIE	842162.08	4	22	69	105	209	497934
0.00	1.00	0.90	8	WAIT_DIE	1050717.17	4	71	99	199	6520	1745655
0.00	1.00	0.90	12	WAIT_DIE	1136803.79	4	82	109	311	8965	2757262
0.00	1.00	0.90	16	WAIT_DIE	1144151.72	5	91	135	1623	8969	3961246
0.00	1.00	0.90	20	WAIT_DIE	1218506.06	4	93	144	2940	8973	4863226
0.00	1.00	0.90	24	WAIT_DIE	1225996.61	4	98	166	4059	8977	6168742
0.00	1.00	0.90	28	WAIT_DIE	1364907.04	4	93	154	4605	8981	6105107
0.00	1.00	0.90	32	WAIT_DIE	1200360.95	5	114	225	5778	8985	9054770
0.00	1.00	0.90	36	WAIT_DIE	1260858.08	5	114	237	6245	8989	10038588
0.00	1.00	0.90	1	NO_WAIT	268671.43	3	4	5	6	7	0
0.00	1.00	0.90	4	NO_WAIT	787379.62	4	55	93	186	3133	731693
0.00	1.00	0.90	8	NO_WAIT	904674.39	4	84	131	1058	8961	1826607
0.00	1.00	0.90	12	NO_WAIT	954964.13	4	97	169	4253	8965	2978072
0.00	1.00	0.90	16	NO_WAIT	963027.32	4	109	224	6377	8969	4341110
0.00	1.00	0.90	20	NO_WAIT	1006478.81	4	125	284	7750	8973	5735757
0.00	1.00	0.90	24	NO_WAIT	1044432.87	4	136	433	8812	8977	6816254
0.00	1.00	0.90	28	NO_WAIT	1003902.32	5	176	1467	8981	8982	9367432
0.00	1.00	0.90	32	NO_WAIT	1047587.37	5	190	2123	8985	8986	10537843
0.00	1.00	0.90	36	NO_WAIT	1095671.25	4	196	2565	8989	8990	11842735
0.00	1.00	0.90	1	DL_DETECT	278988.35	3	4	5	6	7	0
0.00	1.00	0.90	4	DL_DETECT	782495.03	4	6	8	11	87	10474
0.00	1.00	0.90	8	DL_DETECT	1097619.87	5	13	19	70	162	120667
0.00	1.00	0.90	12	DL_DETECT	700324.19	7	50	107	260	603	837335
0.00	1.00	0.90	16	DL_DETECT	386662.18	20	237	407	962	2215	2999071
0.00	1.00	0.90	20	DL_DETECT	254684.23	62	632	1085	2720	6954	6732453
0.00	1.00	0.90	24	DL_DETECT	173481.76	127	1528	2664	7258	8977	12295909
0.00	1.00	0.90	28	DL_DETECT	125650.92	235	3293	5879	8803	8804	19853125
0.00	1.00	0.90	32	DL_DETECT	96555.11	430	6406	8572	8573	8574	29500299
0.00	1.00	0.90	36	DL_DETECT	59506.46	1009	8272	8273	8274	8275	42205788
0.00	1.00	0.90	1	MVCC	173526.63	5	6	7	8	488	0
0.00	1.00	0.90	4	MVCC	419305.28	8	11	20	101	566	198067
0.00	1.00	0.90	8	MVCC	698408.17	8	25	79	142	646	857353
0.00	1.00	0.90	12	MVCC	756378.87	9	91	159	554	1457	2092335
0.00	1.00	0.90	16	MVCC	632496.15	14	389	917	3316	8969	4929033
0.00	1.00	0.90	20	MVCC	506905.36	30	1579	3657	8973	8974	9635869
0.00	1.00	0.90	24	MVCC	417571.30	47	3921	8977	8978	8979	15245717
0.00	1.00	0.90	28	MVCC	354760.37	65	8141	8981	8982	8983	22111822
0.00	1.00	0.90	32	MVCC	308727.06	90	8985	8986	8987	8988	30154295
0.00	1.00	0.90	36	MVCC	259929.86	246	8989	8990	8991	8992	39101850
0.00	1.00	0.90	1	OCC	261516.65	3	4	5	6	7	0
0.00	1.00	0.90	4	OCC	650591.46	5	79	104	190	461	1050626
0.00	1.00	0.90	8	OCC	834585.85	5	108	169	459	8961	3300284
0.00	1.00	0.90	12	OCC	911662.18	5	129	207	2861	8965	5821972
0.00	1.00	0.90	16	OCC	945817.35	5	173	302	5139	8969	8335922
0.00	1.00	0.90	20	OCC	983476.90	6	206	415	6571	8973	13213543
0.00	1.00	0.90	24	OCC	943939.80	34	702	1396	6645	8977	24627600
0.00	1.00	0.90	28	OCC	750332.61	208	1282	1815	3324	6653	58166749
0.00	1.00	0.90	32	OCC	702633.35	262	1518	2127	3795	6992	72088368
0.00	1.00	0.90	36	OCC	650646.96	325	1811	2515	4415	7932	83134402
0.00	1.00	0.90	1	HEKATON	199999.41	4	5	6	7	418	0
0.00	1.00	0.90	4	HEKATON	426510.70	6	87	123	360	8771	1139497
0.00	1.00	0.90	8	HEKATON	496044.84	7	120	211	4557	8961	3614011
0.00	1.00	0.90	12	HEKATON	558529.86	6	142	298	7629	8965	5719083
0.00	1.00	0.90	16	HEKATON	569859.67	7	186	884	8969	8970	8769075
0.00	1.00	0.90	20	HEKATON	587082.16	7	228	2294	8973	8974	11751354
0.00	1.00	0.90	24	HEKATON	603269.88	7	290	3457	8977	8978	14559544
0.00	1.00	0.90	28	HEKATON	625689.22	7	387	4342	8981	8982	17864068
0.00	1.00	0.90	32	HEKATON	617249.56	7	934	5493	8985	8986	21325871
0.00	1.00	0.90	36	HEKATON	634574.50	7	1541	6247	8989	8990	24912879
0.10	0.90	0.90	1	WAIT_DIE	273287.55	3	4	5	6	7	0
0.10	0.90	0.90	4	WAIT_DIE	797396.28	4	22	69	105	200	489210
0.10	0.90	0.90	8	WAIT_DIE	1097168.96	4	68	97	193	6259	1704488
0.10	0.90	0.90	12	WAIT_DIE	1156937.81	4	82	108	305	8965	2769848
0.10	0.90	0.90	16	WAIT_DIE	1271049.66	4	83	113	1292	8969	3418133
0.10	0.90	0.90	20	WAIT_DIE	1238049.13	4	93	142	2823	8973	5218129
0.10	0.90	0.90	24	WAIT_DIE	1211037.31	5	101	172	3962	8977	6684553
0.10	0.90	0.90	28	WAIT_DIE	1417861.08	4	91	147	4458	8981	6226698
0.10	0.90	0.90	32	WAIT_DIE	1238437.97	5	110	212	5616	8985	9690591
0.10	0.90	0.90	36	WAIT_DIE	1352533.01	4	104	202	5948	8989	9178813
0.10	0.90	0.90	1	NO_WAIT	275858.23	3	4	5	6	7	0
0.10	0.90	0.90	4	NO_WAIT	758933.86	4	58	94	190	2183	765561
0.10	0.90	0.90	8	NO_WAIT	891223.08	4	86	135	1011	8961	1884208
0.10	0.90	0.90	12	NO_WAIT	962657.64	4	97	169	4196	8965	3125955
0.10	0.90	0.90	16	NO_WAIT	1052437.30	4	98	186	5796	8969	3863453
0.10	0.90	0.90	20	NO_WAIT	1059383.98	4	111	249	7367	8973	5262352
0.10	0.90	0.90	24	NO_WAIT	1029044.05	4	146	500	8977	8978	7259530
0.10	0.90	0.90	28	NO_WAIT	1062550.34	4	159	1159	8981	8982	8813873
0.10	0.90	0.90	32	NO_WAIT	1081039.31	4	177	1905	8985	8986	10415637
0.10	0.90	0.90	36	NO_WAIT	1155516.13	4	174	2237	8989	8990	10961780
0.10	0.90	0.90	1	DL_DETECT	282793.39	3	4	5	6	7	0
0.10	0.90	0.90	4	DL_DETECT	814862.64	4	6	7	11	84	10330
0.10	0.90	0.90	8	DL_DETECT	1125921.05	5	13	19	68	151	120166
0.10	0.90	0.90	12	DL_DETECT	706815.37	6	50	109	263	606	841644
0.10	0.90	0.90	16	DL_DETECT	386499.24	20	234	402	952	2211	2940954
0.10	0.90	0.90	20	DL_DETECT	252512.94	62	621	1067	2666	6770	6570096
0.10	0.90	0.90	24	DL_DETECT	172357.84	128	1504	2620	7107	8977	12059999
0.10	0.90	0.90	28	DL_DETECT	125263.07	234	3257	5822	8826	8827	19583788
0.10	0.90	0.90	32	DL_DETECT	96801.26	424	6343	8486	8487	8488	29158850
0.10	0.90	0.90	36	DL_DETECT	59607.43	1001	8262	8263	8264	8265	41874962
0.10	0.90	0.90	1	MVCC	178518.01	4	6	7	8	497	0
0.10	0.90	0.90	4	MVCC	447481.88	7	10	16	98	533	179355
0.10	0.90	0.90	8	MVCC	774096.01	8	20	71	127	621	773012
0.10	0.90	0.90	12	MVCC	893639.00	9	65	116	367	955	1802384
0.10	0.90	0.90	16	MVCC	756676.54	11	226	573	2011	6646	4122218
0.10	0.90	0.90	20	MVCC	615293.73	22	1106	2599	8973	8974	8338508
0.10	0.90	0.90	24	MVCC	487911.27	40	3182	7887	8977	8978	13733276
0.10	0.90	0.90	28	MVCC	412409.43	56	6864	8981	8982	8983	20071923
0.10	0.90	0.90	32	MVCC	356457.94	75	8985	8986	8987	8988	27636265
0.10	0.90	0.90	36	MVCC	292277.77	161	8989	8990	8991	8992	36080040
0.10	0.90	0.90	1	OCC	259281.09	3	4	5	6	7	0
0.10	0.90	0.90	4	OCC	657528.07	5	75	101	182	389	976096
0.10	0.90	0.90	8	OCC	874761.21	5	106	162	359	7859	3340174
0.10	0.90	0.90	12	OCC	972745.70	5	140	223	2398	8965	5523249
0.10	0.90	0.90	16	OCC	1018633.24	5	177	302	4652	8969	8627261
0.10	0.90	0.90	20	OCC	1043866.46	7	249	481	5987	8973	14216307
0.10	0.90	0.90	24	OCC	855488.20	129	988	1456	3058	8977	39476994
0.10	0.90	0.90	28	OCC	769012.31	191	1217	1724	3138	6098	53485621
0.10	0.90	0.90	32	OCC	719165.32	242	1446	2027	3606	6563	67123868
0.10	0.90	0.90	36	OCC	682558.45	293	1696	2363	4156	7420	78027920
0.10	0.90	0.90	1	HEKATON	207321.25	4	5	6	7	28	0
0.10	0.90	0.90	4	HEKATON	451618.92	6	84	114	297	6865	1105658
0.10	0.90	0.90	8	HEKATON	563575.45	7	110	192	3351	8961	3465694
0.10	0.90	0.90	12	HEKATON	616049.39	7	140	274	6678	8965	5659453
0.10	0.90	0.90	16	HEKATON	652951.35	7	164	456	8799	8969	8287881
0.10	0.90	0.90	20	HEKATON	670487.99	7	195	1404	8973	8974	11177952
0.10	0.90	0.90	24	HEKATON	677946.95	7	253	2703	8977	8978	14457476
0.10	0.90	0.90	28	HEKATON	695396.26	7	310	3614	8981	8982	17559312
0.10	0.90	0.90	32	HEKATON	703942.72	7	480	4594	8985	8986	21355326
0.10	0.90	0.90	36	HEKATON	711958.01	7	1166	5923	8989	8990	24647119
0.50	0.50	0.90	1	WAIT_DIE	311537.44	3	4	5	6	7	0
0.50	0.50	0.90	4	WAIT_DIE	973399.84	3	5	50	99	177	357079
0.50	0.50	0.90	8	WAIT_DIE	1249588.21	4	65	96	178	2446	1762641
0.50	0.50	0.90	12	WAIT_DIE	1488492.91	4	75	102	236	7740	2895021
0.50	0.50	0.90	16	WAIT_DIE	1554777.37	4	84	113	326	8969	4225973
0.50	0.50	0.90	20	WAIT_DIE	1548027.06	4	91	137	1171	8973	5444511
0.50	0.50	0.90	24	WAIT_DIE	1587594.02	4	95	151	2344	8977	6954882
0.50	0.50	0.90	28	WAIT_DIE	1588881.13	4	100	169	3426	8981	8470185
0.50	0.50	0.90	32	WAIT_DIE	1636128.03	4	101	177	4134	8985	9821683
0.50	0.50	0.90	36	WAIT_DIE	1762320.11	4	97	169	4629	8989	9685184
0.50	0.50	0.90	1	NO_WAIT	296844.10	3	4	5	6	7	0
0.50	0.50	0.90	4	NO_WAIT	983184.23	3	35	81	157	411	576002
0.50	0.50	0.90	8	NO_WAIT	1220312.75	3	74	107	314	8961	1693746
0.50	0.50	0.90	12	NO_WAIT	1230971.52	4	92	155	2396	8965	3184868
0.50	0.50	0.90	16	NO_WAIT	1275785.09	4	101	189	4583	8969	4541896
0.50	0.50	0.90	20	NO_WAIT	1278466.86	4	119	245	6358	8973	6563179
0.50	0.50	0.90	24	NO_WAIT	1327824.85	4	130	293	7522	8977	7776972
0.50	0.50	0.90	28	NO_WAIT	1373984.66	4	141	388	8442	8981	8968303
0.50	0.50	0.90	32	NO_WAIT	1361408.09	4	166	831	8985	8986	11127119
0.50	0.50	0.90	36	NO_WAIT	1379323.62	4	183	1520	8989	8990	13060195
0.50	0.50	0.90	1	DL_DETECT	310543.03	3	4	5	6	7	0
0.50	0.50	0.90	4	DL_DETECT	798671.85	4	6	7	10	57	5922
0.50	0.50	0.90	8	DL_DETECT	1259798.13	5	10	14	27	116	54651
0.50	0.50	0.90	12	DL_DETECT	1025533.09	5	30	44	143	338	366406
0.50	0.50	0.90	16	DL_DETECT	590254.06	7	98	197	476	1091	1531939
0.50	0.50	0.90	20	DL_DETECT	378482.36	28	296	522	1304	3275	3791903
0.50	0.50	0.90	24	DL_DETECT	250581.43	75	753	1352	3650	8977	7538165
0.50	0.50	0.90	28	DL_DETECT	175871.14	143	1753	3221	8951	8952	12814514
0.50	0.50	0.90	32	DL_DETECT	131869.93	244	3741	7043	8636	8637	19935102
0.50	0.50	0.90	36	DL_DETECT	80370.88	535	8347	8348	8349	8350	29585762
0.50	0.50	0.90	1	MVCC	223521.38	4	5	6	7	17	0
0.50	0.50	0.90	4	MVCC	551461.16	6	8	9	80	485	103164
0.50	0.50	0.90	8	MVCC	1127585.44	6	9	24	100	451	447359
0.50	0.50	0.90	12	MVCC	1377087.26	7	15	58	115	529	982467
0.50	0.50	0.90	16	MVCC	1537104.95	7	27	84	197	658	1695455
0.50	0.50	0.90	20	MVCC	1556954.23	8	64	128	513	1454	2801926
0.50	0.50	0.90	24	MVCC	1340506.55	9	158	499	2008	7371	5010317
0.50	0.50	0.90	28	MVCC	914378.82	14	1234	3092	8981	8982	9716951
0.50	0.50	0.90	32	MVCC	764274.86	27	3319	8790	8985	8986	14848975
0.50	0.50	0.90	36	MVCC	495869.83	51	8801	8989	8990	8991	21381807
0.50	0.50	0.90	1	OCC	256649.38	3	4	5	6	7	0
0.50	0.50	0.90	4	OCC	710222.54	4	38	80	124	238	580352
0.50	0.50	0.90	8	OCC	1162315.74	4	98	140	269	646	2700161
0.50	0.50	0.90	12	OCC	1243125.66	6	150	225	447	2919	6281817
0.50	0.50	0.90	16	OCC	1267756.15	9	246	372	758	5179	11387949
0.50	0.50	0.90	20	OCC	1114468.70	25	432	639	1211	2634	18899896
0.50	0.50	0.90	24	OCC	1000976.99	66	641	929	1694	3093	26636221
0.50	0.50	0.90	28	OCC	908448.51	98	770	1099	1964	3518	36027727
0.50	0.50	0.90	32	OCC	849929.07	127	972	1377	2444	4341	45058937
0.50	0.50	0.90	36	OCC	798013.73	151	1146	1617	2859	5065	52479236
0.50	0.50	0.90	1	HEKATON	244118.82	3	4	5	6	8	0
0.50	0.50	0.90	4	HEKATON	589672.19	6	41	83	149	660	618686
0.50	0.50	0.90	8	HEKATON	1001885.84	6	89	121	299	6074	2616301
0.50	0.50	0.90	12	HEKATON	1148790.04	6	100	159	811	8965	4812392
0.50	0.50	0.90	16	HEKATON	1242339.02	6	106	187	3289	8969	7054908
0.50	0.50	0.90	20	HEKATON	1035458.31	6	229	1423	8973	8974	11060040
0.50	0.50	0.90	24	HEKATON	818743.35	6	1721	6375	8977	8978	15083231
0.50	0.50	0.90	28	HEKATON	542821.07	13	8981	8982	8983	8984	25071803
0.50	0.50	0.90	32	HEKATON	408631.38	57	8985	8986	8987	8988	37602671
0.50	0.50	0.90	36	HEKATON	233199.63	827	8989	8990	8991	8992	68492255
0.90	0.10	0.90	1	WAIT_DIE	323895.40	3	4	5	6	7	0
0.90	0.10	0.90	4	WAIT_DIE	954051.18	3	5	6	62	105	87215
0.90	0.10	0.90	8	WAIT_DIE	1793114.82	4	5	14	93	179	429289
0.90	0.10	0.90	12	WAIT_DIE	2402995.97	4	8	56	105	220	1111256
0.90	0.10	0.90	16	WAIT_DIE	3114491.48	4	37	83	163	394	2291253
0.90	0.10	0.90	20	WAIT_DIE	3170430.43	5	65	103	247	713	3850527
0.90	0.10	0.90	24	WAIT_DIE	3335518.04	4	84	134	356	1958	5653215
0.90	0.10	0.90	28	WAIT_DIE	3144783.87	5	100	178	512	5030	7785798
0.90	0.10	0.90	32	WAIT_DIE	3018402.69	5	108	213	758	8703	9262571
0.90	0.10	0.90	36	WAIT_DIE	2557175.59	5	121	266	1707	8989	10794039
0.90	0.10	0.90	1	NO_WAIT	355411.70	2	3	4	5	6	0
0.90	0.10	0.90	4	NO_WAIT	984966.16	3	5	6	85	187	138698
0.90	0.10	0.90	8	NO_WAIT	1758411.39	4	6	66	179	495	748933
0.90	0.10	0.90	12	NO_WAIT	2361188.67	4	68	136	466	1218	2128984
0.90	0.10	0.90	16	NO_WAIT	2891817.50	4	106	284	992	8704	3972397
0.90	0.10	0.90	20	NO_WAIT	2827860.72	4	198	517	2577	8973	5959345
0.90	0.10	0.90	24	NO_WAIT	2929682.29	4	259	675	5366	8977	7751801
0.90	0.10	0.90	28	NO_WAIT	3070637.01	4	295	802	7707	8981	9442378
0.90	0.10	0.90	32	NO_WAIT	2933627.11	5	455	1254	8985	8986	12598737
0.90	0.10	0.90	36	NO_WAIT	2891777.90	5	599	1811	8989	8990	14964899
0.90	0.10	0.90	1	DL_DETECT	350693.02	2	3	4	5	6	0
0.90	0.10	0.90	4	DL_DETECT	895812.93	4	5	6	7	11	379
0.90	0.10	0.90	8	DL_DETECT	1669783.41	4	6	7	10	19	2280
0.90	0.10	0.90	12	DL_DETECT	2246068.85	4	6	8	16	38	8428
0.90	0.10	0.90	16	DL_DETECT	2525867.55	4	9	15	31	100	28248
0.90	0.10	0.90	20	DL_DETECT	2225670.44	5	19	30	58	165	86200
0.90	0.10	0.90	24	DL_DETECT	1745454.21	5	38	55	115	330	238446
0.90	0.10	0.90	28	DL_DETECT	1266071.31	6	68	98	240	686	572958
0.90	0.10	0.90	32	DL_DETECT	911627.71	6	116	175	507	1541	1215975
0.90	0.10	0.90	36	DL_DETECT	407799.27	6	331	572	1948	7460	2688379
0.90	0.10	0.90	1	MVCC	318813.22	2	3	4	5	6	0
0.90	0.10	0.90	4	MVCC	855564.32	4	6	7	8	100	22132
0.90	0.10	0.90	8	MVCC	1463520.69	5	6	7	32	108	97984
0.90	0.10	0.90	12	MVCC	2318764.27	4	6	7	57	118	210866
0.90	0.10	0.90	16	MVCC	3238182.95	4	6	7	70	151	357159
0.90	0.10	0.90	20	MVCC	3555823.29	5	7	8	81	184	544650
0.90	0.10	0.90	24	MVCC	3809569.00	5	7	11	95	318	762936
0.90	0.10	0.90	28	MVCC	3641063.11	5	8	20	118	628	1017058
0.90	0.10	0.90	32	MVCC	2280917.12	5	18	74	328	1952	1360838
0.90	0.10	0.90	36	MVCC	1322564.86	6	69	162	897	5297	1869320
0.90	0.10	0.90	1	OCC	267910.51	3	4	5	6	7	0
0.90	0.10	0.90	4	OCC	745778.31	4	7	8	79	112	117626
0.90	0.10	0.90	8	OCC	1364089.92	4	10	46	105	192	595597
0.90	0.10	0.90	12	OCC	1691223.85	5	37	88	157	304	1538149
0.90	0.10	0.90	16	OCC	1732209.61	6	78	117	229	420	3048303
0.90	0.10	0.90	20	OCC	1572404.21	6	124	195	385	714	5191706
0.90	0.10	0.90	24	OCC	1436480.46	8	173	271	521	927	7710645
0.90	0.10	0.90	28	OCC	1348926.55	9	246	380	717	1261	10618189
0.90	0.10	0.90	32	OCC	1268740.03	11	308	468	862	1497	13782539
0.90	0.10	0.90	36	OCC	1196181.72	12	397	600	1097	1896	16586563
0.90	0.10	0.90	1	HEKATON	362843.21	2	3	4	5	6	0
0.90	0.10	0.90	4	HEKATON	917403.20	3	5	6	75	112	116013
0.90	0.10	0.90	8	HEKATON	1600375.43	4	6	32	96	180	543141
0.90	0.10	0.90	12	HEKATON	2528226.92	4	8	60	103	210	1258321
0.90	0.10	0.90	16	HEKATON	3070658.12	4	35	77	124	402	2233641
0.90	0.10	0.90	20	HEKATON	1168494.07	5	129	271	697	1687	3977083
0.90	0.10	0.90	24	HEKATON	587837.82	7	384	721	1889	4704	5237340
0.90	0.10	0.90	28	HEKATON	429805.55	12	703	1281	3461	8981	6641126
0.90	0.10	0.90	32	HEKATON	377618.33	17	1020	1909	5693	8985	10151614
0.90	0.10	0.90	36	HEKATON	303038.67	33	1855	3692	8989	8990	13895770
1.00	0.00	0.90	1	WAIT_DIE	370156.68	2	3	4	5	6	0
1.00	0.00	0.90	4	WAIT_DIE	927943.41	4	5	6	7	9	0
1.00	0.00	0.90	8	WAIT_DIE	1845162.99	4	5	6	7	10	0
1.00	0.00	0.90	12	WAIT_DIE	2591100.87	4	5	6	8	11	0
1.00	0.00	0.90	16	WAIT_DIE	3322650.97	4	6	7	9	12	0
1.00	0.00	0.90	20	WAIT_DIE	3985124.82	4	6	7	11	17	0
1.00	0.00	0.90	24	WAIT_DIE	4585383.31	4	7	9	14	21	0
1.00	0.00	0.90	28	WAIT_DIE	4623348.94	5	9	12	19	32	0
1.00	0.00	0.90	32	WAIT_DIE	4829459.19	5	10	14	23	41	0
1.00	0.00	0.90	36	WAIT_DIE	4565205.32	5	11	17	48	204	0
1.00	0.00	0.90	1	NO_WAIT	371431.62	2	3	4	5	6	0
1.00	0.00	0.90	4	NO_WAIT	1054396.38	3	4	5	6	7	0
1.00	0.00	0.90	8	NO_WAIT	1887204.91	3	5	6	7	10	0
1.00	0.00	0.90	12	NO_WAIT	2693538.95	4	5	6	7	11	0
1.00	0.00	0.90	16	NO_WAIT	3312128.89	4	6	7	9	13	0
1.00	0.00	0.90	20	NO_WAIT	4076102.38	4	6	7	11	17	0
1.00	0.00	0.90	24	NO_WAIT	4528826.75	4	7	9	14	21	0
1.00	0.00	0.90	28	NO_WAIT	4797776.94	5	8	11	18	27	0
1.00	0.00	0.90	32	NO_WAIT	4797027.46	5	10	15	24	39	0
1.00	0.00	0.90	36	NO_WAIT	4734024.94	5	11	16	40	195	0
1.00	0.00	0.90	1	DL_DETECT	343560.93	2	3	4	5	6	0
1.00	0.00	0.90	4	DL_DETECT	1037609.94	3	4	5	6	7	0
1.00	0.00	0.90	8	DL_DETECT	1801788.84	4	5	6	7	10	0
1.00	0.00	0.90	12	DL_DETECT	2666794.09	4	5	6	7	11	0
1.00	0.00	0.90	16	DL_DETECT	3195501.23	4	6	7	9	13	0
1.00	0.00	0.90	20	DL_DETECT	3818832.77	4	6	7	11	17	0
1.00	0.00	0.90	24	DL_DETECT	4457371.60	4	7	9	15	23	0
1.00	0.00	0.90	28	DL_DETECT	4656653.56	5	8	11	18	28	0
1.00	0.00	0.90	32	DL_DETECT	4724616.68	5	11	15	24	40	0
1.00	0.00	0.90	36	DL_DETECT	4635921.21	5	12	17	41	198	0
1.00	0.00	0.90	1	MVCC	407736.47	2	3	4	5	6	0
1.00	0.00	0.90	4	MVCC	974497.22	3	5	6	7	17	0
1.00	0.00	0.90	8	MVCC	1903673.72	4	5	6	7	14	0
1.00	0.00	0.90	12	MVCC	2969339.69	3	5	6	7	12	0
1.00	0.00	0.90	16	MVCC	3826964.06	4	5	6	7	13	0
1.00	0.00	0.90	20	MVCC	4747326.52	3	5	6	7	13	0
1.00	0.00	0.90	24	MVCC	5074543.80	4	5	6	7	121	0
1.00	0.00	0.90	28	MVCC	3629972.97	3	5	8	124	383	0
1.00	0.00	0.90	32	MVCC	2549098.98	4	7	31	221	767	0
1.00	0.00	0.90	36	MVCC	1516993.74	4	36	103	379	1018	0
1.00	0.00	0.90	1	OCC	265934.79	3	4	5	6	7	0
1.00	0.00	0.90	4	OCC	768752.38	4	6	7	9	14	0
1.00	0.00	0.90	8	OCC	1394214.20	5	7	9	14	24	0
1.00	0.00	0.90	12	OCC	1836327.99	5	10	13	23	40	0
1.00	0.00	0.90	16	OCC	2053131.28	4	15	23	42	71	0
1.00	0.00	0.90	20	OCC	1887874.91	6	22	35	63	105	0
1.00	0.00	0.90	24	OCC	1808183.14	5	33	52	95	155	0
1.00	0.00	0.90	28	OCC	1739263.32	6	42	67	122	200	0
1.00	0.00	0.90	32	OCC	1727573.70	5	54	90	166	271	0
1.00	0.00	0.90	36	OCC	1655196.72	6	65	110	204	333	0
1.00	0.00	0.90	1	HEKATON	416605.30	2	3	4	5	6	0
1.00	0.00	0.90	4	HEKATON	1007443.31	3	5	6	7	17	0
1.00	0.00	0.90	8	HEKATON	2017565.82	3	5	6	7	10	0
1.00	0.00	0.90	12	HEKATON	3015562.51	3	5	6	7	14	0
1.00	0.00	0.90	16	HEKATON	4073573.30	3	5	6	7	13	0
1.00	0.00	0.90	20	HEKATON	5011890.99	3	5	6	7	16	0
1.00	0.00	0.90	24	HEKATON	5082054.52	4	5	6	10	84	0
1.00	0.00	0.90	28	HEKATON	4165537.72	5	8	9	33	140	0
1.00	0.00	0.90	32	HEKATON	2422940.77	5	26	53	135	255	0
1.00	0.00	0.90	36	HEKATON	1127973.29	5	94	161	315	572	0
0.00	1.00	0.99	1	WAIT_DIE	328042.04	2	3	4	5	6	0
0.00	1.00	0.99	4	WAIT_DIE	540345.72	3	47	83	154	8279	565324
0.00	1.00	0.99	8	WAIT_DIE	578133.17	4	68	97	2389	8961	1403082
0.00	1.00	0.99	12	WAIT_DIE	602688.03	3	77	105	4614	8965	2244793
0.00	1.00	0.99	16	WAIT_DIE	635508.56	3	82	122	6055	8969	3180984
0.00	1.00	0.99	20	WAIT_DIE	650346.50	3	87	158	7180	8973	4065866
0.00	1.00	0.99	24	WAIT_DIE	669859.02	3	91	235	7959	8977	5068613
0.00	1.00	0.99	28	WAIT_DIE	662815.65	3	98	935	8767	8981	6773551
0.00	1.00	0.99	32	WAIT_DIE	652558.04	4	106	1686	8985	8986	8466664
0.00	1.00	0.99	36	WAIT_DIE	676710.02	3	112	2146	8989	8990	9846893
0.00	1.00	0.99	1	NO_WAIT	325004.83	2	3	4	5	6	0
0.00	1.00	0.99	4	NO_WAIT	449340.13	3	55	94	1466	8957	607754
0.00	1.00	0.99	8	NO_WAIT	489231.70	3	77	126	6146	8961	1332422
0.00	1.00	0.99	12	NO_WAIT	519422.57	3	89	201	8620	8965	2235439
0.00	1.00	0.99	16	NO_WAIT	573085.70	3	93	864	8969	8970	3044862
0.00	1.00	0.99	20	NO_WAIT	529457.72	3	128	2671	8973	8974	4916286
0.00	1.00	0.99	24	NO_WAIT	526102.27	3	184	3849	8977	8978	6561119
0.00	1.00	0.99	28	NO_WAIT	548461.82	3	292	4560	8981	8982	7731557
0.00	1.00	0.99	32	NO_WAIT	555674.57	3	942	5333	8985	8986	8962046
0.00	1.00	0.99	36	NO_WAIT	554829.02	3	1667	6142	8989	8990	11231539
0.00	1.00	0.99	1	DL_DETECT	328059.27	2	3	4	5	6	0
0.00	1.00	0.99	4	DL_DETECT	656878.47	5	10	13	89	157	116146
0.00	1.00	0.99	8	DL_DETECT	396559.36	16	137	216	455	909	1924143
0.00	1.00	0.99	12	DL_DETECT	182517.20	63	684	1102	2511	5430	8187242
0.00	1.00	0.99	16	DL_DETECT	