Rd	Wt	Zip	T	CC	TP	P50	P90	P99	P999	Abt
0.00	1.00	0.99	1	WAIT_DIE	298714.18	3	4	5	6	7	0
0.00	1.00	0.99	4	WAIT_DIE	498615.07	4	58	89	163	8086	68627
0.00	1.00	0.99	8	WAIT_DIE	558683.46	4	73	100	2314	8961	142968
0.00	1.00	0.99	12	WAIT_DIE	586415.18	4	80	107	4560	8965	237526
0.00	1.00	0.99	16	WAIT_DIE	619728.67	4	85	129	6063	8969	324481
0.00	1.00	0.99	20	WAIT_DIE	576068.41	5	99	201	7342	8973	623221
0.00	1.00	0.99	24	WAIT_DIE	583927.51	5	103	471	8384	8977	639121
0.00	1.00	0.99	28	WAIT_DIE	664689.52	4	100	901	8593	8981	742038
0.00	1.00	0.99	32	WAIT_DIE	588550.10	5	129	2002	8985	8986	1122201
0.00	1.00	0.99	36	WAIT_DIE	618629.97	4	138	2434	8989	8990	1097216
0.00	1.00	0.99	1	NO_WAIT	277788.85	3	4	5	6	7	0
0.00	1.00	0.99	4	NO_WAIT	426315.66	4	66	99	1270	8957	77407
0.00	1.00	0.99	8	NO_WAIT	462365.80	4	84	141	6433	8961	156271
0.00	1.00	0.99	12	NO_WAIT	484412.02	4	98	270	8916	8965	278204
0.00	1.00	0.99	16	NO_WAIT	470616.08	4	124	1915	8969	8970	454001
0.00	1.00	0.99	20	NO_WAIT	484552.82	4	162	3197	8973	8974	577036
0.00	1.00	0.99	24	NO_WAIT	491015.80	4	246	4266	8977	8978	769914
0.00	1.00	0.99	28	NO_WAIT	560494.48	3	233	4385	8981	8982	691888
0.00	1.00	0.99	32	NO_WAIT	497014.21	4	1612	6055	8985	8986	1118822
0.00	1.00	0.99	36	NO_WAIT	519520.48	4	2078	6579	8989	8990	1190911
0.00	1.00	0.99	1	DL_DETECT	314055.42	3	4	5	6	7	0
0.00	1.00	0.99	4	DL_DETECT	690473.88	4	9	12	86	145	11542
0.00	1.00	0.99	8	DL_DETECT	366326.76	17	137	214	453	961	186193
0.00	1.00	0.99	12	DL_DETECT	179585.36	63	677	1090	2445	5165	811174
0.00	1.00	0.99	16	DL_DETECT	98341.95	273	2506	4241	8969	8970	1993918
0.00	1.00	0.99	20	DL_DETECT	68788.62	699	6452	8973	8974	8975	3747879
0.00	1.00	0.99	24	DL_DETECT	49829.52	1487	8977	8978	8979	8980	6128075
0.00	1.00	0.99	28	DL_DETECT	37769.00	2730	8796	8797	8798	8799	9068674
0.00	1.00	0.99	32	DL_DETECT	30295.21	4475	8545	8546	8547	8548	12614962
0.00	1.00	0.99	36	DL_DETECT	19770.53	8224	8225	8226	8227	8228	16896645
0.00	1.00	0.99	1	MVCC	188743.53	4	5	6	7	426	0
0.00	1.00	0.99	4	MVCC	410377.45	7	45	88	173	555	57908
0.00	1.00	0.99	8	MVCC	376210.06	13	157	305	761	1930	281319
0.00	1.00	0.99	12	MVCC	295637.63	30	758	1389	3831	8965	798173
0.00	1.00	0.99	16	MVCC	287764.44	60	1879	3571	8969	8970	1583123
0.00	1.00	0.99	20	MVCC	216092.91	208	4478	8409	8973	8974	2712841
0.00	1.00	0.99	24	MVCC	182018.81	441	8487	8977	8978	8979	4148917
0.00	1.00	0.99	28	MVCC	154462.95	820	8981	8982	8983	8984	5958415
0.00	1.00	0.99	32	MVCC	128808.35	1428	8985	8986	8987	8988	8237359
0.00	1.00	0.99	36	MVCC	105966.94	2198	8989	8990	8991	8992	11027232
0.00	1.00	0.99	1	OCC	277176.82	3	4	5	6	7	0
0.00	1.00	0.99	4	OCC	385068.08	5	91	116	434	8957	102952
0.00	1.00	0.99	8	OCC	424350.77	5	110	188	4986	8961	282513
0.00	1.00	0.99	12	OCC	441306.44	6	156	345	6919	8965	566985
0.00	1.00	0.99	16	OCC	488096.20	6	167	987	8098	8969	945478
0.00	1.00	0.99	20	OCC	493145.09	7	247	2245	8973	8974	1379646
0.00	1.00	0.99	24	OCC	503093.18	9	533	3299	8977	8978	1807468
0.00	1.00	0.99	28	OCC	381787.48	458	2047	2897	5452	8981	9693153
0.00	1.00	0.99	32	OCC	364673.40	541	2327	3258	5939	8985	12900265
0.00	1.00	0.99	36	OCC	338715.08	636	2662	3703	6668	8989	15315738
0.00	1.00	0.99	1	HEKATON	191970.38	4	5	6	7	417	0
0.00	1.00	0.99	4	HEKATON	240595.58	5	88	145	5055	8957	103334
0.00	1.00	0.99	8	HEKATON	268677.87	6	111	574	8961	8962	297581
0.00	1.00	0.99	12	HEKATON	297607.16	5	144	2437	8965	8966	486901
0.00	1.00	0.99	16	HEKATON	306250.65	6	232	4078	8969	8970	747707
0.00	1.00	0.99	20	HEKATON	332697.12	5	746	5238	8973	8974	938822
0.00	1.00	0.99	24	HEKATON	320913.24	6	2039	6714	8977	8978	1360134
0.00	1.00	0.99	28	HEKATON	348824.53	5	2628	7324	8981	8982	1446349
0.00	1.00	0.99	32	HEKATON	328742.15	6	3975	8947	8985	8986	2013179
0.00	1.00	0.99	36	HEKATON	334498.35	6	4510	8989	8990	8991	2386951
0.10	0.90	0.99	1	WAIT_DIE	302072.41	3	4	5	6	7	0
0.10	0.90	0.99	4	WAIT_DIE	548401.31	3	50	84	145	8256	61606
0.10	0.90	0.99	8	WAIT_DIE	558214.56	4	74	101	2210	8961	167875
0.10	0.90	0.99	12	WAIT_DIE	591639.78	4	80	107	4438	8965	214628
0.10	0.90	0.99	16	WAIT_DIE	574435.57	4	91	148	6332	8969	442944
0.10	0.90	0.99	20	WAIT_DIE	593420.57	4	97	188	7206	8973	509484
0.10	0.90	0.99	24	WAIT_DIE	596672.76	4	102	403	8307	8977	649920
0.10	0.90	0.99	28	WAIT_DIE	608717.85	4	108	1160	8935	8981	902318
0.10	0.90	0.99	32	WAIT_DIE	604955.89	5	121	1911	8985	8986	1050547
0.10	0.90	0.99	36	WAIT_DIE	697056.85	4	109	1981	8989	8990	974715
0.10	0.90	0.99	1	NO_WAIT	309402.89	3	4	5	6	7	0
0.10	0.90	0.99	4	NO_WAIT	442594.10	4	63	98	1324	8957	70904
0.10	0.90	0.99	8	NO_WAIT	491393.17	3	79	128	6147	8961	163546
0.10	0.90	0.99	12	NO_WAIT	507396.72	3	94	229	8431	8965	269424
0.10	0.90	0.99	16	NO_WAIT	489540.30	4	118	1658	8969	8970	419036
0.10	0.90	0.99	20	NO_WAIT	571824.03	3	109	2208	8973	8974	450133
0.10	0.90	0.99	24	NO_WAIT	490432.43	4	240	4277	8977	8978	857274
0.10	0.90	0.99	28	NO_WAIT	490825.77	5	860	5226	8981	8982	999996
0.10	0.90	0.99	32	NO_WAIT	502177.89	5	1502	5933	8985	8986	1282931
0.10	0.90	0.99	36	NO_WAIT	511153.95	5	2172	6683	8989	8990	1521504
0.10	0.90	0.99	1	DL_DETECT	305393.54	3	4	5	6	7	0
0.10	0.90	0.99	4	DL_DETECT	643173.75	5	10	13	86	138	10749
0.10	0.90	0.99	8	DL_DETECT	363315.99	17	135	209	443	955	178587
0.10	0.90	0.99	12	DL_DETECT	177745.73	63	670	1073	2443	5325	792805
0.10	0.90	0.99	16	DL_DETECT	97023.28	267	2468	4181	8969	8970	1939274
0.10	0.90	0.99	20	DL_DETECT	67910.47	688	6342	8973	8974	8975	3660199
0.10	0.90	0.99	24	DL_DETECT	49436.16	1463	8977	8978	8979	8980	5994032
0.10	0.90	0.99	28	DL_DETECT	37912.57	2674	8814	8815	8816	8817	8907002
0.10	0.90	0.99	32	DL_DETECT	30313.63	4443	8532	8533	8534	8535	12446263
0.10	0.90	0.99	36	DL_DETECT	19667.69	8254	8255	8256	8257	8258	16733147
0.10	0.90	0.99	1	MVCC	180239.10	4	6	7	8	431	0
0.10	0.90	0.99	4	MVCC	426828.43	7	37	82	144	555	52696
0.10	0.90	0.99	8	MVCC	476518.75	10	118	207	566	1271	246879
0.10	0.90	0.99	12	MVCC	341449.51	26	582	1063	2899	7948	687320
0.10	0.90	0.99	16	MVCC	336235.50	38	1563	3025	8969	8970	1411059
0.10	0.90	0.99	20	MVCC	257160.46	160	3814	7484	8973	8974	2424956
0.10	0.90	0.99	24	MVCC	211350.14	343	7545	8977	8978	8979	3688443
0.10	0.90	0.99	28	MVCC	178852.97	661	8981	8982	8983	8984	5374564
0.10	0.90	0.99	32	MVCC	151620.77	1159	8985	8986	8987	8988	7379469
0.10	0.90	0.99	36	MVCC	115745.52	1948	8989	8990	8991	8992	9870623
0.10	0.90	0.99	1	OCC	276553.41	3	4	5	6	7	0
0.10	0.90	0.99	4	OCC	403196.95	5	95	124	301	8842	157687
0.10	0.90	0.99	8	OCC	471885.24	5	109	179	4111	8961	346712
0.10	0.90	0.99	12	OCC	491676.65	6	141	265	6245	8965	661664
0.10	0.90	0.99	16	OCC	507811.04	7	196	802	7802	8969	1059294
0.10	0.90	0.99	20	OCC	520739.91	11	296	1995	8862	8973	1612666
0.10	0.90	0.99	24	OCC	493040.37	114	1278	2243	7514	8977	3775348
0.10	0.90	0.99	28	OCC	394736.04	405	1800	2518	4593	8942	9516516
0.10	0.90	0.99	32	OCC	371095.90	496	2149	2997	5410	8985	12004940
0.10	0.90	0.99	36	OCC	343147.63	608	2564	3552	6305	8989	14213897
0.10	0.90	0.99	1	HEKATON	219006.55	3	5	6	7	419	0
0.10	0.90	0.99	4	HEKATON	258901.19	5	88	137	4287	8957	115246
0.10	0.90	0.99	8	HEKATON	302633.75	5	103	311	8662	8961	284480
0.10	0.90	0.99	12	HEKATON	328136.09	5	133	1881	8965	8966	474559
0.10	0.90	0.99	16	HEKATON	341161.02	6	182	3389	8969	8970	741273
0.10	0.90	0.99	20	HEKATON	355236.88	5	473	4660	8973	8974	953817
0.10	0.90	0.99	24	HEKATON	351618.28	6	1560	6007	8977	8978	1389992
0.10	0.90	0.99	28	HEKATON	359559.82	6	2313	6888	8981	8982	1660105
0.10	0.90	0.99	32	HEKATON	396459.62	5	2713	7358	8985	8986	1647093
0.10	0.90	0.99	36	HEKATON	369279.65	7	3813	8549	8989	8990	2344600
0.50	0.50	0.99	1	WAIT_DIE	303724.86	3	4	5	6	7	0
0.50	0.50	0.99	4	WAIT_DIE	652890.28	4	51	84	137	5878	76918
0.50	0.50	0.99	8	WAIT_DIE	720407.10	4	69	96	340	8961	165075
0.50	0.50	0.99	12	WAIT_DIE	740734.55	4	78	104	3040	8965	318374
0.50	0.50	0.99	16	WAIT_DIE	802509.74	3	81	109	4588	8969	403808
0.50	0.50	0.99	20	WAIT_DIE	760885.04	4	91	147	5981	8973	585668
0.50	0.50	0.99	24	WAIT_DIE	768709.88	4	97	181	6699	8977	635784
0.50	0.50	0.99	28	WAIT_DIE	789489.53	4	100	235	7560	8981	903082
0.50	0.50	0.99	32	WAIT_DIE	858112.59	4	98	320	7886	8985	943220
0.50	0.50	0.99	36	WAIT_DIE	825610.11	4	105	1039	8637	8989	1236796
0.50	0.50	0.99	1	NO_WAIT	337240.68	2	3	4	5	6	0
0.50	0.50	0.99	4	NO_WAIT	533024.63	3	61	96	321	8957	74015
0.50	0.50	0.99	8	NO_WAIT	604350.00	3	76	117	4695	8961	158843
0.50	0.50	0.99	12	NO_WAIT	608463.00	3	94	188	7183	8965	284787
0.50	0.50	0.99	16	NO_WAIT	592328.44	4	111	634	8969	8970	498390
0.50	0.50	0.99	20	NO_WAIT	615583.94	4	137	1889	8973	8974	653304
0.50	0.50	0.99	24	NO_WAIT	615121.08	4	180	3072	8977	8978	894444
0.50	0.50	0.99	28	NO_WAIT	619929.38	4	233	3918	8981	8982	1064103
0.50	0.50	0.99	32	NO_WAIT	680949.02	4	252	4138	8985	8986	1176300
0.50	0.50	0.99	36	NO_WAIT	665925.96	4	880	5144	8989	8990	1500743
0.50	0.50	0.99	1	DL_DETECT	325179.74	2	4	5	6	7	0
0.50	0.50	0.99	4	DL_DETECT	732957.07	4	8	10	51	113	5862
0.50	0.50	0.99	8	DL_DETECT	555271.06	9	46	113	232	478	86171
0.50	0.50	0.99	12	DL_DETECT	267678.73	38	324	530	1213	2808	446096
0.50	0.50	0.99	16	DL_DETECT	142153.66	115	1290	2199	5735	8969	1206723
0.50	0.50	0.99	20	DL_DETECT	95770.31	336	3783	6827	8973	8974	2437341
0.50	0.50	0.99	24	DL_DETECT	67063.86	808	8977	8978	8979	8980	4188817
0.50	0.50	0.99	28	DL_DETECT	50151.18	1644	8828	8829	8830	8831	6399432
0.50	0.50	0.99	32	DL_DETECT	39337.37	2951	8576	8577	8578	8579	9087458
0.50	0.50	0.99	36	DL_DETECT	26065.60	6007	8264	8265	8266	8267	12488758
0.50	0.50	0.99	1	MVCC	229877.16	3	5	6	7	17	0
0.50	0.50	0.99	4	MVCC	554813.32	6	10	48	106	504	29648
0.50	0.50	0.99	8	MVCC	931026.64	6	52	93	198	560	129234
0.50	0.50	0.99	12	MVCC	862405.91	9	105	180	521	1195	293983
0.50	0.50	0.99	16	MVCC	677978.74	16	324	654	1891	5538	621842
0.50	0.50	0.99	20	MVCC	599932.41	25	1000	1998	6643	8973	1175282
0.50	0.50	0.99	24	MVCC	446558.67	45	2616	5639	8977	8978	1902615
0.50	0.50	0.99	28	MVCC	365792.92	125	5775	8981	8982	8983	2865122
0.50	0.50	0.99	32	MVCC	275404.68	299	8985	8986	8987	8988	4050019
0.50	0.50	0.99	36	MVCC	211101.52	640	8989	8990	8991	8992	5485481
0.50	0.50	0.99	1	OCC	284172.44	3	4	5	6	7	0
0.50	0.50	0.99	4	OCC	512885.36	6	96	122	220	452	152344
0.50	0.50	0.99	8	OCC	604779.03	8	167	243	601	8332	503788
0.50	0.50	0.99	12	OCC	613574.24	34	287	429	1412	8965	1128340
0.50	0.50	0.99	16	OCC	580968.40	94	510	732	1498	8011	2231880
0.50	0.50	0.99	20	OCC	513818.40	149	793	1112	1994	4049	3334982
0.50	0.50	0.99	24	OCC	462955.56	210	1048	1456	2567	4833	4667116
0.50	0.50	0.99	28	OCC	440229.15	257	1249	1728	3017	5419	6128768
0.50	0.50	0.99	32	OCC	415809.07	322	1516	2088	3606	6386	7824763
0.50	0.50	0.99	36	OCC	393972.67	379	1753	2409	4166	7496	9280138
0.50	0.50	0.99	1	HEKATON	227585.93	3	5	6	7	434	0
0.50	0.50	0.99	4	HEKATON	453889.69	5	79	105	416	8957	108065
0.50	0.50	0.99	8	HEKATON	519082.45	5	96	153	4035	8961	304601
0.50	0.50	0.99	12	HEKATON	550507.09	5	108	228	6737	8965	492790
0.50	0.50	0.99	16	HEKATON	592872.32	5	122	458	8290	8969	735239
0.50	0.50	0.99	20	HEKATON	621109.20	5	132	1145	8973	8974	937507
0.50	0.50	0.99	24	HEKATON	612069.54	6	183	2424	8977	8978	1205895
0.50	0.50	0.99	28	HEKATON	639138.69	6	205	3063	8981	8982	1542698
0.50	0.50	0.99	32	HEKATON	669195.77	6	345	4145	8985	8986	1835417
0.50	0.50	0.99	36	HEKATON	618176.76	6	3141	8989	8990	8991	2303148
0.90	0.10	0.99	1	WAIT_DIE	419348.51	2	3	4	5	6	0
0.90	0.10	0.99	4	WAIT_DIE	953616.78	3	6	32	95	140	27961
0.90	0.10	0.99	8	WAIT_DIE	1633532.36	3	47	84	139	295	134011
0.90	0.10	0.99	12	WAIT_DIE	1717899.22	4	71	100	201	4863	271325
0.90	0.10	0.99	16	WAIT_DIE	1775159.78	4	84	115	286	7999	421421
0.90	0.10	0.99	20	WAIT_DIE	1792511.21	4	92	137	432	8973	565242
0.90	0.10	0.99	24	WAIT_DIE	1839573.82	4	94	145	1101	8977	683895
0.90	0.10	0.99	28	WAIT_DIE	1592781.94	4	106	192	3296	8981	913982
0.90	0.10	0.99	32	WAIT_DIE	1814170.81	4	103	183	3686	8985	1023155
0.90	0.10	0.99	36	WAIT_DIE	1584054.99	4	114	225	5659	8989	1188458
0.90	0.10	0.99	1	NO_WAIT	348786.51	2	3	4	5	6	0
0.90	0.10	0.99	4	NO_WAIT	988052.69	3	16	74	163	346	47023
0.90	0.10	0.99	8	NO_WAIT	1370919.01	4	84	155	546	8698	180974
0.90	0.10	0.99	12	NO_WAIT	1407166.37	4	108	256	3009	8965	339670
0.90	0.10	0.99	16	NO_WAIT	1470543.71	4	142	354	6048	8969	442994
0.90	0.10	0.99	20	NO_WAIT	1418049.29	4	205	608	8973	8974	681151
0.90	0.10	0.99	24	NO_WAIT	1528157.98	4	207	730	8977	8978	791374
0.90	0.10	0.99	28	NO_WAIT	1520734.88	4	261	1335	8981	8982	974208
0.90	0.10	0.99	32	NO_WAIT	1605714.40	4	264	1825	8985	8986	1064701
0.90	0.10	0.99	36	NO_WAIT	1599408.06	4	342	3039	8989	8990	1326269
0.90	0.10	0.99	1	DL_DETECT	398761.03	2	3	4	5	6	0
0.90	0.10	0.99	4	DL_DETECT	933538.19	4	5	6	8	17	313
0.90	0.10	0.99	8	DL_DETECT	1433464.94	4	8	11	20	95	2838
0.90	0.10	0.99	12	DL_DETECT	1396712.17	5	19	26	59	166	13372
0.90	0.10	0.99	16	DL_DETECT	966974.34	6	43	62	181	536	52308
0.90	0.10	0.99	20	DL_DETECT	630552.53	18	95	177	536	2011	151317
0.90	0.10	0.99	24	DL_DETECT	402277.79	45	264	540	2025	8977	369735
0.90	0.10	0.99	28	DL_DETECT	259099.62	92	903	2183	8981	8982	785776
0.90	0.10	0.99	32	DL_DETECT	180305.38	166	3212	7801	8985	8986	1409201
0.90	0.10	0.99	36	DL_DETECT	105575.87	365	8664	8665	8666	8667	2363414
0.90	0.10	0.99	1	MVCC	338610.07	2	3	4	5	6	0
0.90	0.10	0.99	4	MVCC	1013221.85	3	5	6	49	106	6209
0.90	0.10	0.99	8	MVCC	1737905.45	4	6	7	85	183	24726
0.90	0.10	0.99	12	MVCC	2420670.36	4	7	11	98	240	53846
0.90	0.10	0.99	16	MVCC	2769908.17	4	9	35	113	366	89449
0.90	0.10	0.99	20	MVCC	1631029.16	5	52	113	440	1390	169536
0.90	0.10	0.99	24	MVCC	1181651.90	6	100	227	912	2819	261862
0.90	0.10	0.99	28	MVCC	825343.77	7	191	494	2083	7009	352470
0.90	0.10	0.99	32	MVCC	611624.30	15	355	912	3339	8985	432289
0.90	0.10	0.99	36	MVCC	356414.57	27	740	2048	8301	8989	528411
0.90	0.10	0.99	1	OCC	278014.59	3	4	5	6	7	0
0.90	0.10	0.99	4	OCC	690452.14	5	11	54	104	176	30677
0.90	0.10	0.99	8	OCC	823067.30	6	81	112	197	325	172607
0.90	0.10	0.99	12	OCC	773011.96	10	140	207	373	654	402700
0.90	0.10	0.99	16	OCC	721940.45	15	216	311	552	961	747345
0.90	0.10	0.99	20	OCC	682569.41	22	307	440	768	1312	1129702
0.90	0.10	0.99	24	OCC	642528.72	33	412	585	1008	1740	1561721
0.90	0.10	0.99	28	OCC	605464.32	46	522	735	1258	2133	2024746
0.90	0.10	0.99	32	OCC	596227.53	59	618	866	1471	2514	2557256
0.90	0.10	0.99	36	OCC	567044.61	75	737	1029	1742	2986	3040393
0.90	0.10	0.99	1	HEKATON	431325.77	2	3	4	5	6	0
0.90	0.10	0.99	4	HEKATON	987078.43	3	6	44	98	215	29954
0.90	0.10	0.99	8	HEKATON	1752191.17	4	50	83	116	274	140627
0.90	0.10	0.99	12	HEKATON	1674670.08	4	84	114	235	590	316833
0.90	0.10	0.99	16	HEKATON	528833.42	15	282	431	831	1664	503842
0.90	0.10	0.99	20	HEKATON	318875.53	31	627	1016	2127	4292	451489
0.90	0.10	0.99	24	HEKATON	275434.79	58	906	1495	4044	8977	905477
0.90	0.10	0.99	28	HEKATON	230700.41	91	1285	2075	4739	8981	1077024
0.90	0.10	0.99	32	HEKATON	176619.72	169	2278	3911	8985	8986	1752164
0.90	0.10	0.99	36	HEKATON	141818.25	274	5091	8989	8990	8991	2371737
1.00	0.00	0.99	1	WAIT_DIE	372662.68	2	3	4	5	6	0
1.00	0.00	0.99	4	WAIT_DIE	1008091.70	3	5	6	7	15	0
1.00	0.00	0.99	8	WAIT_DIE	1807113.04	4	5	6	8	11	0
1.00	0.00	0.99	12	WAIT_DIE	2404348.61	4	6	8	11	16	0
1.00	0.00	0.99	16	WAIT_DIE	2848130.00	4	8	10	15	21	0
1.00	0.00	0.99	20	WAIT_DIE	2913462.89	5	12	15	21	30	0
1.00	0.00	0.99	24	WAIT_DIE	2802901.67	5	18	23	33	49	0
1.00	0.00	0.99	28	WAIT_DIE	2616850.89	5	24	31	44	62	0
1.00	0.00	0.99	32	WAIT_DIE	2608847.30	5	29	36	51	72	0
1.00	0.00	0.99	36	WAIT_DIE	2476852.85	5	34	46	92	187	0
1.00	0.00	0.99	1	NO_WAIT	366538.87	2	3	4	5	6	0
1.00	0.00	0.99	4	NO_WAIT	1050311.14	3	5	6	7	9	0
1.00	0.00	0.99	8	NO_WAIT	1797484.47	4	5	6	8	11	0
1.00	0.00	0.99	12	NO_WAIT	2462490.20	4	6	8	11	16	0
1.00	0.00	0.99	16	NO_WAIT	2898140.01	4	9	11	15	21	0
1.00	0.00	0.99	20	NO_WAIT	2919676.02	5	12	15	22	32	0
1.00	0.00	0.99	24	NO_WAIT	2828913.68	5	18	22	32	46	0
1.00	0.00	0.99	28	NO_WAIT	2682553.44	5	24	30	43	63	0
1.00	0.00	0.99	32	NO_WAIT	2541800.45	5	29	37	54	96	0
1.00	0.00	0.99	36	NO_WAIT	2434392.32	5	35	48	95	194	0
1.00	0.00	0.99	1	DL_DETECT	367446.82	2	3	4	5	6	0
1.00	0.00	0.99	4	DL_DETECT	1020270.28	3	5	6	7	9	0
1.00	0.00	0.99	8	DL_DETECT	1843638.78	4	5	6	8	11	0
1.00	0.00	0.99	12	DL_DETECT	2441988.37	4	6	8	11	15	0
1.00	0.00	0.99	16	DL_DETECT	2814453.33	4	8	10	15	21	0
1.00	0.00	0.99	20	DL_DETECT	2852591.74	5	13	16	23	32	0
1.00	0.00	0.99	24	DL_DETECT	2739605.31	4	19	24	35	49	0
1.00	0.00	0.99	28	DL_DETECT	2674816.00	5	23	29	42	66	0
1.00	0.00	0.99	32	DL_DETECT	2564658.56	5	29	37	52	74	0
1.00	0.00	0.99	36	DL_DETECT	2455166.96	5	34	46	94	194	0
1.00	0.00	0.99	1	MVCC	463401.71	2	3	4	5	6	0
1.00	0.00	0.99	4	MVCC	1220611.56	3	4	5	6	7	0
1.00	0.00	0.99	8	MVCC	2351007.20	3	4	5	6	7	0
1.00	0.00	0.99	12	MVCC	3340834.37	3	4	5	6	8	0
1.00	0.00	0.99	16	MVCC	4147364.04	3	5	6	7	20	0
1.00	0.00	0.99	20	MVCC	2575509.63	3	11	29	90	192	0
1.00	0.00	0.99	24	MVCC	1517213.23	5	38	62	141	310	0
1.00	0.00	0.99	28	MVCC	799311.63	7	88	151	363	890	0
1.00	0.00	0.99	32	MVCC	694522.49	8	113	200	499	1272	0
1.00	0.00	0.99	36	MVCC	487236.72	11	210	355	765	1717	0
1.00	0.00	0.99	1	OCC	245059.82	3	4	5	6	8	0
1.00	0.00	0.99	4	OCC	743485.11	4	8	9	13	19	0
1.00	0.00	0.99	8	OCC	991818.17	5	14	19	30	45	0
1.00	0.00	0.99	12	OCC	954462.48	7	28	38	60	89	0
1.00	0.00	0.99	16	OCC	904325.54	7	46	63	100	150	0
1.00	0.00	0.99	20	OCC	861665.37	8	65	91	145	219	0
1.00	0.00	0.99	24	OCC	858350.29	7	85	119	193	293	0
1.00	0.00	0.99	28	OCC	839309.15	8	104	147	239	370	0
1.00	0.00	0.99	32	OCC	827450.33	8	124	175	288	449	0
1.00	0.00	0.99	36	OCC	820543.89	7	146	210	346	538	0
1.00	0.00	0.99	1	HEKATON	430944.53	2	3	4	5	6	0
1.00	0.00	0.99	4	HEKATON	1005712.40	3	5	6	7	14	0
1.00	0.00	0.99	8	HEKATON	2384635.36	3	4	5	6	7	0
1.00	0.00	0.99	12	HEKATON	3521912.42	3	4	5	6	7	0
1.00	0.00	0.99	16	HEKATON	2938444.98	3	6	18	44	80	0
1.00	0.00	0.99	20	HEKATON	1084148.38	5	49	70	121	202	0
1.00	0.00	0.99	24	HEKATON	768674.05	7	87	124	214	362	0
1.00	0.00	0.99	28	HEKATON	653286.29	13	121	169	277	447	0
1.00	0.00	0.99	32	HEKATON	675115.71	15	130	198	355	615	0
1.00	0.00	0.99	36	HEKATON	610235.26	13	146	250	515	997	0
