Rd	Wt	Zip	T	CC	TP	P50	P90	P99	P999	Abt
0.00	1.00	0.50	1	WAIT_DIE	175632.07	5	6	7	8	9	0
0.00	1.00	0.50	4	WAIT_DIE	511159.35	7	9	10	11	22	1805
0.00	1.00	0.50	8	WAIT_DIE	1077598.33	7	8	9	10	20	3784
0.00	1.00	0.50	12	WAIT_DIE	1586623.68	7	8	9	10	22	9446
0.00	1.00	0.50	16	WAIT_DIE	2226834.73	6	8	9	10	32	16662
0.00	1.00	0.50	20	WAIT_DIE	2501614.35	7	9	10	11	68	30894
0.00	1.00	0.50	24	WAIT_DIE	3073969.22	7	8	9	10	66	41604
0.00	1.00	0.50	28	WAIT_DIE	3548926.59	7	8	9	10	77	57568
0.00	1.00	0.50	32	WAIT_DIE	3855218.71	8	9	10	11	2845	124678
0.00	1.00	0.50	36	WAIT_DIE	4263948.03	8	9	10	17	6198	235810
0.00	1.00	0.50	1	NO_WAIT	177441.17	5	6	7	8	9	0
0.00	1.00	0.50	4	NO_WAIT	529973.27	7	9	10	11	21	1200
0.00	1.00	0.50	8	NO_WAIT	1119901.30	6	8	9	10	21	5588
0.00	1.00	0.50	12	NO_WAIT	1623471.33	7	8	9	10	37	13599
0.00	1.00	0.50	16	NO_WAIT	2186839.18	7	8	9	10	58	24198
0.00	1.00	0.50	20	NO_WAIT	2482938.33	7	9	10	11	73	39570
0.00	1.00	0.50	24	NO_WAIT	3202584.14	7	8	9	10	85	60055
0.00	1.00	0.50	28	NO_WAIT	3558012.94	7	8	9	10	87	80535
0.00	1.00	0.50	32	NO_WAIT	3727325.84	8	9	10	12	2636	142379
0.00	1.00	0.50	36	NO_WAIT	4306841.11	8	9	10	42	8989	379927
0.00	1.00	0.50	1	DL_DETECT	172963.25	5	6	7	8	9	0
0.00	1.00	0.50	4	DL_DETECT	500762.47	7	9	10	11	21	0
0.00	1.00	0.50	8	DL_DETECT	1188039.56	6	7	8	9	13	0
0.00	1.00	0.50	12	DL_DETECT	1704001.25	6	8	9	10	16	1
0.00	1.00	0.50	16	DL_DETECT	2205386.12	7	8	9	10	15	7
0.00	1.00	0.50	20	DL_DETECT	2990523.70	6	7	8	9	15	71
0.00	1.00	0.50	24	DL_DETECT	3253777.13	7	8	9	10	18	210
0.00	1.00	0.50	28	DL_DETECT	3630433.71	7	8	9	10	20	328
0.00	1.00	0.50	32	DL_DETECT	3891343.20	7	9	10	11	22	2382
0.00	1.00	0.50	36	DL_DETECT	1897270.96	8	11	12	24	8244	241781
0.00	1.00	0.50	1	MVCC	115720.82	7	8	9	10	421	0
0.00	1.00	0.50	4	MVCC	330871.18	11	12	13	14	464	379
0.00	1.00	0.50	8	MVCC	707892.86	10	12	13	14	31	1685
0.00	1.00	0.50	12	MVCC	1025813.57	11	12	13	14	30	4018
0.00	1.00	0.50	16	MVCC	1364243.61	11	13	14	15	32	7437
0.00	1.00	0.50	20	MVCC	1663600.83	11	13	15	17	33	11682
0.00	1.00	0.50	24	MVCC	1868910.32	12	14	15	17	47	17558
0.00	1.00	0.50	28	MVCC	1843288.83	13	17	18	20	62	23955
0.00	1.00	0.50	32	MVCC	2095691.70	13	15	16	18	64	30940
0.00	1.00	0.50	36	MVCC	1925252.78	13	16	17	19	89	39132
0.00	1.00	0.50	1	OCC	181079.38	5	6	7	8	9	0
0.00	1.00	0.50	4	OCC	525577.10	7	8	9	10	22	2269
0.00	1.00	0.50	8	OCC	1105472.29	7	8	9	10	51	10719
0.00	1.00	0.50	12	OCC	1711393.93	6	8	9	10	72	25059
0.00	1.00	0.50	16	OCC	2316653.87	6	8	9	10	82	45766
0.00	1.00	0.50	20	OCC	2636968.74	7	8	9	10	90	71579
0.00	1.00	0.50	24	OCC	3063323.83	7	8	9	10	94	105272
0.00	1.00	0.50	28	OCC	3423106.31	7	9	10	11	97	145223
0.00	1.00	0.50	32	OCC	3703905.21	8	9	10	12	101	189357
0.00	1.00	0.50	36	OCC	3857499.84	8	9	10	13	105	214582
0.00	1.00	0.50	1	HEKATON	136322.26	6	7	8	9	415	0
0.00	1.00	0.50	4	HEKATON	420091.21	8	10	11	12	104	2576
0.00	1.00	0.50	8	HEKATON	891650.56	8	10	11	12	81	11708
0.00	1.00	0.50	12	HEKATON	1235029.50	9	10	11	12	87	27557
0.00	1.00	0.50	16	HEKATON	1631896.72	9	11	12	13	103	53381
0.00	1.00	0.50	20	HEKATON	1971815.50	9	11	12	14	102	81335
0.00	1.00	0.50	24	HEKATON	2260371.83	9	11	12	18	2078	148307
0.00	1.00	0.50	28	HEKATON	2507577.83	10	12	13	18	112	163981
0.00	1.00	0.50	32	HEKATON	2570261.08	11	13	14	32	7386	317072
0.00	1.00	0.50	36	HEKATON	2547205.88	12	15	16	4051	8989	889895
0.00	1.00	0.50	1	HSTORE	426746.85	2	3	4	5	6	0
0.00	1.00	0.50	4	HSTORE	273474.21	14	16	17	18	32	15
0.00	1.00	0.50	8	HSTORE	253259.71	30	33	34	40	90	15
0.00	1.00	0.50	12	HSTORE	248710.31	47	51	52	58	229	9
0.00	1.00	0.50	16	HSTORE	243823.24	63	68	69	75	674	14
0.00	1.00	0.50	20	HSTORE	244354.78	80	85	86	91	679	12
0.00	1.00	0.50	24	HSTORE	247679.88	94	101	103	109	709	8
0.00	1.00	0.50	28	HSTORE	248277.92	110	116	119	124	738	3
0.00	1.00	0.50	32	HSTORE	244206.05	127	136	139	146	788	8
0.00	1.00	0.50	36	HSTORE	241039.36	145	155	158	165	813	11
0.10	0.90	0.50	1	WAIT_DIE	184280.82	5	6	7	8	9	0
0.10	0.90	0.50	4	WAIT_DIE	508301.66	7	9	10	11	22	1009
0.10	0.90	0.50	8	WAIT_DIE	1116822.50	6	8	9	10	19	3737
0.10	0.90	0.50	12	WAIT_DIE	1701768.78	6	8	9	10	22	8515
0.10	0.90	0.50	16	WAIT_DIE	2213030.72	6	8	9	10	32	16307
0.10	0.90	0.50	20	WAIT_DIE	2641527.44	7	8	9	10	49	26393
0.10	0.90	0.50	24	WAIT_DIE	3256999.59	7	8	9	10	83	47982
0.10	0.90	0.50	28	WAIT_DIE	3323206.10	8	9	10	11	104	68307
0.10	0.90	0.50	32	WAIT_DIE	3597884.80	8	10	11	13	114	90373
0.10	0.90	0.50	36	WAIT_DIE	4109381.39	8	9	10	3246	8989	682422
0.10	0.90	0.50	1	NO_WAIT	180035.76	5	6	7	8	10	0
0.10	0.90	0.50	4	NO_WAIT	542738.88	7	8	9	10	21	1181
0.10	0.90	0.50	8	NO_WAIT	1100510.38	7	8	9	10	22	5471
0.10	0.90	0.50	12	NO_WAIT	1623902.70	7	8	9	10	38	13284
0.10	0.90	0.50	16	NO_WAIT	2122153.46	7	8	9	10	55	24035
0.10	0.90	0.50	20	NO_WAIT	2724399.54	7	8	9	10	66	38022
0.10	0.90	0.50	24	NO_WAIT	3152285.88	7	8	9	10	3016	90550
0.10	0.90	0.50	28	NO_WAIT	3345695.86	8	9	10	12	93	81845
0.10	0.90	0.50	32	NO_WAIT	3913969.38	7	9	10	11	94	109123
0.10	0.90	0.50	36	NO_WAIT	4155913.03	8	9	10	13	8989	258619
0.10	0.90	0.50	1	DL_DETECT	178716.59	5	6	7	8	9	0
0.10	0.90	0.50	4	DL_DETECT	507969.26	7	9	10	11	21	2
0.10	0.90	0.50	8	DL_DETECT	1067224.73	7	8	9	10	12	0
0.10	0.90	0.50	12	DL_DETECT	1739377.54	6	8	9	10	14	0
0.10	0.90	0.50	16	DL_DETECT	2277982.50	6	8	9	10	15	1
0.10	0.90	0.50	20	DL_DETECT	2499983.35	7	9	10	11	16	7
0.10	0.90	0.50	24	DL_DETECT	3036753.10	7	9	10	11	16	74
0.10	0.90	0.50	28	DL_DETECT	3667159.22	7	8	9	10	20	351
0.10	0.90	0.50	32	DL_DETECT	3783540.57	8	9	10	11	22	2524
0.10	0.90	0.50	36	DL_DETECT	1947381.89	8	10	11	34	8285	235774
0.10	0.90	0.50	1	MVCC	121964.89	7	8	9	10	482	0
0.10	0.90	0.50	4	MVCC	354343.27	10	12	13	14	427	329
0.10	0.90	0.50	8	MVCC	683016.89	11	12	13	14	37	1601
0.10	0.90	0.50	12	MVCC	1044333.70	10	12	13	14	27	3699
0.10	0.90	0.50	16	MVCC	1392933.41	10	12	13	14	28	6880
0.10	0.90	0.50	20	MVCC	1793762.47	10	12	13	14	28	10456
0.10	0.90	0.50	24	MVCC	1902155.44	11	14	15	16	41	16109
0.10	0.90	0.50	28	MVCC	2118425.54	12	14	15	18	45	21807
0.10	0.90	0.50	32	MVCC	2233643.17	12	15	16	18	54	28910
0.10	0.90	0.50	36	MVCC	2025377.90	12	14	15	18	83	36237
0.10	0.90	0.50	1	OCC	180219.19	5	6	7	8	9	0
0.10	0.90	0.50	4	OCC	504107.16	7	8	9	10	23	2000
0.10	0.90	0.50	8	OCC	1129336.31	6	8	9	10	45	9443
0.10	0.90	0.50	12	OCC	1757324.54	6	7	8	9	67	22620
0.10	0.90	0.50	16	OCC	2139641.09	7	8	9	10	80	41279
0.10	0.90	0.50	20	OCC	2801225.90	6	8	9	10	87	64386
0.10	0.90	0.50	24	OCC	3088263.85	7	8	9	10	92	93641
0.10	0.90	0.50	28	OCC	3296519.16	8	9	10	12	97	129789
0.10	0.90	0.50	32	OCC	3687250.84	8	9	10	11	100	169533
0.10	0.90	0.50	36	OCC	3798022.22	8	9	10	11	104	194666
0.10	0.90	0.50	1	HEKATON	136646.12	6	7	8	9	503	0
0.10	0.90	0.50	4	HEKATON	441286.31	8	10	11	12	79	2303
0.10	0.90	0.50	8	HEKATON	833492.59	9	10	11	12	77	10756
0.10	0.90	0.50	12	HEKATON	1230663.42	9	10	11	12	89	24684
0.10	0.90	0.50	16	HEKATON	1674108.19	9	10	11	12	118	54444
0.10	0.90	0.50	20	HEKATON	2018361.77	9	11	12	14	96	70344
0.10	0.90	0.50	24	HEKATON	2207306.42	10	12	13	16	112	109373
0.10	0.90	0.50	28	HEKATON	2362596.08	11	13	14	20	2720	183930
0.10	0.90	0.50	32	HEKATON	2749593.81	11	13	14	30	8985	314165
0.10	0.90	0.50	36	HEKATON	2778487.82	11	14	15	98	8989	518833
0.10	0.90	0.50	1	HSTORE	441668.57	2	3	4	5	6	0
0.10	0.90	0.50	4	HSTORE	275262.11	14	16	17	18	32	15
0.10	0.90	0.50	8	HSTORE	252090.85	30	33	34	40	88	15
0.10	0.90	0.50	12	HSTORE	247626.11	46	50	51	57	174	15
0.10	0.90	0.50	16	HSTORE	245462.84	63	67	69	75	672	11
0.10	0.90	0.50	20	HSTORE	246657.72	79	84	85	90	680	10
0.10	0.90	0.50	24	HSTORE	245762.28	95	101	104	111	726	11
0.10	0.90	0.50	28	HSTORE	246450.38	110	118	121	127	751	13
0.10	0.90	0.50	32	HSTORE	241574.48	129	137	140	146	781	7
0.10	0.90	0.50	36	HSTORE	238147.39	147	156	159	165	829	8
0.50	0.50	0.50	1	WAIT_DIE	197343.87	5	6	7	8	9	0
0.50	0.50	0.50	4	WAIT_DIE	549119.21	7	8	9	10	19	585
0.50	0.50	0.50	8	WAIT_DIE	1130374.69	6	8	9	10	17	2925
0.50	0.50	0.50	12	WAIT_DIE	1632427.47	7	8	9	10	18	6846
0.50	0.50	0.50	16	WAIT_DIE	2384698.55	6	7	8	9	20	12506
0.50	0.50	0.50	20	WAIT_DIE	2848123.99	6	8	9	10	30	19631
0.50	0.50	0.50	24	WAIT_DIE	3263685.09	7	8	9	10	49	30772
0.50	0.50	0.50	28	WAIT_DIE	3803419.73	7	8	9	10	65	44624
0.50	0.50	0.50	32	WAIT_DIE	4186325.28	7	8	9	10	96	71198
0.50	0.50	0.50	36	WAIT_DIE	4586025.21	7	8	9	11	6691	209250
0.50	0.50	0.50	1	NO_WAIT	196765.45	5	6	7	8	9	0
0.50	0.50	0.50	4	NO_WAIT	558044.50	7	8	9	10	20	910
0.50	0.50	0.50	8	NO_WAIT	1154182.46	6	8	9	10	20	4439
0.50	0.50	0.50	12	NO_WAIT	1755083.38	6	8	9	10	22	10155
0.50	0.50	0.50	16	NO_WAIT	2330037.63	6	8	9	10	39	18570
0.50	0.50	0.50	20	NO_WAIT	2774863.46	6	8	9	10	60	31216
0.50	0.50	0.50	24	NO_WAIT	3341910.34	7	8	9	10	75	47691
0.50	0.50	0.50	28	NO_WAIT	3683048.39	7	8	9	10	74	60452
0.50	0.50	0.50	32	NO_WAIT	4220118.15	7	8	9	10	87	83538
0.50	0.50	0.50	36	NO_WAIT	4582008.98	7	8	9	19	8989	294546
0.50	0.50	0.50	1	DL_DETECT	197828.27	4	5	6	7	8	0
0.50	0.50	0.50	4	DL_DETECT	539573.78	7	8	9	10	21	0
0.50	0.50	0.50	8	DL_DETECT	1084999.72	7	8	9	10	16	0
0.50	0.50	0.50	12	DL_DETECT	1777051.21	6	7	8	9	12	0
0.50	0.50	0.50	16	DL_DETECT	2410510.13	6	7	8	9	13	0
0.50	0.50	0.50	20	DL_DETECT	2767731.84	7	8	9	10	15	35
0.50	0.50	0.50	24	DL_DETECT	3073700.92	7	9	10	11	16	274
0.50	0.50	0.50	28	DL_DETECT	3679551.66	7	8	9	10	18	310
0.50	0.50	0.50	32	DL_DETECT	3863306.36	7	9	10	11	20	2972
0.50	0.50	0.50	36	DL_DETECT	1745469.60	7	9	10	1009	8340	301813
0.50	0.50	0.50	1	MVCC	143243.51	6	7	8	9	427	0
0.50	0.50	0.50	4	MVCC	410179.87	8	10	11	12	467	224
0.50	0.50	0.50	8	MVCC	816305.47	9	10	11	12	26	970
0.50	0.50	0.50	12	MVCC	1200265.95	9	11	12	13	23	2146
0.50	0.50	0.50	16	MVCC	1631899.28	9	11	12	13	23	3950
0.50	0.50	0.50	20	MVCC	2008692.64	9	11	12	13	25	6246
0.50	0.50	0.50	24	MVCC	2266831.69	10	12	13	14	27	9249
0.50	0.50	0.50	28	MVCC	2542738.62	10	12	13	14	29	12445
0.50	0.50	0.50	32	MVCC	2734748.04	10	12	13	15	32	16612
0.50	0.50	0.50	36	MVCC	2590500.35	10	12	13	14	37	20412
0.50	0.50	0.50	1	OCC	179333.03	5	6	7	8	9	0
0.50	0.50	0.50	4	OCC	490849.13	8	9	10	11	22	1178
0.50	0.50	0.50	8	OCC	1034423.29	7	8	9	10	22	5275
0.50	0.50	0.50	12	OCC	1602517.66	7	8	9	10	36	12515
0.50	0.50	0.50	16	OCC	2135137.22	7	8	9	10	55	22727
0.50	0.50	0.50	20	OCC	2692052.40	7	8	9	10	67	36243
0.50	0.50	0.50	24	OCC	2996839.95	7	9	10	11	75	52244
0.50	0.50	0.50	28	OCC	3363529.50	8	9	10	11	82	71685
0.50	0.50	0.50	32	OCC	3767610.85	8	9	10	11	84	95033
0.50	0.50	0.50	36	OCC	3971087.37	7	8	9	10	93	106874
0.50	0.50	0.50	1	HEKATON	163780.09	5	6	7	8	410	0
0.50	0.50	0.50	4	HEKATON	499523.40	7	9	10	11	50	1319
0.50	0.50	0.50	8	HEKATON	877787.10	8	10	11	12	54	5701
0.50	0.50	0.50	12	HEKATON	1415153.12	8	9	10	11	57	13190
0.50	0.50	0.50	16	HEKATON	1913864.54	8	9	10	11	70	24482
0.50	0.50	0.50	20	HEKATON	2209863.09	8	10	11	12	76	38889
0.50	0.50	0.50	24	HEKATON	2351985.24	9	12	13	15	91	57985
0.50	0.50	0.50	28	HEKATON	2898861.24	9	10	11	13	104	86741
0.50	0.50	0.50	32	HEKATON	3193363.32	9	11	12	16	8985	184811
0.50	0.50	0.50	36	HEKATON	3260903.90	9	11	12	24	8989	317336
0.50	0.50	0.50	1	HSTORE	456144.45	2	3	4	5	6	0
0.50	0.50	0.50	4	HSTORE	305657.64	12	15	16	17	30	15
0.50	0.50	0.50	8	HSTORE	258931.66	29	32	33	40	92	23
0.50	0.50	0.50	12	HSTORE	256947.42	45	49	50	56	126	19
0.50	0.50	0.50	16	HSTORE	248178.35	62	67	68	74	636	12
0.50	0.50	0.50	20	HSTORE	249282.54	78	84	86	91	685	5
0.50	0.50	0.50	24	HSTORE	248162.14	94	100	102	108	728	10
0.50	0.50	0.50	28	HSTORE	247728.85	110	118	121	127	755	15
0.50	0.50	0.50	32	HSTORE	243575.24	127	137	141	150	792	9
0.50	0.50	0.50	36	HSTORE	241147.93	144	155	159	168	837	20
0.90	0.10	0.50	1	WAIT_DIE	220469.12	4	5	6	7	8	0
0.90	0.10	0.50	4	WAIT_DIE	593633.27	6	7	8	9	19	131
0.90	0.10	0.50	8	WAIT_DIE	1242596.95	6	7	8	9	15	693
0.90	0.10	0.50	12	WAIT_DIE	1879097.97	6	7	8	9	16	1853
0.90	0.10	0.50	16	WAIT_DIE	2466334.55	6	7	8	9	16	3199
0.90	0.10	0.50	20	WAIT_DIE	3137534.04	6	7	8	9	15	5138
0.90	0.10	0.50	24	WAIT_DIE	3704830.79	6	7	8	9	16	7241
0.90	0.10	0.50	28	WAIT_DIE	3984572.76	6	8	9	10	18	11752
0.90	0.10	0.50	32	WAIT_DIE	4430003.12	7	8	9	10	89	38000
0.90	0.10	0.50	36	WAIT_DIE	4901631.35	7	8	9	10	65	39312
0.90	0.10	0.50	1	NO_WAIT	224860.40	4	5	6	7	8	0
0.90	0.10	0.50	4	NO_WAIT	584203.93	6	7	8	9	20	247
0.90	0.10	0.50	8	NO_WAIT	1235833.99	6	7	8	9	19	1045
0.90	0.10	0.50	12	NO_WAIT	1920672.16	6	7	8	9	15	2623
0.90	0.10	0.50	16	NO_WAIT	2441717.60	6	7	8	9	16	4596
0.90	0.10	0.50	20	NO_WAIT	2943665.66	6	7	8	9	15	7471
0.90	0.10	0.50	24	NO_WAIT	3517032.26	6	7	8	9	19	11020
0.90	0.10	0.50	28	NO_WAIT	4113057.34	6	7	8	9	15	15937
0.90	0.10	0.50	32	NO_WAIT	4666694.67	6	8	9	10	19	20192
0.90	0.10	0.50	36	NO_WAIT	5299952.53	6	7	8	9	27	33215
0.90	0.10	0.50	1	DL_DETECT	220943.87	4	5	6	7	8	0
0.90	0.10	0.50	4	DL_DETECT	627655.90	6	7	8	9	19	0
0.90	0.10	0.50	8	DL_DETECT	1268051.66	6	7	8	9	11	0
0.90	0.10	0.50	12	DL_DETECT	1926621.16	5	7	8	9	13	1
0.90	0.10	0.50	16	DL_DETECT	2519145.03	6	7	8	9	14	0
0.90	0.10	0.50	20	DL_DETECT	3177660.23	6	7	8	9	14	13
0.90	0.10	0.50	24	DL_DETECT	3498434.22	6	7	8	9	15	67
0.90	0.10	0.50	28	DL_DETECT	4014803.92	6	7	8	9	17	325
0.90	0.10	0.50	32	DL_DETECT	4408273.66	6	8	9	10	18	1125
0.90	0.10	0.50	36	DL_DETECT	2681058.72	6	8	9	14	7359	126196
0.90	0.10	0.50	1	MVCC	201631.00	4	5	6	7	8	0
0.90	0.10	0.50	4	MVCC	554110.13	6	8	9	10	23	49
0.90	0.10	0.50	8	MVCC	1066702.16	7	8	9	10	17	221
0.90	0.10	0.50	12	MVCC	1547994.86	7	8	9	10	16	481
0.90	0.10	0.50	16	MVCC	2051488.06	7	8	9	10	17	856
0.90	0.10	0.50	20	MVCC	2667577.05	7	8	9	10	18	1326
0.90	0.10	0.50	24	MVCC	3051201.29	7	8	9	10	20	2060
0.90	0.10	0.50	28	MVCC	3217479.15	8	9	10	11	19	2780
0.90	0.10	0.50	32	MVCC	3568606.40	7	9	10	11	20	3570
0.90	0.10	0.50	36	MVCC	3430388.93	7	9	10	11	20	4302
0.90	0.10	0.50	1	OCC	184930.73	5	6	7	8	9	0
0.90	0.10	0.50	4	OCC	502910.77	7	9	10	11	22	245
0.90	0.10	0.50	8	OCC	1054567.57	7	8	9	10	18	1053
0.90	0.10	0.50	12	OCC	1666678.58	6	8	9	10	17	2536
0.90	0.10	0.50	16	OCC	2265303.57	6	8	9	10	17	4634
0.90	0.10	0.50	20	OCC	3081449.36	6	7	8	9	14	7303
0.90	0.10	0.50	24	OCC	3007166.93	7	9	10	11	18	10600
0.90	0.10	0.50	28	OCC	3403601.01	8	9	10	11	19	14507
0.90	0.10	0.50	32	OCC	3589572.24	8	10	11	12	19	19230
0.90	0.10	0.50	36	OCC	3876745.41	8	9	10	11	27	22967
0.90	0.10	0.50	1	HEKATON	213727.33	4	5	6	7	8	0
0.90	0.10	0.50	4	HEKATON	526692.59	7	8	9	10	22	260
0.90	0.10	0.50	8	HEKATON	1036084.56	7	8	9	10	19	1157
0.90	0.10	0.50	12	HEKATON	1542349.04	7	9	10	11	19	2658
0.90	0.10	0.50	16	HEKATON	2027977.87	7	9	10	11	19	4688
0.90	0.10	0.50	20	HEKATON	2681780.18	7	8	9	10	19	7484
0.90	0.10	0.50	24	HEKATON	3158272.14	7	8	9	10	20	10837
0.90	0.10	0.50	28	HEKATON	3435176.88	7	9	10	11	22	14796
0.90	0.10	0.50	32	HEKATON	3669013.17	7	9	10	11	31	23555
0.90	0.10	0.50	36	HEKATON	3910005.67	7	9	10	11	83	41729
0.90	0.10	0.50	1	HSTORE	479536.47	2	3	4	5	6	0
0.90	0.10	0.50	4	HSTORE	281682.57	13	15	16	17	31	12
0.90	0.10	0.50	8	HSTORE	260503.52	29	32	33	39	82	18
0.90	0.10	0.50	12	HSTORE	252332.55	46	50	51	57	252	9
0.90	0.10	0.50	16	HSTORE	255661.61	60	65	67	73	646	6
0.90	0.10	0.50	20	HSTORE	250317.21	78	83	86	91	683	7
0.90	0.10	0.50	24	HSTORE	258895.82	90	97	99	104	701	7
0.90	0.10	0.50	28	HSTORE	256547.31	106	115	118	123	740	3
0.90	0.10	0.50	32	HSTORE	251192.13	124	133	135	143	781	14
0.90	0.10	0.50	36	HSTORE	247991.05	140	150	153	161	825	8
1.00	0.00	0.50	1	WAIT_DIE	221753.08	4	5	6	7	8	0
1.00	0.00	0.50	4	WAIT_DIE	621487.73	6	7	8	9	13	0
1.00	0.00	0.50	8	WAIT_DIE	1250536.57	6	7	8	9	18	0
1.00	0.00	0.50	12	WAIT_DIE	1904427.73	6	7	8	9	11	0
1.00	0.00	0.50	16	WAIT_DIE	2841653.18	5	6	7	8	12	0
1.00	0.00	0.50	20	WAIT_DIE	2869524.71	6	8	9	10	17	0
1.00	0.00	0.50	24	WAIT_DIE	3629072.73	6	7	8	9	16	0
1.00	0.00	0.50	28	WAIT_DIE	4393291.59	6	7	8	9	15	0
1.00	0.00	0.50	32	WAIT_DIE	4811260.04	6	7	8	9	19	0
1.00	0.00	0.50	36	WAIT_DIE	5031234.66	6	8	9	10	20	0
1.00	0.00	0.50	1	NO_WAIT	229960.17	4	5	6	7	8	0
1.00	0.00	0.50	4	NO_WAIT	605569.71	6	7	8	9	18	0
1.00	0.00	0.50	8	NO_WAIT	1252475.72	6	7	8	9	15	0
1.00	0.00	0.50	12	NO_WAIT	1847857.90	6	7	8	9	11	0
1.00	0.00	0.50	16	NO_WAIT	2603338.24	5	7	8	9	15	0
1.00	0.00	0.50	20	NO_WAIT	3156458.05	6	7	8	9	12	0
1.00	0.00	0.50	24	NO_WAIT	3661902.93	6	7	8	9	15	0
1.00	0.00	0.50	28	NO_WAIT	4181432.80	6	7	8	9	15	0
1.00	0.00	0.50	32	NO_WAIT	4976109.83	6	7	8	9	19	0
1.00	0.00	0.50	36	NO_WAIT	4809012.73	7	8	9	10	17	0
1.00	0.00	0.50	1	DL_DETECT	222342.12	4	5	6	7	8	0
1.00	0.00	0.50	4	DL_DETECT	611308.06	6	7	8	9	20	0
1.00	0.00	0.50	8	DL_DETECT	1232013.43	6	7	8	9	15	0
1.00	0.00	0.50	12	DL_DETECT	1868371.41	6	7	8	9	13	0
1.00	0.00	0.50	16	DL_DETECT	2526748.50	6	7	8	9	13	0
1.00	0.00	0.50	20	DL_DETECT	3034591.26	6	7	8	9	16	0
1.00	0.00	0.50	24	DL_DETECT	3737890.74	6	7	8	9	13	0
1.00	0.00	0.50	28	DL_DETECT	4194947.38	6	7	8	9	16	0
1.00	0.00	0.50	32	DL_DETECT	4924293.70	6	7	8	9	19	0
1.00	0.00	0.50	36	DL_DETECT	4943993.89	7	8	9	10	18	0
1.00	0.00	0.50	1	MVCC	239181.48	4	5	6	7	8	0
1.00	0.00	0.50	4	MVCC	669888.02	5	6	7	8	17	0
1.00	0.00	0.50	8	MVCC	1392930.70	5	6	7	8	11	0
1.00	0.00	0.50	12	MVCC	2005766.10	5	6	7	8	11	0
1.00	0.00	0.50	16	MVCC	2709869.24	5	6	7	8	13	0
1.00	0.00	0.50	20	MVCC	3332555.93	5	6	7	8	12	0
1.00	0.00	0.50	24	MVCC	3851733.52	6	7	8	9	12	0
1.00	0.00	0.50	28	MVCC	4483328.24	6	7	8	9	12	0
1.00	0.00	0.50	32	MVCC	4868372.81	6	7	8	9	16	0
1.00	0.00	0.50	36	MVCC	5489730.65	6	7	8	9	16	0
1.00	0.00	0.50	1	OCC	180782.78	5	6	7	8	9	0
1.00	0.00	0.50	4	OCC	531947.31	7	8	9	10	19	0
1.00	0.00	0.50	8	OCC	1057850.18	7	8	9	10	19	0
1.00	0.00	0.50	12	OCC	1691663.48	6	8	9	10	16	0
1.00	0.00	0.50	16	OCC	2419036.22	6	7	8	9	11	0
1.00	0.00	0.50	20	OCC	2649450.93	7	8	9	10	16	0
1.00	0.00	0.50	24	OCC	3208540.24	7	8	9	10	17	0
1.00	0.00	0.50	28	OCC	3889818.43	7	8	9	10	17	0
1.00	0.00	0.50	32	OCC	3863195.87	8	9	10	11	18	0
1.00	0.00	0.50	36	OCC	4350957.63	7	8	9	10	20	0
1.00	0.00	0.50	1	HEKATON	281844.76	3	4	5	6	7	0
1.00	0.00	0.50	4	HEKATON	657521.00	5	7	8	9	19	0
1.00	0.00	0.50	8	HEKATON	1343328.00	5	6	7	8	14	0
1.00	0.00	0.50	12	HEKATON	1922537.63	6	7	8	9	12	0
1.00	0.00	0.50	16	HEKATON	2788400.91	5	6	7	8	10	0
1.00	0.00	0.50	20	HEKATON	3483340.17	5	6	7	8	11	0
1.00	0.00	0.50	24	HEKATON	3757665.55	6	7	8	9	15	0
1.00	0.00	0.50	28	HEKATON	4697964.41	5	7	8	9	16	0
1.00	0.00	0.50	32	HEKATON	4769735.86	6	7	8	9	16	0
1.00	0.00	0.50	36	HEKATON	5173102.06	6	8	9	10	13	0
1.00	0.00	0.50	1	HSTORE	484352.11	2	3	4	5	6	0
1.00	0.00	0.50	4	HSTORE	289935.60	13	15	16	17	31	11
1.00	0.00	0.50	8	HSTORE	264486.71	29	32	33	40	73	21
1.00	0.00	0.50	12	HSTORE	258429.35	45	48	50	55	192	19
1.00	0.00	0.50	16	HSTORE	258193.48	60	65	67	72	635	13
1.00	0.00	0.50	20	HSTORE	257840.17	75	81	83	89	656	6
1.00	0.00	0.50	24	HSTORE	256811.54	91	97	99	105	711	4
1.00	0.00	0.50	28	HSTORE	260329.17	105	113	115	121	718	7
1.00	0.00	0.50	32	HSTORE	249890.47	124	132	135	142	784	11
1.00	0.00	0.50	36	HSTORE	252117.32	139	149	153	161	802	5
0.00	1.00	0.60	1	WAIT_DIE	189453.73	5	6	7	8	9	0
0.00	1.00	0.60	4	WAIT_DIE	538053.07	7	8	9	10	24	3031
0.00	1.00	0.60	8	WAIT_DIE	1095085.55	7	8	9	10	63	14298
0.00	1.00	0.60	12	WAIT_DIE	1808473.26	6	8	9	10	82	34024
