Rd	Wt	Zip	T	CC	TP	P50	P90	P99	P999	Abt
0.50	0.50	0.50	1	WAIT_DIE	175601.54	5	6	7	8	9	0
0.50	0.50	0.50	4	WAIT_DIE	688049.89	5	6	7	8	9	52
0.50	0.50	0.50	8	WAIT_DIE	1345761.97	5	6	7	8	10	288
0.50	0.50	0.50	12	WAIT_DIE	2009953.68	5	6	7	8	10	649
0.50	0.50	0.50	16	WAIT_DIE	2643394.64	6	7	8	9	12	1188
0.50	0.50	0.50	20	WAIT_DIE	3088242.32	6	7	8	9	17	1856
0.50	0.50	0.50	24	WAIT_DIE	3471149.50	6	7	8	9	29	2745
0.50	0.50	0.50	28	WAIT_DIE	3801358.36	7	8	9	10	40	3734
0.50	0.50	0.50	32	WAIT_DIE	4110219.50	7	8	9	10	49	4838
0.50	0.50	0.50	36	WAIT_DIE	4546942.41	7	9	10	11	57	6163
0.50	0.50	0.50	1	NO_WAIT	181077.60	5	6	7	8	9	0
0.50	0.50	0.50	4	NO_WAIT	697453.21	5	6	7	8	9	103
0.50	0.50	0.50	8	NO_WAIT	1367912.36	5	6	7	8	9	471
0.50	0.50	0.50	12	NO_WAIT	2027629.03	5	6	7	8	11	973
0.50	0.50	0.50	16	NO_WAIT	2667956.74	5	6	7	8	24	1851
0.50	0.50	0.50	20	NO_WAIT	3005425.00	6	7	8	9	42	2893
0.50	0.50	0.50	24	NO_WAIT	3469327.11	6	7	8	9	54	4072
0.50	0.50	0.50	28	NO_WAIT	3828298.82	7	8	9	10	65	5664
0.50	0.50	0.50	32	NO_WAIT	4142911.78	7	8	9	10	72	7266
0.50	0.50	0.50	36	NO_WAIT	4578526.27	7	9	10	11	76	9202
0.50	0.50	0.50	1	DL_DETECT	176790.22	5	6	7	8	9	0
0.50	0.50	0.50	4	DL_DETECT	687966.95	5	6	7	8	9	0
0.50	0.50	0.50	8	DL_DETECT	1351812.57	5	6	7	8	9	0
0.50	0.50	0.50	12	DL_DETECT	2003580.67	5	6	7	8	9	0
0.50	0.50	0.50	16	DL_DETECT	2627891.90	6	7	8	9	10	0
0.50	0.50	0.50	20	DL_DETECT	3053425.43	6	7	8	9	10	0
0.50	0.50	0.50	24	DL_DETECT	3456033.96	6	7	8	9	11	0
0.50	0.50	0.50	28	DL_DETECT	3800618.04	7	8	9	10	12	0
0.50	0.50	0.50	32	DL_DETECT	4004937.63	7	9	10	11	13	1
0.50	0.50	0.50	36	DL_DETECT	4414741.62	8	9	10	11	14	1
0.50	0.50	0.50	1	MVCC	123437.39	7	8	9	10	468	0
0.50	0.50	0.50	4	MVCC	472771.65	7	8	9	10	479	24
0.50	0.50	0.50	8	MVCC	906357.55	7	9	10	11	481	108
0.50	0.50	0.50	12	MVCC	1341480.44	8	9	10	11	439	257
0.50	0.50	0.50	16	MVCC	1719026.76	8	9	10	11	451	399
0.50	0.50	0.50	20	MVCC	1965210.89	9	10	11	13	454	686
0.50	0.50	0.50	24	MVCC	2209123.74	9	11	12	13	463	936
0.50	0.50	0.50	28	MVCC	2377724.81	10	12	13	14	488	1280
0.50	0.50	0.50	32	MVCC	2646218.41	11	13	14	15	116	1657
0.50	0.50	0.50	36	MVCC	2892505.48	11	13	14	16	112	2058
0.50	0.50	0.50	1	OCC	159668.28	6	7	8	9	10	0
0.50	0.50	0.50	4	OCC	618106.81	6	7	8	9	10	137
0.50	0.50	0.50	8	OCC	1227321.88	6	7	8	9	10	511
0.50	0.50	0.50	12	OCC	1845578.83	6	7	8	9	16	1247
0.50	0.50	0.50	16	OCC	2414064.45	6	7	8	9	44	2289
0.50	0.50	0.50	20	OCC	2744214.34	7	8	9	10	58	3544
0.50	0.50	0.50	24	OCC	3059376.65	7	8	9	10	69	5082
0.50	0.50	0.50	28	OCC	3409085.23	8	9	10	11	76	6989
0.50	0.50	0.50	32	OCC	3723495.60	8	9	10	11	82	9155
0.50	0.50	0.50	36	OCC	4028413.37	8	10	11	12	86	11535
0.50	0.50	0.50	1	HEKATON	135959.82	6	7	8	9	423	0
0.50	0.50	0.50	4	HEKATON	530835.58	6	7	8	9	434	138
0.50	0.50	0.50	8	HEKATON	1036154.73	6	7	8	9	431	564
0.50	0.50	0.50	12	HEKATON	1531687.78	7	8	9	10	431	1342
0.50	0.50	0.50	16	HEKATON	1960427.68	7	8	9	10	439	2550
0.50	0.50	0.50	20	HEKATON	2248112.36	8	9	10	11	218	3756
0.50	0.50	0.50	24	HEKATON	2504503.59	8	10	11	12	148	5515
0.50	0.50	0.50	28	HEKATON	2781806.12	9	11	12	13	114	7927
0.50	0.50	0.50	32	HEKATON	3012215.15	9	11	12	13	117	10291
0.50	0.50	0.50	36	HEKATON	3290192.72	10	11	12	14	116	12849
0.90	0.10	0.50	1	WAIT_DIE	190253.50	5	6	7	8	9	0
0.90	0.10	0.50	4	WAIT_DIE	740130.22	5	6	7	8	9	17
0.90	0.10	0.50	8	WAIT_DIE	1426335.01	5	6	7	8	9	73
0.90	0.10	0.50	12	WAIT_DIE	2115112.71	5	6	7	8	9	169
0.90	0.10	0.50	16	WAIT_DIE	2776524.44	5	6	7	8	9	281
0.90	0.10	0.50	20	WAIT_DIE	3258288.86	6	7	8	9	10	463
0.90	0.10	0.50	24	WAIT_DIE	3697618.27	6	7	8	9	10	676
0.90	0.10	0.50	28	WAIT_DIE	4094808.28	6	7	8	9	11	964
0.90	0.10	0.50	32	WAIT_DIE	4430211.38	7	8	9	10	12	1283
0.90	0.10	0.50	36	WAIT_DIE	4952296.99	7	8	9	10	12	1510
0.90	0.10	0.50	1	NO_WAIT	193069.85	5	6	7	8	9	0
0.90	0.10	0.50	4	NO_WAIT	746569.44	5	6	7	8	9	22
0.90	0.10	0.50	8	NO_WAIT	1470141.32	5	6	7	8	9	96
0.90	0.10	0.50	12	NO_WAIT	2149823.48	5	6	7	8	9	263
0.90	0.10	0.50	16	NO_WAIT	2823138.75	5	6	7	8	10	425
0.90	0.10	0.50	20	NO_WAIT	3305853.86	6	7	8	9	10	773
0.90	0.10	0.50	24	NO_WAIT	3751627.90	6	7	8	9	10	1058
0.90	0.10	0.50	28	NO_WAIT	4146567.07	6	7	8	9	11	1485
0.90	0.10	0.50	32	NO_WAIT	4490585.19	7	8	9	10	12	1797
0.90	0.10	0.50	36	NO_WAIT	5023263.96	7	8	9	10	13	2435
0.90	0.10	0.50	1	DL_DETECT	191644.04	5	6	7	8	9	0
0.90	0.10	0.50	4	DL_DETECT	732733.66	5	6	7	8	9	0
0.90	0.10	0.50	8	DL_DETECT	1430922.88	5	6	7	8	9	0
0.90	0.10	0.50	12	DL_DETECT	2139979.81	5	6	7	8	9	0
0.90	0.10	0.50	16	DL_DETECT	2805226.70	5	6	7	8	9	0
0.90	0.10	0.50	20	DL_DETECT	3282916.19	6	7	8	9	10	0
0.90	0.10	0.50	24	DL_DETECT	3731897.84	6	7	8	9	10	0
0.90	0.10	0.50	28	DL_DETECT	4182002.21	6	7	8	9	10	0
0.90	0.10	0.50	32	DL_DETECT	4542184.74	6	8	9	10	11	0
0.90	0.10	0.50	36	DL_DETECT	4973575.30	7	8	9	10	12	0
0.90	0.10	0.50	1	MVCC	176753.04	5	6	7	8	9	0
0.90	0.10	0.50	4	MVCC	675473.90	5	6	7	8	9	5
0.90	0.10	0.50	8	MVCC	1305093.40	5	6	7	8	9	23
0.90	0.10	0.50	12	MVCC	1881504.06	6	7	8	9	10	54
0.90	0.10	0.50	16	MVCC	2453269.89	6	7	8	9	12	102
0.90	0.10	0.50	20	MVCC	2845655.24	6	8	9	10	13	139
0.90	0.10	0.50	24	MVCC	3184642.15	7	8	9	10	12	198
0.90	0.10	0.50	28	MVCC	3495450.36	7	9	10	11	13	304
0.90	0.10	0.50	32	MVCC	3817633.17	8	9	10	11	13	316
0.90	0.10	0.50	36	MVCC	4164884.18	8	9	10	11	15	451
0.90	0.10	0.50	1	OCC	166634.84	6	7	8	9	10	0
0.90	0.10	0.50	4	OCC	635702.54	6	7	8	9	10	29
0.90	0.10	0.50	8	OCC	1256374.62	6	7	8	9	10	133
0.90	0.10	0.50	12	OCC	1873069.65	6	7	8	9	10	266
0.90	0.10	0.50	16	OCC	2460830.35	6	7	8	9	11	490
0.90	0.10	0.50	20	OCC	2823863.21	7	8	9	10	11	710
0.90	0.10	0.50	24	OCC	3216967.85	7	8	9	10	12	1089
0.90	0.10	0.50	28	OCC	3527430.29	7	9	10	11	13	1432
0.90	0.10	0.50	32	OCC	3818045.25	8	9	10	11	13	1897
0.90	0.10	0.50	36	OCC	4127819.82	8	9	10	11	17	2316
0.90	0.10	0.50	1	HEKATON	188927.34	5	6	7	8	9	0
0.90	0.10	0.50	4	HEKATON	712284.02	5	6	7	8	9	23
0.90	0.10	0.50	8	HEKATON	1371424.74	5	6	7	8	9	117
0.90	0.10	0.50	12	HEKATON	2031775.27	5	6	7	8	10	253
0.90	0.10	0.50	16	HEKATON	2613323.92	5	6	7	8	11	459
0.90	0.10	0.50	20	HEKATON	2987125.72	6	7	8	9	16	748
0.90	0.10	0.50	24	HEKATON	3322016.99	6	8	9	10	13	1076
0.90	0.10	0.50	28	HEKATON	3624278.33	7	8	9	10	14	1462
0.90	0.10	0.50	32	HEKATON	3952551.19	7	9	10	11	15	1856
0.90	0.10	0.50	36	HEKATON	4202600.80	8	9	10	11	22	2278
1.00	0.00	0.50	1	WAIT_DIE	194492.68	5	6	7	8	9	0
1.00	0.00	0.50	4	WAIT_DIE	744113.10	5	6	7	8	9	0
1.00	0.00	0.50	8	WAIT_DIE	1459707.88	5	6	7	8	9	0
1.00	0.00	0.50	12	WAIT_DIE	2146123.76	5	6	7	8	9	0
1.00	0.00	0.50	16	WAIT_DIE	2834089.13	5	6	7	8	9	0
1.00	0.00	0.50	20	WAIT_DIE	3344677.92	5	6	7	8	10	0
1.00	0.00	0.50	24	WAIT_DIE	3839314.82	6	7	8	9	10	0
1.00	0.00	0.50	28	WAIT_DIE	4255182.42	6	7	8	9	10	0
1.00	0.00	0.50	32	WAIT_DIE	4668189.92	6	7	8	9	11	0
1.00	0.00	0.50	36	WAIT_DIE	5158801.29	6	8	9	10	11	0
1.00	0.00	0.50	1	NO_WAIT	197627.02	5	6	7	8	9	0
1.00	0.00	0.50	4	NO_WAIT	755195.63	5	6	7	8	9	0
1.00	0.00	0.50	8	NO_WAIT	1469395.23	5	6	7	8	9	0
1.00	0.00	0.50	12	NO_WAIT	2185818.76	5	6	7	8	9	0
1.00	0.00	0.50	16	NO_WAIT	2889447.24	5	6	7	8	9	0
1.00	0.00	0.50	20	NO_WAIT	3410695.52	5	6	7	8	10	0
1.00	0.00	0.50	24	NO_WAIT	3862758.55	6	7	8	9	10	0
1.00	0.00	0.50	28	NO_WAIT	4316614.73	6	7	8	9	10	0
1.00	0.00	0.50	32	NO_WAIT	4724370.52	6	7	8	9	11	0
1.00	0.00	0.50	36	NO_WAIT	5238041.50	6	7	8	9	11	0
1.00	0.00	0.50	1	DL_DETECT	196451.96	5	6	7	8	9	0
1.00	0.00	0.50	4	DL_DETECT	747845.95	5	6	7	8	9	0
1.00	0.00	0.50	8	DL_DETECT	1453895.02	5	6	7	8	9	0
1.00	0.00	0.50	12	DL_DETECT	2168645.69	5	6	7	8	9	0
1.00	0.00	0.50	16	DL_DETECT	2880772.54	5	6	7	8	9	0
1.00	0.00	0.50	20	DL_DETECT	3391096.19	5	6	7	8	10	0
1.00	0.00	0.50	24	DL_DETECT	3845111.36	6	7	8	9	10	0
1.00	0.00	0.50	28	DL_DETECT	4300678.78	6	7	8	9	10	0
1.00	0.00	0.50	32	DL_DETECT	4699859.48	6	7	8	9	11	0
1.00	0.00	0.50	36	DL_DETECT	5189001.99	6	8	9	10	11	0
1.00	0.00	0.50	1	MVCC	207153.00	4	5	6	7	8	0
1.00	0.00	0.50	4	MVCC	789366.73	5	6	7	8	9	0
1.00	0.00	0.50	8	MVCC	1547741.51	5	6	7	8	9	0
1.00	0.00	0.50	12	MVCC	2272596.34	5	6	7	8	9	0
1.00	0.00	0.50	16	MVCC	2980900.54	5	6	7	8	10	0
1.00	0.00	0.50	20	MVCC	3533266.13	5	6	7	8	10	0
1.00	0.00	0.50	24	MVCC	4086114.65	5	6	7	8	10	0
1.00	0.00	0.50	28	MVCC	4505979.53	6	7	8	9	11	0
1.00	0.00	0.50	32	MVCC	4897317.30	6	7	8	9	11	0
1.00	0.00	0.50	36	MVCC	5349348.51	6	7	8	9	11	0
1.00	0.00	0.50	1	OCC	167272.83	5	6	7	8	9	0
1.00	0.00	0.50	4	OCC	633655.60	6	7	8	9	10	0
1.00	0.00	0.50	8	OCC	1264915.20	6	7	8	9	10	0
1.00	0.00	0.50	12	OCC	1899333.60	6	7	8	9	10	0
1.00	0.00	0.50	16	OCC	2524433.43	6	7	8	9	10	0
1.00	0.00	0.50	20	OCC	2897184.45	6	7	8	9	11	0
1.00	0.00	0.50	24	OCC	3243776.33	7	8	9	10	11	0
1.00	0.00	0.50	28	OCC	3525006.75	7	9	10	11	12	0
1.00	0.00	0.50	32	OCC	3869280.71	8	9	10	11	12	0
1.00	0.00	0.50	36	OCC	4302194.72	8	9	10	11	13	0
1.00	0.00	0.50	1	HEKATON	219455.62	4	5	6	7	8	0
1.00	0.00	0.50	4	HEKATON	832113.05	4	5	6	7	8	0
1.00	0.00	0.50	8	HEKATON	1663741.72	4	5	6	7	8	0
1.00	0.00	0.50	12	HEKATON	2436385.09	4	5	6	7	8	0
1.00	0.00	0.50	16	HEKATON	3162926.69	5	6	7	8	9	0
1.00	0.00	0.50	20	HEKATON	3694237.81	5	6	7	8	10	0
1.00	0.00	0.50	24	HEKATON	4101184.86	5	6	7	8	10	0
1.00	0.00	0.50	28	HEKATON	4568803.03	6	7	8	9	10	0
1.00	0.00	0.50	32	HEKATON	4896012.70	6	7	8	9	11	0
1.00	0.00	0.50	36	HEKATON	5158508.17	6	8	9	10	12	0
0.50	0.50	0.99	1	WAIT_DIE	325975.58	2	3	4	5	6	0
0.50	0.50	0.99	4	WAIT_DIE	727495.28	3	45	80	124	5252	65911
0.50	0.50	0.99	8	WAIT_DIE	793824.09	3	61	92	554	8961	153660
0.50	0.50	0.99	12	WAIT_DIE	808843.33	3	69	98	2960	8965	234266
0.50	0.50	0.99	16	WAIT_DIE	826021.25	3	76	105	4588	8969	354224
0.50	0.50	0.99	20	WAIT_DIE	714155.42	4	96	166	6165	8973	536212
0.50	0.50	0.99	24	WAIT_DIE	712182.02	4	102	207	7089	8977	654350
0.50	0.50	0.99	28	WAIT_DIE	716130.50	4	109	375	7788	8981	946363
0.50	0.50	0.99	32	WAIT_DIE	720043.43	4	121	1018	8392	8985	1124321
0.50	0.50	0.99	36	WAIT_DIE	681893.16	5	158	1839	8989	8990	1250511
0.50	0.50	0.99	1	NO_WAIT	333338.78	2	3	4	5	6	0
0.50	0.50	0.99	4	NO_WAIT	588836.22	3	49	88	243	8957	60272
0.50	0.50	0.99	8	NO_WAIT	640531.31	3	67	103	4461	8961	116662
0.50	0.50	0.99	12	NO_WAIT	664644.89	3	82	151	6900	8965	245644
0.50	0.50	0.99	16	NO_WAIT	675903.63	3	92	253	8653	8969	337457
0.50	0.50	0.99	20	NO_WAIT	619852.58	4	138	2094	8973	8974	478541
0.50	0.50	0.99	24	NO_WAIT	609327.21	4	188	3222	8977	8978	731494
0.50	0.50	0.99	28	NO_WAIT	619005.51	4	268	4151	8981	8982	1003303
0.50	0.50	0.99	32	NO_WAIT	622102.18	4	720	4961	8985	8986	1279695
0.50	0.50	0.99	36	NO_WAIT	589720.08	5	1818	6202	8989	8990	1446036
0.50	0.50	0.99	1	DL_DETECT	328614.25	2	3	4	5	6	0
0.50	0.50	0.99	4	DL_DETECT	856117.70	4	7	9	51	112	5947
0.50	0.50	0.99	8	DL_DETECT	602566.65	9	46	113	234	479	88954
0.50	0.50	0.99	12	DL_DETECT	283287.31	37	322	527	1218	2816	455894
0.50	0.50	0.99	16	DL_DETECT	148240.27	111	1257	2129	5410	8969	1214752
0.50	0.50	0.99	20	DL_DETECT	60731.55	494	5456	8973	8974	8975	2452945
0.50	0.50	0.99	24	DL_DETECT	37595.72	1291	8977	8978	8979	8980	4169504
0.50	0.50	0.99	28	DL_DETECT	25410.72	2877	8873	8874	8875	8876	6456219
0.50	0.50	0.99	32	DL_DETECT	19013.64	5460	8585	8586	8587	8588	9343055
0.50	0.50	0.99	36	DL_DETECT	15089.91	8317	8318	8319	8320	8321	12947924
0.50	0.50	0.99	1	MVCC	221153.47	4	5	6	7	9	0
0.50	0.50	0.99	4	MVCC	745004.76	4	6	41	102	457	29565
0.50	0.50	0.99	8	MVCC	1125871.41	5	49	91	202	551	127654
0.50	0.50	0.99	12	MVCC	1219805.70	6	95	161	493	1025	295514
0.50	0.50	0.99	16	MVCC	1112772.28	10	242	506	1372	3430	596016
0.50	0.50	0.99	20	MVCC	613865.50	25	1105	2181	7105	8973	1194927
0.50	0.50	0.99	24	MVCC	444656.52	48	2877	6184	8977	8978	1986473
0.50	0.50	0.99	28	MVCC	342714.25	151	6518	8981	8982	8983	2961486
0.50	0.50	0.99	32	MVCC	283293.19	321	8985	8986	8987	8988	4128641
0.50	0.50	0.99	36	MVCC	209486.48	700	8989	8990	8991	8992	5376201
0.50	0.50	0.99	1	OCC	267993.41	3	4	5	6	7	0
0.50	0.50	0.99	4	OCC	581635.58	4	90	115	221	3035	130503
0.50	0.50	0.99	8	OCC	645550.99	6	153	228	696	8961	421952
0.50	0.50	0.99	12	OCC	675428.37	11	233	366	2819	8965	912915
0.50	0.50	0.99	16	OCC	622551.48	87	507	741	1769	8969	2180866
0.50	0.50	0.99	20	OCC	433228.47	163	864	1207	2132	3821	3464313
0.50	0.50	0.99	24	OCC	376027.91	224	1137	1585	2781	4865	4799262
0.50	0.50	0.99	28	OCC	341625.89	283	1417	1983	3494	6048	6069384
0.50	0.50	0.99	32	OCC	325184.68	348	1701	2383	4222	7440	7588895
0.50	0.50	0.99	36	OCC	290181.25	423	2085	2946	5303	8989	8929108
0.50	0.50	0.99	1	HEKATON	260188.35	3	4	5	6	7	0
0.50	0.50	0.99	4	HEKATON	503701.48	3	59	93	426	8957	81255
0.50	0.50	0.99	8	HEKATON	598947.69	3	76	105	3963	8961	206000
0.50	0.50	0.99	12	HEKATON	633604.63	4	88	150	6037	8965	350855
0.50	0.50	0.99	16	HEKATON	660856.66	4	95	213	7771	8969	535360
0.50	0.50	0.99	20	HEKATON	620434.71	5	132	1361	8973	8974	917018
0.50	0.50	0.99	24	HEKATON	607796.27	5	199	2861	8977	8978	1266923
0.50	0.50	0.99	28	HEKATON	599790.23	6	349	4105	8981	8982	1656573
0.50	0.50	0.99	32	HEKATON	422437.47	22	8985	8986	8987	8988	3159110
0.50	0.50	0.99	36	HEKATON	31493.70	8989	8990	8991	8992	8993	34992182
0.90	0.10	0.99	1	WAIT_DIE	357858.71	2	3	4	5	6	0
0.90	0.10	0.99	4	WAIT_DIE	1125322.01	3	4	32	93	135	28207
0.90	0.10	0.99	8	WAIT_DIE	1725972.57	3	45	82	136	317	130648
0.90	0.10	0.99	12	WAIT_DIE	1917113.00	3	65	96	191	5345	247062
0.90	0.10	0.99	16	WAIT_DIE	1977126.13	3	77	105	260	7765	373732
0.90	0.10	0.99	20	WAIT_DIE	1406473.28	5	110	182	639	8973	587983
0.90	0.10	0.99	24	WAIT_DIE	1272564.94	5	153	263	1656	8977	905771
0.90	0.10	0.99	28	WAIT_DIE	1232443.34	6	181	324	3079	8981	1293822
0.90	0.10	0.99	32	WAIT_DIE	1198487.68	7	212	401	4293	8985	1519839
0.90	0.10	0.99	36	WAIT_DIE	1052077.40	9	303	630	5836	8989	1725740
0.90	0.10	0.99	1	NO_WAIT	353912.16	2	3	4	5	6	0
0.90	0.10	0.99	4	NO_WAIT	1139417.42	3	16	74	165	364	47834
0.90	0.10	0.99	8	NO_WAIT	1423690.96	3	75	133	503	8961	162856
0.90	0.10	0.99	12	NO_WAIT	1533335.30	3	92	191	2468	8965	270014
0.90	0.10	0.99	16	NO_WAIT	1568705.21	3	105	269	5483	8969	410144
0.90	0.10	0.99	20	NO_WAIT	1275514.31	4	281	915	8973	8974	632798
0.90	0.10	0.99	24	NO_WAIT	1213175.48	5	517	2700	8977	8978	946197
0.90	0.10	0.99	28	NO_WAIT	1196703.54	5	837	4540	8981	8982	1334030
0.90	0.10	0.99	32	NO_WAIT	1167239.81	6	1387	6567	8985	8986	1786997
0.90	0.10	0.99	36	NO_WAIT	1023127.74	11	3958	8989	8990	8991	1978435
0.90	0.10	0.99	1	DL_DETECT	361880.89	2	3	4	5	6	0
0.90	0.10	0.99	4	DL_DETECT	1125239.57	3	4	5	7	13	308
0.90	0.10	0.99	8	DL_DETECT	1672002.96	3	7	10	18	96	3079
0.90	0.10	0.99	12	DL_DETECT	1523700.55	4	18	25	61	170	14195
0.90	0.10	0.99	16	DL_DETECT	1020613.14	6	42	61	180	513	54284
0.90	0.10	0.99	20	DL_DETECT	430072.83	28	142	248	728	2894	156820
0.90	0.10	0.99	24	DL_DETECT	229079.58	79	463	940	3782	8977	390228
0.90	0.10	0.99	28	DL_DETECT	137060.22	177	1674	4070	8981	8982	808290
0.90	0.10	0.99	32	DL_DETECT	88717.21	342	6516	8851	8852	8853	1448882
0.90	0.10	0.99	36	DL_DETECT	61728.63	624	8661	8662	8663	8664	2345941
0.90	0.10	0.99	1	MVCC	321267.62	2	3	4	5	6	0
0.90	0.10	0.99	4	MVCC	1240394.95	3	4	5	48	105	6119
0.90	0.10	0.99	8	MVCC	2238285.02	3	4	5	83	175	24922
0.90	0.10	0.99	12	MVCC	3188903.26	3	5	8	99	254	56917
0.90	0.10	0.99	16	MVCC	3623610.71	3	7	33	118	381	97028
0.90	0.10	0.99	20	MVCC	800110.94	5	133	319	1167	3052	181766
0.90	0.10	0.99	24	MVCC	586562.24	7	266	683	2541	6555	277091
0.90	0.10	0.99	28	MVCC	461192.68	18	507	1375	4678	8981	433690
0.90	0.10	0.99	32	MVCC	362314.96	38	994	2642	7856	8985	636102
0.90	0.10	0.99	36	MVCC	287367.37	60	1734	4547	8989	8990	510654
0.90	0.10	0.99	1	OCC	273678.80	3	4	5	6	7	0
0.90	0.10	0.99	4	OCC	772200.14	4	11	54	104	174	33993
0.90	0.10	0.99	8	OCC	888900.03	5	84	116	212	365	175746
0.90	0.10	0.99	12	OCC	844797.85	9	140	209	375	633	435364
0.90	0.10	0.99	16	OCC	790182.17	13	220	318	559	924	767766
0.90	0.10	0.99	20	OCC	583446.64	27	359	516	904	1549	1116114
0.90	0.10	0.99	24	OCC	512764.33	42	491	698	1211	2048	1560258
0.90	0.10	0.99	28	OCC	471416.05	59	629	891	1539	2601	2018561
0.90	0.10	0.99	32	OCC	444554.86	79	777	1095	1878	3149	2554151
0.90	0.10	0.99	36	OCC	403353.54	107	962	1354	2320	3888	3042711
0.90	0.10	0.99	1	HEKATON	360171.64	2	3	4	5	6	0
0.90	0.10	0.99	4	HEKATON	1267805.35	2	4	42	96	221	32548
0.90	0.10	0.99	8	HEKATON	2146348.63	3	42	78	111	453	125579
0.90	0.10	0.99	12	HEKATON	2362383.17	3	63	93	173	3884	244825
0.90	0.10	0.99	16	HEKATON	565722.10	19	270	394	697	1210	637176
0.90	0.10	0.99	20	HEKATON	302019.45	34	716	1127	2129	3783	352991
0.90	0.10	0.99	24	HEKATON	240754.56	81	1015	1536	2941	5408	893805
0.90	0.10	0.99	28	HEKATON	196712.51	147	1472	2158	4110	7886	1699515
0.90	0.10	0.99	32	HEKATON	160420.98	249	2304	3467	7095	8985	2535610
0.90	0.10	0.99	36	HEKATON	149245.28	228	3625	5828	8989	8990	790901
1.00	0.00	0.99	1	WAIT_DIE	368725.14	2	3	4	5	6	0
1.00	0.00	0.99	4	WAIT_DIE	1183410.04	3	4	5	6	7	0
1.00	0.00	0.99	8	WAIT_DIE	2035576.67	3	4	5	8	11	0
1.00	0.00	0.99	12	WAIT_DIE	2776550.78	3	6	7	10	14	0
1.00	0.00	0.99	16	WAIT_DIE	2971737.95	4	9	11	16	22	0
1.00	0.00	0.99	20	WAIT_DIE	2038927.51	5	22	28	39	55	0
1.00	0.00	0.99	24	WAIT_DIE	1643872.83	5	37	46	64	88	0
1.00	0.00	0.99	28	WAIT_DIE	1562472.02	5	47	58	81	112	0
1.00	0.00	0.99	32	WAIT_DIE	1482107.11	5	59	73	101	141	0
1.00	0.00	0.99	36	WAIT_DIE	1330681.89	5	77	94	131	183	0
1.00	0.00	0.99	1	NO_WAIT	352728.64	2	3	4	5	6	0
1.00	0.00	0.99	4	NO_WAIT	1210763.24	3	4	5	6	8	0
1.00	0.00	0.99	8	NO_WAIT	2064014.66	3	4	5	8	11	0
1.00	0.00	0.99	12	NO_WAIT	2727659.59	3	6	8	11	15	0
1.00	0.00	0.99	16	NO_WAIT	2961231.89	4	9	11	16	23	0
1.00	0.00	0.99	20	NO_WAIT	2027414.34	5	22	28	40	56	0
1.00	0.00	0.99	24	NO_WAIT	1668391.95	5	36	44	62	86	0
1.00	0.00	0.99	28	NO_WAIT	1542679.77	5	48	59	82	115	0
1.00	0.00	0.99	32	NO_WAIT	1475864.45	5	59	73	101	140	0
1.00	0.00	0.99	36	NO_WAIT	1327200.53	5	76	94	131	182	0
1.00	0.00	0.99	1	DL_DETECT	347890.36	2	3	4	5	6	0
1.00	0.00	0.99	4	DL_DETECT	1163879.51	3	4	5	6	7	0
1.00	0.00	0.99	8	DL_DETECT	2105754.02	3	4	5	7	10	0
1.00	0.00	0.99	12	DL_DETECT	2739257.18	3	6	7	10	14	0
1.00	0.00	0.99	16	DL_DETECT	2963719.61	4	9	11	17	23	0
1.00	0.00	0.99	20	DL_DETECT	2070655.37	5	22	28	39	54	0
1.00	0.00	0.99	24	DL_DETECT	1665631.97	5	36	44	62	86	0
1.00	0.00	0.99	28	DL_DETECT	1545114.89	5	47	58	82	113	0
1.00	0.00	0.99	32	DL_DETECT	1504294.17	5	57	71	98	137	0
1.00	0.00	0.99	36	DL_DETECT	1312376.27	5	78	96	133	185	0
1.00	0.00	0.99	1	MVCC	396168.93	2	3	4	5	6	0
1.00	0.00	0.99	4	MVCC	1431957.51	2	3	4	5	6	0
1.00	0.00	0.99	8	MVCC	2819283.38	2	3	4	5	6	0
1.00	0.00	0.99	12	MVCC	4041215.78	2	3	4	5	6	0
1.00	0.00	0.99	16	MVCC	5077827.90	2	3	4	6	24	0
1.00	0.00	0.99	20	MVCC	779105.95	4	76	120	228	393	0
1.00	0.00	0.99	24	MVCC	693587.73	4	102	162	327	593	0
1.00	0.00	0.99	28	MVCC	532042.64	4	168	248	438	729	0
1.00	0.00	0.99	32	MVCC	461576.57	4	226	333	583	952	0
1.00	0.00	0.99	36	MVCC	366898.45	5	313	493	942	1648	0
1.00	0.00	0.99	1	OCC	279135.46	3	4	5	6	7	0
1.00	0.00	0.99	4	OCC	837213.53	4	7	8	12	18	0
1.00	0.00	0.99	8	OCC	1036983.22	4	15	20	32	48	0
1.00	0.00	0.99	12	OCC	1028220.55	5	28	38	60	90	0
1.00	0.00	0.99	16	OCC	983964.61	6	44	61	96	144	0
1.00	0.00	0.99	20	OCC	775428.94	7	76	106	171	259	0
1.00	0.00	0.99	24	OCC	696867.82	8	108	152	245	374	0
1.00	0.00	0.99	28	OCC	668915.53	8	136	193	315	484	0
1.00	0.00	0.99	32	OCC	666835.16	8	160	229	375	576	0
1.00	0.00	0.99	36	OCC	626360.16	8	197	282	467	719	0
1.00	0.00	0.99	1	HEKATON	428343.14	2	3	4	5	6	0
1.00	0.00	0.99	4	HEKATON	1484654.94	2	3	4	5	6	0
1.00	0.00	0.99	8	HEKATON	2941153.56	2	3	4	5	6	0
1.00	0.00	0.99	12	HEKATON	4158313.68	2	3	4	5	9	0
1.00	0.00	0.99	16	HEKATON	1929255.41	3	24	33	53	79	0
1.00	0.00	0.99	20	HEKATON	915034.61	4	65	91	147	222	0
1.00	0.00	0.99	24	HEKATON	796748.46	4	90	122	197	305	0
1.00	0.00	0.99	28	HEKATON	646550.79	4	129	186	326	530	0
1.00	0.00	0.99	32	HEKATON	564650.25	4	175	231	350	516	0
1.00	0.00	0.99	36	HEKATON	603770.14	6	177	271	538	959	0
