No Backoff.
Rd	Wt	Zip	T	CC	TP	P50	P90	P99	P999	Abt
0.50	0.50	0.99	1	WOUND_WAIT	0	150462.01	5	11	15	42	64	0	0	0	0	0	0.00	0.00	
0.50	0.50	0.99	4	WOUND_WAIT	0	421487.42	7	18	24	48	78	0	0	0	1	3	0.03	0.03	
0.50	0.50	0.99	8	WOUND_WAIT	0	537873.28	10	31	41	67	117	0	0	1	2	5	0.11	0.08	
0.50	0.50	0.99	12	WOUND_WAIT	0	554182.86	13	47	58	90	171	0	1	1	3	8	0.19	0.12	
0.50	0.50	0.99	16	WOUND_WAIT	0	515557.18	20	62	74	114	411	0	1	2	4	15	0.27	0.15	
0.50	0.50	0.99	20	WOUND_WAIT	0	325315.72	51	147	182	276	657	0	1	2	5	12	0.26	0.18	
0.50	0.50	0.99	24	WOUND_WAIT	0	260304.20	82	217	269	434	1110	0	2	3	6	16	0.32	0.20	
0.50	0.50	0.99	28	WOUND_WAIT	0	222570.64	115	292	365	595	1351	0	2	3	7	19	0.40	0.22	
0.50	0.50	0.99	32	WOUND_WAIT	0	198698.71	140	362	458	761	2428	0	2	4	9	25	0.46	0.24	
0.50	0.50	0.99	36	WOUND_WAIT	0	150268.74	217	525	685	1106	2526	0	2	4	11	30	0.51	0.26	
0.50	0.50	0.99	40	WOUND_WAIT	0	151860.54	255	633	815	1278	3763	0	3	5	13	34	0.49	0.27	
0.50	0.50	0.99	44	WOUND_WAIT	0	133696.24	325	804	1067	1669	3862	0	3	6	15	46	0.53	0.28	
0.50	0.50	0.99	48	WOUND_WAIT	0	114016.81	417	995	1219	1786	6124	0	4	6	17	47	0.56	0.29	
0.50	0.50	0.99	52	WOUND_WAIT	0	99562.54	523	1216	1490	2184	6730	0	4	7	20	56	0.60	0.30	
0.50	0.50	0.99	56	WOUND_WAIT	0	73680.88	681	1535	1879	2736	7836	0	4	8	23	79	0.72	0.32	
0.50	0.50	0.99	60	WOUND_WAIT	0	69747.22	835	1865	2282	3520	19565	0	5	9	27	97	0.69	0.32	
0.50	0.50	0.99	64	WOUND_WAIT	0	79073.05	830	1862	2239	3194	8197	0	5	10	29	89	0.67	0.33	
0.50	0.50	0.99	1	DLOCK	0	109380.40	6	14	22	51	81	0	0	0	0	0	0.00	0.00	
0.50	0.50	0.99	4	DLOCK	0	489701.05	6	14	19	43	65	0	0	0	1	14	0.07	0.01	
0.50	0.50	0.99	8	DLOCK	0	767832.58	7	18	25	49	88	0	0	0	3	30	0.17	0.04	
0.50	0.50	0.99	12	DLOCK	0	775777.69	8	27	37	61	122	0	0	1	5	43	0.48	0.08	
0.50	0.50	0.99	16	DLOCK	0	636539.54	9	40	52	81	172	0	1	1	11	77	0.75	0.10	
0.50	0.50	0.99	20	DLOCK	0	471654.85	12	85	111	180	665	0	1	2	33	213	0.77	0.13	
0.50	0.50	0.99	24	DLOCK	0	267489.01	18	138	180	302	1309	0	1	4	62	337	0.91	0.15	
0.50	0.50	0.99	28	DLOCK	0	284245.14	25	182	243	447	5066	0	2	6	88	523	0.90	0.17	
0.50	0.50	0.99	32	DLOCK	0	163448.55	28	230	311	588	13881	0	2	8	118	667	0.95	0.18	
0.50	0.50	0.99	36	DLOCK	0	143696.81	38	314	433	848	12719	0	3	12	165	933	0.95	0.19	
0.50	0.50	0.99	40	DLOCK	0	165773.58	47	394	553	1047	25495	0	3	17	213	1179	0.96	0.21	
0.50	0.50	0.99	44	DLOCK	0	141094.32	70	533	751	1439	43180	0	4	25	291	1516	0.97	0.22	
0.50	0.50	0.99	48	DLOCK	0	118025.11	84	648	907	1707	85570	0	5	32	349	1907	0.97	0.23	
0.50	0.50	0.99	52	DLOCK	0	135775.59	84	685	975	2053	46537	0	7	40	387	2225	0.97	0.24	
0.50	0.50	0.99	56	DLOCK	0	68087.47	133	982	1314	2460	99999	0	9	58	521	2587	0.98	0.24	
0.50	0.50	0.99	60	DLOCK	0	83843.01	145	1065	1431	2688	99999	0	10	68	562	2671	0.98	0.25	
0.50	0.50	0.99	64	DLOCK	0	77704.51	163	1219	1672	3585	64713	0	13	84	628	3397	0.98	0.26	
0.50	0.50	0.99	1	SILO	0	145910.72	5	11	14	30	49	0	0	0	0	0	0.00	0.00	
0.50	0.50	0.99	4	SILO	0	528253.66	6	13	16	31	44	0	1	1	2	3	0.16	0.17	
0.50	0.50	0.99	8	SILO	0	1057128.23	6	14	17	29	42	0	1	2	3	5	0.28	0.30	
0.50	0.50	0.99	12	SILO	0	1436751.07	7	15	18	27	41	0	2	2	4	8	0.37	0.39	
0.50	0.50	0.99	16	SILO	0	1852517.07	7	16	19	29	45	0	2	3	6	13	0.44	0.44	
0.50	0.50	0.99	20	SILO	0	1465112.52	10	26	35	67	159	0	3	4	11	31	0.53	0.47	
0.50	0.50	0.99	24	SILO	0	1143070.74	13	40	58	136	482	0	3	6	18	63	0.60	0.48	
0.50	0.50	0.99	28	SILO	0	930775.93	15	54	83	246	1118	0	3	7	25	107	0.65	0.47	
0.50	0.50	0.99	32	SILO	0	808035.52	16	65	108	396	1950	0	3	7	32	149	0.68	0.47	
0.50	0.50	0.99	36	SILO	0	714613.60	18	78	130	530	3060	0	3	7	34	180	0.69	0.46	
0.50	0.50	0.99	40	SILO	0	633775.72	19	91	157	732	4521	0	3	7	39	212	0.71	0.45	
0.50	0.50	0.99	44	SILO	0	563264.86	20	106	189	1001	5782	0	3	7	45	228	0.72	0.44	
0.50	0.50	0.99	48	SILO	0	528614.63	19	114	210	1188	8187	0	3	7	48	272	0.73	0.43	
0.50	0.50	0.99	52	SILO	0	489070.35	21	117	217	1327	10796	0	3	6	46	295	0.73	0.43	
0.50	0.50	0.99	56	SILO	0	453681.52	21	124	230	1402	13804	0	3	6	44	330	0.74	0.42	
0.50	0.50	0.99	60	SILO	0	410180.90	24	159	293	1950	14563	0	3	7	56	334	0.76	0.43	
0.50	0.50	0.99	64	SILO	0	380794.66	25	186	353	2583	15660	0	3	8	68	348	0.77	0.43	
Policy 0.
Rd	Wt	Zip	T	CC	TP	P50	P90	P99	P999	Abt
0.50	0.50	0.99	1	WOUND_WAIT	0	137722.12	5	11	15	43	65	0	0	0	0	0	0.00	0.00	
0.50	0.50	0.99	4	WOUND_WAIT	0	393269.10	7	20	36	104	189	0	0	0	1	2	0.03	0.03	
0.50	0.50	0.99	8	WOUND_WAIT	0	560236.60	10	56	103	170	354	0	1	1	2	4	0.12	0.11	
0.50	0.50	0.99	12	WOUND_WAIT	0	592331.13	13	105	143	229	386	0	1	1	2	4	0.17	0.16	
0.50	0.50	0.99	16	WOUND_WAIT	0	563752.98	18	139	186	306	878	0	1	2	3	6	0.23	0.20	
0.50	0.50	0.99	20	WOUND_WAIT	0	353633.97	46	260	336	522	971	0	1	2	3	4	0.25	0.24	
0.50	0.50	0.99	24	WOUND_WAIT	0	293896.83	77	381	492	773	1473	0	2	2	3	5	0.29	0.27	
0.50	0.50	0.99	28	WOUND_WAIT	0	262230.32	108	508	657	1032	2008	0	2	2	4	5	0.32	0.29	
0.50	0.50	0.99	32	WOUND_WAIT	0	237423.12	145	658	857	1387	2755	0	2	3	4	6	0.34	0.31	
0.50	0.50	0.99	36	WOUND_WAIT	0	205077.10	204	865	1115	1805	3364	0	2	3	4	6	0.37	0.32	
0.50	0.50	0.99	40	WOUND_WAIT	0	171855.22	279	1140	1466	2313	4672	0	2	3	5	7	0.39	0.34	
0.50	0.50	0.99	44	WOUND_WAIT	0	154491.98	365	1409	1841	2994	4997	0	2	3	5	7	0.41	0.35	
0.50	0.50	0.99	48	WOUND_WAIT	0	140734.14	442	1679	2153	3386	6880	0	3	3	5	7	0.43	0.36	
0.50	0.50	0.99	52	WOUND_WAIT	0	118362.18	592	2112	2664	4033	6760	0	3	4	6	8	0.45	0.37	
0.50	0.50	0.99	56	WOUND_WAIT	0	110606.60	697	2466	3107	4790	7868	0	3	4	6	8	0.46	0.38	
0.50	0.50	0.99	60	WOUND_WAIT	0	96800.79	890	2925	3634	5403	8560	0	3	4	6	9	0.47	0.38	
0.50	0.50	0.99	64	WOUND_WAIT	0	95108.87	972	3223	4005	6032	8954	0	3	4	6	9	0.49	0.39	
0.50	0.50	0.99	1	DLOCK	0	128572.49	5	12	17	48	72	0	0	0	0	0	0.00	0.00	
0.50	0.50	0.99	4	DLOCK	0	509254.37	6	15	21	59	122	0	0	0	1	1	0.01	0.01	
0.50	0.50	0.99	8	DLOCK	0	811367.68	7	22	45	111	189	0	0	1	1	2	0.05	0.05	
0.50	0.50	0.99	12	DLOCK	0	945304.99	8	45	84	143	254	0	0	1	1	3	0.09	0.08	
0.50	0.50	0.99	16	DLOCK	0	993797.63	9	74	112	187	353	0	1	1	2	3	0.12	0.11	
0.50	0.50	0.99	20	DLOCK	0	721128.39	11	126	172	283	771	0	1	1	2	4	0.14	0.13	
0.50	0.50	0.99	24	DLOCK	0	611262.49	14	192	255	411	771	0	1	1	2	4	0.16	0.15	
0.50	0.50	0.99	28	DLOCK	0	590094.90	16	242	316	527	999	0	1	1	2	4	0.18	0.17	
0.50	0.50	0.99	32	DLOCK	0	590744.34	17	289	385	663	1382	0	1	2	3	4	0.20	0.18	
0.50	0.50	0.99	36	DLOCK	0	506168.73	25	386	514	880	1707	0	1	2	3	5	0.22	0.19	
0.50	0.50	0.99	40	DLOCK	0	
0.50	0.50	0.99	44	DLOCK	0	419914.33	38	581	780	1370	2577	0	1	2	4	5	0.25	0.21	
0.50	0.50	0.99	48	DLOCK	0	435429.91	40	630	847	1555	2943	0	1	2	4	6	0.26	0.22	
0.50	0.50	0.99	52	DLOCK	0	356477.22	51	828	1134	1984	3944	0	1	2	4	6	0.28	0.23	
0.50	0.50	0.99	56	DLOCK	0	346027.14	56	935	1282	2210	4093	0	2	2	4	7	0.29	0.23	
0.50	0.50	0.99	60	DLOCK	0	331460.77	63	1061	1449	2538	4917	0	2	2	4	7	0.30	0.24	
0.50	0.50	0.99	64	DLOCK	0	301157.50	80	1241	1725	3048	5815	0	2	3	5	7	0.31	0.25	
0.50	0.50	0.99	1	SILO	0	137355.13	5	13	21	33	53	0	0	0	0	0	0.00	0.00	
0.50	0.50	0.99	4	SILO	0	507735.27	6	65	96	138	227	0	1	1	2	3	0.16	0.17	
0.50	0.50	0.99	8	SILO	0	961778.49	7	99	123	220	380	0	1	2	3	6	0.29	0.31	
0.50	0.50	0.99	12	SILO	0	1341848.06	9	117	173	314	584	0	2	3	5	9	0.38	0.39	
0.50	0.50	0.99	16	SILO	0	1684932.68	10	150	222	449	929	0	2	3	7	15	0.45	0.43	
0.50	0.50	0.99	20	SILO	0	1373012.73	15	201	313	730	1918	0	3	5	11	30	0.53	0.46	
0.50	0.50	0.99	24	SILO	0	1157948.85	23	255	418	1122	3660	0	3	6	17	56	0.59	0.47	
0.50	0.50	0.99	28	SILO	0	1001362.30	27	304	526	1705	7157	0	4	7	24	104	0.65	0.48	
0.50	0.50	0.99	32	SILO	0	858142.36	28	338	603	2341	11272	0	4	7	30	152	0.68	0.47	
0.50	0.50	0.99	36	SILO	0	746136.97	31	373	682	2958	15620	0	4	7	34	190	0.70	0.46	
0.50	0.50	0.99	40	SILO	0	672017.96	30	389	734	3395	20694	0	3	7	35	205	0.70	0.45	
0.50	0.50	0.99	44	SILO	0	595414.45	32	433	844	4154	24709	0	3	7	40	228	0.72	0.45	
0.50	0.50	0.99	48	SILO	0	519033.26	24	461	955	5352	33734	0	3	7	46	280	0.73	0.43	
0.50	0.50	0.99	52	SILO	0	501023.14	33	453	886	4855	41763	0	3	6	36	280	0.72	0.43	
0.50	0.50	0.99	56	SILO	0	450167.07	25	398	812	5240	58416	0	3	5	30	336	0.72	0.40	
0.50	0.50	0.99	60	SILO	0	418758.10	37	531	1091	6102	55750	0	3	6	41	328	0.75	0.44	
0.50	0.50	0.99	64	SILO	0	384671.33	38	670	1489	9258	53237	0	3	8	61	352	0.77	0.43	
Policy 1.
Rd	Wt	Zip	T	CC	TP	P50	P90	P99	P999	Abt
0.50	0.50	0.99	1	WOUND_WAIT	0	137638.68	5	12	15	44	67	0	0	0	0	0	0.00	0.00	
0.50	0.50	0.99	4	WOUND_WAIT	0	426398.90	7	17	24	47	77	0	0	0	1	2	0.03	0.03	
0.50	0.50	0.99	8	WOUND_WAIT	0	530670.98	10	31	41	69	130	0	0	1	2	4	0.10	0.08	
0.50	0.50	0.99	12	WOUND_WAIT	0	565447.79	13	48	59	91	156	0	1	1	3	4	0.15	0.12	
0.50	0.50	0.99	16	WOUND_WAIT	0	548836.88	20	65	77	110	191	0	1	2	3	5	0.20	0.15	
0.50	0.50	0.99	20	WOUND_WAIT	0	347874.51	46	135	166	249	650	0	1	2	4	6	0.25	0.18	
0.50	0.50	0.99	24	WOUND_WAIT	0	290141.03	73	195	242	391	868	0	2	3	5	6	0.29	0.21	
0.50	0.50	0.99	28	WOUND_WAIT	0	247833.90	105	268	335	571	1299	0	2	3	5	7	0.33	0.23	
0.50	0.50	0.99	32	WOUND_WAIT	0	227602.88	133	336	430	725	1590	0	2	3	6	8	0.36	0.25	
0.50	0.50	0.99	36	WOUND_WAIT	0	179052.70	193	476	610	968	2184	0	2	4	6	8	0.39	0.26	
0.50	0.50	0.99	40	WOUND_WAIT	0	163546.71	245	596	777	1203	2301	0	3	4	7	9	0.42	0.28	
0.50	0.50	0.99	44	WOUND_WAIT	0	133701.85	330	797	1003	1454	2883	0	3	5	7	9	0.44	0.29	
0.50	0.50	0.99	48	WOUND_WAIT	0	126048.28	381	920	1160	1683	4253	0	3	5	7	10	0.46	0.30	
0.50	0.50	0.99	52	WOUND_WAIT	0	113801.11	464	1098	1354	1940	4482	0	4	5	8	10	0.48	0.31	
0.50	0.50	0.99	56	WOUND_WAIT	0	110387.30	526	1235	1531	2139	3627	0	4	6	8	10	0.50	0.32	
0.50	0.50	0.99	60	WOUND_WAIT	0	93567.90	671	1528	1848	2554	6437	0	4	6	9	11	0.52	0.33	
0.50	0.50	0.99	64	WOUND_WAIT	0	98906.67	691	1566	1969	2807	4264	0	4	6	9	11	0.53	0.34	
0.50	0.50	0.99	1	DLOCK	0	138500.55	5	12	18	49	76	0	0	0	0	0	0.00	0.00	
0.50	0.50	0.99	4	DLOCK	0	452511.74	6	15	20	45	69	0	0	0	1	3	0.02	0.01	
0.50	0.50	0.99	8	DLOCK	0	772011.72	7	19	26	50	95	0	0	0	2	4	0.06	0.04	
0.50	0.50	0.99	12	DLOCK	0	927599.76	8	26	37	62	126	0	0	1	2	5	0.10	0.07	
0.50	0.50	0.99	16	DLOCK	0	976353.29	9	39	52	82	167	0	1	1	3	5	0.14	0.10	
0.50	0.50	0.99	20	DLOCK	0	745206.31	11	74	96	159	507	0	1	2	5	7	0.20	0.12	
0.50	0.50	0.99	24	DLOCK	0	630801.19	14	110	140	235	635	0	1	2	6	8	0.25	0.14	
0.50	0.50	0.99	28	DLOCK	0	602230.16	16	137	176	321	786	0	1	3	6	8	0.29	0.16	
0.50	0.50	0.99	32	DLOCK	0	576125.20	18	158	203	371	970	0	2	4	6	9	0.32	0.17	
0.50	0.50	0.99	36	DLOCK	0	489774.83	28	221	293	561	1191	0	2	4	7	9	0.35	0.18	
0.50	0.50	0.99	40	DLOCK	0	442801.99	34	276	371	705	1369	0	2	5	8	10	0.38	0.20	
0.50	0.50	0.99	44	DLOCK	0	428450.46	38	312	424	824	1634	0	2	5	8	10	0.40	0.21	
0.50	0.50	0.99	48	DLOCK	0	412185.88	42	359	492	966	1891	0	3	6	8	10	0.42	0.21	
0.50	0.50	0.99	52	DLOCK	0	386740.77	48	418	575	1141	2177	0	3	6	8	11	0.44	0.22	
0.50	0.50	0.99	56	DLOCK	0	344768.73	56	514	710	1299	2323	0	3	6	9	11	0.45	0.23	
0.50	0.50	0.99	60	DLOCK	0	341926.20	61	553	780	1477	2650	0	4	7	9	12	0.47	0.24	
0.50	0.50	0.99	64	DLOCK	0	313234.74	72	652	911	1638	2935	0	4	7	9	12	0.48	0.24	
0.50	0.50	0.99	1	SILO	0	141536.13	5	12	15	31	50	0	0	0	0	0	0.00	0.00	
0.50	0.50	0.99	4	SILO	0	483187.00	6	15	19	35	66	0	1	1	2	3	0.15	0.17	
0.50	0.50	0.99	8	SILO	0	623171.32	6	16	21	41	151	0	1	1	2	4	0.23	0.25	
0.50	0.50	0.99	12	SILO	0	662359.65	6	17	22	43	229	0	1	2	3	6	0.27	0.28	
0.50	0.50	0.99	16	SILO	0	705536.73	7	17	22	47	407	0	1	2	4	7	0.30	0.31	
0.50	0.50	0.99	20	SILO	0	747836.34	8	23	34	76	898	0	1	2	4	9	0.34	0.35	
0.50	0.50	0.99	24	SILO	0	833583.42	9	30	43	99	1420	0	2	2	5	10	0.37	0.37	
0.50	0.50	0.99	28	SILO	0	925160.13	10	33	46	121	2032	0	2	3	5	12	0.39	0.40	
0.50	0.50	0.99	32	SILO	0	1024520.83	11	39	55	158	2698	0	2	3	6	15	0.42	0.42	
0.50	0.50	0.99	36	SILO	0	1066401.22	12	42	59	185	3353	0	2	3	6	17	0.44	0.44	
0.50	0.50	0.99	40	SILO	0	1061997.30	13	49	71	246	4017	0	2	3	7	19	0.46	0.45	
0.50	0.50	0.99	44	SILO	0	1043790.65	14	54	81	309	4700	0	2	3	8	21	0.47	0.46	
0.50	0.50	0.99	48	SILO	0	1058819.95	14	55	84	400	5189	0	2	4	8	23	0.48	0.46	
0.50	0.50	0.99	52	SILO	0	1024377.29	14	62	98	488	5719	0	2	4	8	24	0.48	0.46	
0.50	0.50	0.99	56	SILO	0	1024589.84	14	60	95	580	6497	0	2	4	9	26	0.49	0.46	
0.50	0.50	0.99	60	SILO	0	991203.15	16	73	120	714	6849	0	2	4	9	28	0.50	0.47	
0.50	0.50	0.99	64	SILO	0	1006775.11	15	66	109	883	7596	0	2	4	10	30	0.50	0.47	
