Rd	Wt	Zip	T	CC	TP	P50	P90	P99	P999	Abt
0.10	0.90	0.50	1	WAIT_DIE	160977.78	6	6	7	8	9	|	0	0	0	0	0	|	0
0.10	0.90	0.50	4	WAIT_DIE	663729.26	5	6	7	8	10	|	0	0	0	0	0	|	81
0.10	0.90	0.50	8	WAIT_DIE	1294040.84	6	6	7	7	10	|	0	0	0	0	0	|	398
0.10	0.90	0.50	12	WAIT_DIE	2104134.85	5	6	6	7	11	|	0	0	0	0	0	|	945
0.10	0.90	0.50	16	WAIT_DIE	2497135.81	6	7	7	8	18	|	0	0	0	0	1	|	1689
0.10	0.90	0.50	20	WAIT_DIE	2988930.83	6	7	8	9	40	|	0	0	0	0	1	|	2658
0.10	0.90	0.50	24	WAIT_DIE	3178016.51	7	8	9	9	58	|	0	0	0	0	1	|	3982
0.10	0.90	0.50	28	WAIT_DIE	3397710.99	8	9	10	10	70	|	0	0	0	0	1	|	5390
0.10	0.90	0.50	32	WAIT_DIE	3740186.91	8	9	10	11	78	|	0	0	0	0	1	|	7575
0.10	0.90	0.50	36	WAIT_DIE	4073349.77	8	10	10	11	88	|	0	0	0	0	1	|	9403
0.10	0.90	0.50	1	SILO	180880.08	5	6	6	7	8	|	0	0	0	0	0	|	0
0.10	0.90	0.50	4	SILO	849295.46	4	5	5	6	8	|	0	0	0	0	0	|	106
0.10	0.90	0.50	8	SILO	1497030.57	5	6	6	6	9	|	0	0	0	0	0	|	505
0.10	0.90	0.50	12	SILO	2490192.07	4	5	5	6	12	|	0	0	0	0	1	|	1079
0.10	0.90	0.50	16	SILO	2995424.40	5	6	6	6	36	|	0	0	0	0	1	|	1983
0.10	0.90	0.50	20	SILO	3485056.58	5	6	6	7	57	|	0	0	0	0	1	|	3066
0.10	0.90	0.50	24	SILO	3809937.91	6	7	7	8	75	|	0	0	0	0	1	|	4421
0.10	0.90	0.50	28	SILO	4231724.87	6	7	8	9	84	|	0	0	0	0	1	|	6140
0.10	0.90	0.50	32	SILO	4662694.87	6	8	8	9	89	|	0	0	0	0	1	|	8028
0.10	0.90	0.50	36	SILO	5049185.00	7	8	8	9	95	|	0	0	0	0	1	|	10570
0.50	0.50	0.50	1	WAIT_DIE	173569.98	5	6	6	8	9	|	0	0	0	0	0	|	0
0.50	0.50	0.50	4	WAIT_DIE	688755.73	5	6	6	7	10	|	0	0	0	0	0	|	63
0.50	0.50	0.50	8	WAIT_DIE	1489446.01	5	5	6	6	9	|	0	0	0	0	0	|	277
0.50	0.50	0.50	12	WAIT_DIE	2006980.78	5	6	6	7	11	|	0	0	0	0	0	|	736
0.50	0.50	0.50	16	WAIT_DIE	2628344.89	6	6	7	7	12	|	0	0	0	0	0	|	1235
0.50	0.50	0.50	20	WAIT_DIE	3182314.70	6	7	7	8	14	|	0	0	0	0	0	|	1902
0.50	0.50	0.50	24	WAIT_DIE	3326755.20	7	8	8	9	36	|	0	0	0	0	1	|	3039
0.50	0.50	0.50	28	WAIT_DIE	3754244.07	7	8	9	9	48	|	0	0	0	0	1	|	4032
0.50	0.50	0.50	32	WAIT_DIE	4084592.73	7	9	9	10	57	|	0	0	0	0	1	|	5327
0.50	0.50	0.50	36	WAIT_DIE	4462223.34	8	9	9	10	69	|	0	0	0	0	1	|	6930
0.50	0.50	0.50	1	SILO	199074.30	4	5	5	7	8	|	0	0	0	0	0	|	0
0.50	0.50	0.50	4	SILO	776961.21	5	5	6	6	9	|	0	0	0	0	0	|	68
0.50	0.50	0.50	8	SILO	1666640.11	4	5	5	5	8	|	0	0	0	0	0	|	250
0.50	0.50	0.50	12	SILO	2227741.51	5	6	6	6	10	|	0	0	0	0	0	|	657
0.50	0.50	0.50	16	SILO	3247607.72	4	5	5	6	11	|	0	0	0	0	0	|	1128
0.50	0.50	0.50	20	SILO	3450152.34	5	6	6	7	18	|	0	0	0	0	0	|	1874
0.50	0.50	0.50	24	SILO	3730741.88	6	7	7	8	23	|	0	0	0	0	1	|	2541
0.50	0.50	0.50	28	SILO	4293135.19	6	7	7	8	39	|	0	0	0	0	1	|	3457
0.50	0.50	0.50	32	SILO	4534019.56	7	8	8	9	51	|	0	0	0	0	1	|	4449
0.50	0.50	0.50	36	SILO	4834058.44	7	8	9	9	62	|	0	0	0	0	1	|	5856
0.90	0.10	0.50	1	WAIT_DIE	188850.28	5	6	6	7	8	|	0	0	0	0	0	|	0
0.90	0.10	0.50	4	WAIT_DIE	804636.33	4	5	5	6	8	|	0	0	0	0	0	|	10
0.90	0.10	0.50	8	WAIT_DIE	1421801.03	5	6	6	6	9	|	0	0	0	0	0	|	71
0.90	0.10	0.50	12	WAIT_DIE	2111991.36	5	6	6	7	10	|	0	0	0	0	0	|	167
0.90	0.10	0.50	16	WAIT_DIE	2785287.20	5	6	6	7	10	|	0	0	0	0	0	|	295
0.90	0.10	0.50	20	WAIT_DIE	3376875.08	5	6	7	7	11	|	0	0	0	0	0	|	444
0.90	0.10	0.50	24	WAIT_DIE	3713255.16	6	7	7	8	11	|	0	0	0	0	0	|	707
0.90	0.10	0.50	28	WAIT_DIE	4143127.71	6	7	8	8	12	|	0	0	0	0	0	|	981
0.90	0.10	0.50	32	WAIT_DIE	4464794.26	7	8	8	9	12	|	0	0	0	0	0	|	1235
0.90	0.10	0.50	36	WAIT_DIE	4984098.75	7	8	8	9	13	|	0	0	0	0	0	|	1611
0.90	0.10	0.50	1	SILO	211711.26	4	5	5	6	7	|	0	0	0	0	0	|	0
0.90	0.10	0.50	4	SILO	915579.97	4	5	5	5	7	|	0	0	0	0	0	|	10
0.90	0.10	0.50	8	SILO	1616031.92	4	5	5	6	8	|	0	0	0	0	0	|	58
0.90	0.10	0.50	12	SILO	2702976.49	4	5	5	5	9	|	0	0	0	0	0	|	134
0.90	0.10	0.50	16	SILO	3548126.28	4	5	5	5	9	|	0	0	0	0	0	|	224
0.90	0.10	0.50	20	SILO	3500979.82	5	6	7	7	11	|	0	0	0	0	0	|	359
0.90	0.10	0.50	24	SILO	4178519.21	5	6	7	7	10	|	0	0	0	0	0	|	559
0.90	0.10	0.50	28	SILO	4553773.45	6	7	7	8	11	|	0	0	0	0	0	|	722
0.90	0.10	0.50	32	SILO	4794582.62	6	7	8	9	12	|	0	0	0	0	0	|	894
0.90	0.10	0.50	36	SILO	5509798.11	6	7	8	8	13	|	0	0	0	0	0	|	1149
0.10	0.90	0.80	1	WAIT_DIE	221088.56	4	5	5	6	8	|	0	0	0	0	0	|	0
0.10	0.90	0.80	4	WAIT_DIE	896161.38	4	5	5	85	134	|	0	0	0	1	4	|	13506
0.10	0.90	0.80	8	WAIT_DIE	1616272.06	4	6	22	123	3576	|	0	0	1	3	18	|	109933
0.10	0.90	0.80	12	WAIT_DIE	2228654.71	4	7	73	131	4893	|	0	0	1	9	35	|	386827
0.10	0.90	0.80	16	WAIT_DIE	2652931.73	5	40	98	147	7722	|	0	1	2	15	50	|	889577
0.10	0.90	0.80	20	WAIT_DIE	2505010.57	5	84	125	195	9898	|	0	1	3	19	56	|	1593604
0.10	0.90	0.80	24	WAIT_DIE	2076744.96	6	114	164	296	6570	|	0	2	7	25	79	|	3017543
0.10	0.90	0.80	28	WAIT_DIE	1676369.86	6	140	236	419	673	|	0	4	11	32	138	|	5462523
0.10	0.90	0.80	32	WAIT_DIE	1415304.61	6	182	319	562	867	|	0	7	15	42	213	|	8949926
0.10	0.90	0.80	36	WAIT_DIE	1201997.86	6	247	426	753	1324	|	0	9	19	59	326	|	13829254
0.10	0.90	0.80	1	SILO	248446.18	3	4	5	6	7	|	0	0	0	0	0	|	0
0.10	0.90	0.80	4	SILO	973936.48	4	5	5	91	132	|	0	0	0	1	2	|	11798
0.10	0.90	0.80	8	SILO	1900741.95	4	5	26	118	6170	|	0	0	1	2	4	|	61426
0.10	0.90	0.80	12	SILO	2877007.86	4	5	62	123	6282	|	0	0	1	3	8	|	176836
0.10	0.90	0.80	16	SILO	3593698.25	4	17	78	125	6422	|	0	1	1	5	13	|	360944
0.10	0.90	0.80	20	SILO	3779338.11	4	43	90	135	9915	|	0	1	2	7	16	|	615127
0.10	0.90	0.80	24	SILO	3989990.85	4	57	96	142	8009	|	0	1	2	8	17	|	919690
0.10	0.90	0.80	28	SILO	4045683.33	5	66	105	158	8060	|	0	1	3	9	18	|	1275017
0.10	0.90	0.80	32	SILO	4176791.71	5	73	111	169	10535	|	0	1	3	10	19	|	1653467
0.10	0.90	0.80	36	SILO	3924965.97	5	84	125	201	10326	|	0	2	4	11	23	|	2213798
0.50	0.50	0.80	1	WAIT_DIE	235018.22	4	5	5	6	8	|	0	0	0	0	0	|	0
0.50	0.50	0.80	4	WAIT_DIE	935579.40	4	5	5	64	132	|	0	0	0	1	2	|	8954
0.50	0.50	0.80	8	WAIT_DIE	1805279.90	4	5	6	115	143	|	0	0	0	1	12	|	67231
0.50	0.50	0.80	12	WAIT_DIE	2408675.64	4	6	44	126	5973	|	0	0	1	4	24	|	222261
0.50	0.50	0.80	16	WAIT_DIE	3150545.23	4	7	77	132	6133	|	0	0	1	7	33	|	459768
0.50	0.50	0.80	20	WAIT_DIE	2930814.84	5	44	102	153	1257	|	0	1	1	11	46	|	900286
0.50	0.50	0.80	24	WAIT_DIE	2808731.92	5	77	120	184	334	|	0	1	2	15	60	|	1515738
0.50	0.50	0.80	28	WAIT_DIE	2523536.94	6	99	143	264	520	|	0	1	4	21	100	|	2834993
0.50	0.50	0.80	32	WAIT_DIE	2239268.68	6	115	175	366	730	|	0	2	6	31	167	|	5136697
0.50	0.50	0.80	36	WAIT_DIE	1916312.06	6	133	227	503	1061	|	0	3	9	46	273	|	9095644
0.50	0.50	0.80	1	SILO	254256.28	3	4	5	6	7	|	0	0	0	0	0	|	0
0.50	0.50	0.80	4	SILO	981469.01	4	5	5	53	129	|	0	0	0	1	1	|	6621
0.50	0.50	0.80	8	SILO	2132289.60	3	4	5	102	134	|	0	0	0	1	3	|	32232
0.50	0.50	0.80	12	SILO	2894464.68	4	5	13	115	3594	|	0	0	1	2	4	|	81977
0.50	0.50	0.80	16	SILO	4096029.28	3	5	43	120	4882	|	0	0	1	2	6	|	163985
0.50	0.50	0.80	20	SILO	4136167.40	4	6	63	125	7880	|	0	0	1	3	7	|	272549
0.50	0.50	0.80	24	SILO	4523467.95	4	9	75	127	5785	|	0	1	1	4	9	|	415475
0.50	0.50	0.80	28	SILO	4812981.69	5	26	84	129	5752	|	0	1	1	5	10	|	600946
0.50	0.50	0.80	32	SILO	5111798.01	5	39	90	132	5889	|	0	1	2	5	11	|	811398
0.50	0.50	0.80	36	SILO	5249652.72	5	50	95	140	9337	|	0	1	2	6	12	|	1087916
0.90	0.10	0.80	1	WAIT_DIE	246720.05	3	5	5	6	7	|	0	0	0	0	0	|	0
0.90	0.10	0.80	4	WAIT_DIE	933039.46	4	5	5	6	111	|	0	0	0	0	1	|	1840
0.90	0.10	0.80	8	WAIT_DIE	1794817.95	4	5	5	12	131	|	0	0	0	1	1	|	11153
0.90	0.10	0.80	12	WAIT_DIE	2849558.97	4	4	5	65	133	|	0	0	0	1	4	|	30908
0.90	0.10	0.80	16	WAIT_DIE	3748577.66	4	5	5	96	137	|	0	0	0	1	7	|	67162
0.90	0.10	0.80	20	WAIT_DIE	3804039.66	4	6	7	114	145	|	0	0	0	1	10	|	115156
0.90	0.10	0.80	24	WAIT_DIE	4129154.65	5	6	10	121	158	|	0	0	0	1	11	|	180394
0.90	0.10	0.80	28	WAIT_DIE	4470501.62	5	7	15	126	174	|	0	0	0	1	14	|	276067
0.90	0.10	0.80	32	WAIT_DIE	4670491.26	5	8	30	131	190	|	0	0	1	2	17	|	403965
0.90	0.10	0.80	36	WAIT_DIE	4483321.45	5	11	57	146	258	|	0	0	1	2	27	|	657584
0.90	0.10	0.80	1	SILO	247970.25	3	5	5	6	7	|	0	0	0	0	0	|	0
0.90	0.10	0.80	4	SILO	1102849.34	3	4	4	5	97	|	0	0	0	0	1	|	1267
0.90	0.10	0.80	8	SILO	2173755.39	3	4	4	6	119	|	0	0	0	0	1	|	5819
0.90	0.10	0.80	12	SILO	3558937.35	3	4	4	22	126	|	0	0	0	1	1	|	13588
0.90	0.10	0.80	16	SILO	4185697.24	3	4	5	51	129	|	0	0	0	1	1	|	25751
0.90	0.10	0.80	20	SILO	4849962.60	4	5	5	71	131	|	0	0	0	1	2	|	41008
0.90	0.10	0.80	24	SILO	5432688.01	4	5	6	82	132	|	0	0	0	1	2	|	57470
0.90	0.10	0.80	28	SILO	6199672.33	4	5	6	91	133	|	0	0	0	1	2	|	79053
0.90	0.10	0.80	32	SILO	6506385.11	4	6	7	97	133	|	0	0	0	1	2	|	104622
0.90	0.10	0.80	36	SILO	7188790.48	4	6	7	102	134	|	0	0	0	1	2	|	131464
0.10	0.90	0.90	1	WAIT_DIE	245278.56	3	5	5	6	7	|	0	0	0	0	0	|	0
0.10	0.90	0.90	4	WAIT_DIE	953044.15	3	18	81	126	6328	|	0	1	1	4	18	|	87526
0.10	0.90	0.90	8	WAIT_DIE	1507784.55	4	93	118	168	10391	|	0	2	4	16	46	|	664760
0.10	0.90	0.90	12	WAIT_DIE	1606336.71	4	139	177	253	3526	|	0	4	9	25	71	|	2032320
0.10	0.90	0.90	16	WAIT_DIE	1307255.92	5	222	289	413	2895	|	0	9	15	37	110	|	4739588
0.10	0.90	0.90	20	WAIT_DIE	736162.38	13	419	544	765	1237	|	0	14	21	55	241	|	9992178
0.10	0.90	0.90	24	WAIT_DIE	566886.20	54	621	802	1132	1929	|	1	18	29	85	401	|	17800006
0.10	0.90	0.90	28	WAIT_DIE	459429.30	78	855	1100	1543	2112	|	1	24	38	129	605	|	30068679
0.10	0.90	0.90	32	WAIT_DIE	376688.49	101	1155	1484	2083	2822	|	2	31	50	194	874	|	47646833
0.10	0.90	0.90	36	WAIT_DIE	292201.92	129	1559	2011	2855	4001	|	2	40	67	286	1275	|	72947626
0.10	0.90	0.90	1	SILO	287080.81	3	4	4	5	6	|	0	0	0	0	0	|	0
0.10	0.90	0.90	4	SILO	1081040.51	3	22	79	124	8010	|	0	1	1	2	4	|	60317
0.10	0.90	0.90	8	SILO	2121871.14	3	75	102	136	10520	|	0	1	3	6	12	|	334900
0.10	0.90	0.90	12	SILO	2547577.12	3	86	108	161	14197	|	0	2	5	11	21	|	946952
0.10	0.90	0.90	16	SILO	3082160.71	3	92	118	3050	14913	|	0	4	7	16	32	|	1764676
0.10	0.90	0.90	20	SILO	2261350.56	4	126	170	3595	22805	|	0	4	8	18	40	|	2722559
0.10	0.90	0.90	24	SILO	1906534.53	5	149	215	5917	29381	|	0	5	9	23	59	|	3288151
0.10	0.90	0.90	28	SILO	1685089.70	5	165	253	1093	26045	|	0	5	10	28	81	|	4497829
0.10	0.90	0.90	32	SILO	1467864.86	5	197	323	4420	33885	|	0	6	11	33	96	|	6075973
0.10	0.90	0.90	36	SILO	1215783.95	6	227	419	9437	44924	|	0	6	12	37	114	|	4183068
0.50	0.50	0.90	1	WAIT_DIE	277991.12	3	4	4	5	7	|	0	0	0	0	0	|	0
0.50	0.50	0.90	4	WAIT_DIE	956211.12	4	6	60	124	6357	|	0	0	1	3	13	|	57893
0.50	0.50	0.90	8	WAIT_DIE	1553647.07	4	77	107	144	2787	|	0	1	2	11	38	|	443398
0.50	0.50	0.90	12	WAIT_DIE	1966041.99	4	106	132	187	2580	|	0	2	4	18	58	|	1177064
0.50	0.50	0.90	16	WAIT_DIE	1847628.49	4	142	184	281	1246	|	0	4	8	27	90	|	2747309
0.50	0.50	0.90	20	WAIT_DIE	1076530.66	6	245	347	572	963	|	0	8	15	48	210	|	6676898
0.50	0.50	0.90	24	WAIT_DIE	767251.93	7	369	536	927	1680	|	0	13	24	88	382	|	13877079
0.50	0.50	0.90	28	WAIT_DIE	567839.85	11	518	770	1406	3048	|	0	19	36	139	604	|	25764567
0.50	0.50	0.90	32	WAIT_DIE	148494.75	22	737	1132	2258	7056	|	0	27	55	233	1140	|	101918083
0.50	0.50	0.90	36	WAIT_DIE	73492.78	38	1025	1641	3846	23071	|	1	39	83	380	2399	|	314599843
0.50	0.50	0.90	1	SILO	276212.25	3	4	4	6	7	|	0	0	0	0	0	|	0
0.50	0.50	0.90	4	SILO	1119398.54	3	4	41	118	7013	|	0	0	1	2	3	|	31815
0.50	0.50	0.90	8	SILO	2149223.27	3	44	90	126	8807	|	0	1	1	3	6	|	167682
0.50	0.50	0.90	12	SILO	3000922.35	3	70	101	131	10870	|	0	1	2	5	9	|	435783
0.50	0.50	0.90	16	SILO	3939216.84	3	80	104	143	11569	|	0	2	3	8	15	|	843876
0.50	0.50	0.90	20	SILO	3306310.42	4	89	115	171	11241	|	0	2	4	10	18	|	1439712
0.50	0.50	0.90	24	SILO	3253777.47	4	103	133	222	16423	|	0	3	5	11	22	|	2057053
0.50	0.50	0.90	28	SILO	3154370.19	5	114	149	243	12686	|	0	3	6	13	27	|	2822355
0.50	0.50	0.90	32	SILO	2975336.14	5	127	168	316	15802	|	0	4	6	15	37	|	3871472
0.50	0.50	0.90	36	SILO	2378403.42	6	147	212	576	22191	|	0	4	7	20	54	|	4476747
0.90	0.10	0.90	1	WAIT_DIE	306541.51	3	4	4	5	6	|	0	0	0	0	0	|	0
0.90	0.10	0.90	4	WAIT_DIE	1100913.88	3	4	4	78	133	|	0	0	0	1	3	|	10955
0.90	0.10	0.90	8	WAIT_DIE	1963648.58	3	5	8	123	150	|	0	0	0	2	12	|	73115
0.90	0.10	0.90	12	WAIT_DIE	2652590.61	4	6	66	126	158	|	0	0	1	3	20	|	202409
0.90	0.10	0.90	16	WAIT_DIE	3233230.06	4	16	95	134	180	|	0	1	1	5	29	|	405219
0.90	0.10	0.90	20	WAIT_DIE	2605218.39	4	72	112	171	293	|	0	1	1	8	55	|	849267
0.90	0.10	0.90	24	WAIT_DIE	2070212.45	5	90	134	272	617	|	0	1	2	17	131	|	2209746
0.90	0.10	0.90	28	WAIT_DIE	1420065.44	5	106	163	450	1818	|	0	1	3	39	310	|	6543452
0.90	0.10	0.90	32	WAIT_DIE	453838.47	5	123	212	749	6355	|	0	1	6	71	641	|	35797060
0.90	0.10	0.90	36	WAIT_DIE	93954.30	6	141	290	1400	15664	|	0	2	10	126	1339	|	106417206
0.90	0.10	0.90	1	SILO	300090.88	3	4	4	5	6	|	0	0	0	0	0	|	0
0.90	0.10	0.90	4	SILO	1308322.01	2	4	4	46	127	|	0	0	0	1	1	|	5777
0.90	0.10	0.90	8	SILO	2599810.49	3	4	4	97	1826	|	0	0	0	1	2	|	26421
0.90	0.10	0.90	12	SILO	4178429.86	2	3	7	111	3740	|	0	0	1	1	2	|	64535
0.90	0.10	0.90	16	SILO	4984434.75	3	4	38	119	7600	|	0	0	1	2	3	|	118262
0.90	0.10	0.90	20	SILO	5779032.64	3	5	58	122	6881	|	0	0	1	2	4	|	196509
0.90	0.10	0.90	24	SILO	6153932.17	3	7	72	124	6203	|	0	0	1	2	4	|	289720
0.90	0.10	0.90	28	SILO	6914019.68	3	23	81	125	7162	|	0	1	1	3	5	|	411650
0.90	0.10	0.90	32	SILO	7436229.49	4	37	88	127	9617	|	0	1	1	3	5	|	552357
0.90	0.10	0.90	36	SILO	7782198.66	4	49	93	129	10059	|	0	1	1	3	6	|	751714
