w/o log
	T	CC	TP	P50	P90	P99	P999	Abt
TPCC	NO_WAIT	1	48800.65	COMMIT	192090	3985404	0	0	0	ABORT	0	0	0	0	0	0	9	174	194	207	0	0	0	0	0.00	
TPCC	NO_WAIT	4	68538.92	COMMIT	68346	1791000	0	0	0	ABORT	49066	2188646	0	1675810	0	0	23	839	3202	5996	0	9	15	23	0.41	
TPCC	NO_WAIT	8	78257.34	COMMIT	39468	1014122	0	0	0	ABORT	42692	2968002	0	2587118	0	0	26	2162	6051	9691	0	13	23	32	0.52	
TPCC	NO_WAIT	12	83851.30	COMMIT	27532	723769	0	0	0	ABORT	38367	3260384	0	2957196	0	0	28	3201	7498	11747	0	15	27	38	0.58	
TPCC	NO_WAIT	16	86620.82	COMMIT	21793	593393	0	0	0	ABORT	34763	3400840	0	3103892	0	0	30	4074	9214	14522	0	18	31	45	0.62	
TPCC	NO_WAIT	20	89496.97	COMMIT	17311	463184	0	0	0	ABORT	32019	3520388	0	3258275	0	0	32	4873	10385	16384	0	20	34	49	0.65	
TPCC	NO_WAIT	24	91160.68	COMMIT	14153	401228	0	0	0	ABORT	29429	3588719	0	3372936	0	0	33	5526	11753	18203	0	22	38	55	0.67	
TPCC	NO_WAIT	28	92238.18	COMMIT	12974	354841	0	0	0	ABORT	28757	3638371	0	3438394	0	0	34	6205	12786	20044	0	24	41	61	0.69	
TPCC	NO_WAIT	32	93763.61	COMMIT	11238	306515	0	0	0	ABORT	27308	3688122	0	3498602	0	0	35	6756	13571	20348	0	25	43	60	0.70	
TPCC	NO_WAIT	36	95011.48	COMMIT	10697	298660	0	0	0	ABORT	27144	3681675	0	3484020	0	0	36	7348	14641	22065	0	27	46	67	0.72	
TPCC	WAIT_DIE	1	48505.04	COMMIT	190774	3985742	0	0	0	ABORT	0	0	0	0	0	0	9	174	194	207	0	0	0	0	0.00	
TPCC	WAIT_DIE	4	85330.53	COMMIT	85027	2579805	239385	0	0	ABORT	93040	1407765	6392	629322	0	0	31	455	938	1539	0	6	7	8	0.52	
TPCC	WAIT_DIE	8	108027.73	COMMIT	52481	2115356	588862	0	0	ABORT	105924	1867775	8286	1029241	0	0	47	568	1476	3362	1	7	8	11	0.67	
TPCC	WAIT_DIE	12	116924.08	COMMIT	37960	1950390	807038	0	0	ABORT	99761	2039839	9895	1237054	0	0	60	653	2065	4885	2	7	9	13	0.72	
TPCC	WAIT_DIE	16	119199.18	COMMIT	28888	1823963	939269	0	0	ABORT	88022	2164203	13416	1331373	0	0	75	823	2730	6398	3	8	9	14	0.75	
TPCC	WAIT_DIE	20	123870.07	COMMIT	24481	1877152	1098667	0	0	ABORT	81665	2114527	10577	1425624	0	0	91	891	2661	6390	4	8	10	15	0.77	
TPCC	WAIT_DIE	24	124478.76	COMMIT	20607	1878190	1202723	0	0	ABORT	73514	2113578	13537	1478178	0	0	105	1074	3150	7896	4	8	10	17	0.78	
TPCC	WAIT_DIE	28	127912.28	COMMIT	18047	1870528	1285685	0	0	ABORT	68006	2117131	10055	1468634	0	0	115	1261	3402	7540	4	9	11	17	0.79	
TPCC	WAIT_DIE	32	130077.45	COMMIT	16201	1926424	1393882	0	0	ABORT	61892	2066130	12966	1454140	0	0	124	1510	3742	8009	5	9	11	17	0.79	
TPCC	WAIT_DIE	36	133043.14	COMMIT	14348	1978785	1485430	0	0	ABORT	56739	2007679	12418	1448575	0	0	132	1780	3567	7307	5	9	11	17	0.80	
TPCC	WOUND_WAIT	1	48047.59	COMMIT	188907	3985015	0	0	0	ABORT	0	0	0	0	0	0	9	175	194	207	0	0	0	0	0.00	
TPCC	WOUND_WAIT	4	85789.24	COMMIT	84681	3212702	824683	0	0	ABORT	5707	771935	14552	21161	0	0	33	472	1063	1793	0	1	4	7	0.06	
TPCC	WOUND_WAIT	8	97795.60	COMMIT	48330	3349895	1908860	0	0	ABORT	3867	641480	43463	42611	0	0	67	559	1467	3689	0	2	6	11	0.08	
TPCC	WOUND_WAIT	12	98145.93	COMMIT	32240	3493651	2510075	0	0	ABORT	2697	502244	69165	28423	0	0	112	575	1548	3922	0	2	6	11	0.08	
TPCC	WOUND_WAIT	16	97460.21	COMMIT	24017	3544211	2818843	0	0	ABORT	2203	449613	86230	16084	0	0	158	616	1622	3950	0	2	6	11	0.08	
TPCC	WOUND_WAIT	20	96424.87	COMMIT	18964	3584574	2996472	0	0	ABORT	1791	408555	90392	25395	0	0	207	629	1686	4202	0	2	6	11	0.08	
TPCC	WOUND_WAIT	24	96771.69	COMMIT	15893	3677912	3180486	0	0	ABORT	1288	305549	82700	11096	0	0	253	594	1618	4156	0	2	6	11	0.07	
TPCC	WOUND_WAIT	28	96474.78	COMMIT	13740	3711989	3293175	0	0	ABORT	1154	282994	83049	10394	0	0	299	620	1704	4023	0	2	6	11	0.08	
TPCC	WOUND_WAIT	32	97365.70	COMMIT	12020	3729106	3361448	0	0	ABORT	968	262329	89310	10118	0	0	343	618	1703	4006	0	2	6	11	0.07	
TPCC	WOUND_WAIT	36	97939.21	COMMIT	10723	3776495	3441161	0	0	ABORT	782	220816	77022	5957	0	0	387	614	1720	4066	0	2	6	10	0.07	
TPCC	DLOCK	1	46479.66	COMMIT	182836	3986078	130603	0	0	ABORT	0	0	0	0	0	0	9	171	191	205	0	0	0	0	0.00	
TPCC	DLOCK	4	98475.23	COMMIT	96970	3843282	926514	0	0	ABORT	7672	131984	3766	12227	0	0	33	269	335	373	0	1	2	3	0.07	
TPCC	DLOCK	8	116305.21	COMMIT	56337	3196242	1390710	0	0	ABORT	32516	787392	12339	71057	0	0	62	290	362	427	0	3	4	4	0.32	
TPCC	DLOCK	12	123072.11	COMMIT	38439	2753921	1545531	0	0	ABORT	45674	1224906	24664	164170	0	0	95	292	368	579	0	4	5	6	0.49	
TPCC	DLOCK	16	123614.04	COMMIT	28188	2486989	1587731	0	0	ABORT	50712	1507078	38512	314513	0	0	132	305	386	1157	0	5	6	8	0.58	
TPCC	DLOCK	20	123550.01	COMMIT	21851	2325879	1597163	0	0	ABORT	49060	1667875	47965	477606	0	0	171	329	413	1552	1	6	7	8	0.63	
TPCC	DLOCK	24	121441.76	COMMIT	17621	2204535	1633909	0	0	ABORT	46028	1786804	51162	658087	0	0	212	386	516	1414	1	7	8	8	0.67	
TPCC	DLOCK	28	121578.05	COMMIT	14801	2080880	1590420	0	0	ABORT	43518	1912180	58887	835478	0	0	249	460	691	2757	1	7	8	11	0.69	
TPCC	DLOCK	32	123381.69	COMMIT	12898	2010086	1620463	0	0	ABORT	40532	1979872	58466	1002003	0	0	282	566	957	3720	1	8	9	13	0.70	
TPCC	DLOCK	36	122542.69	COMMIT	11341	1940788	1586417	0	0	ABORT	37119	2051575	72828	1134140	0	0	317	681	3139	5556	1	8	11	17	0.71	
TPCC	HLOCK	1	44978.29	COMMIT	175684	3989675	323237	0	0	ABORT	0	0	0	0	0	0	9	163	182	196	0	0	0	0	0.00	
TPCC	HLOCK	4	90443.42	COMMIT	90132	3139859	824608	0	0	ABORT	13299	843899	10552	43397	0	0	32	436	835	1273	0	4	5	7	0.13	
TPCC	HLOCK	8	119529.62	COMMIT	57993	2635976	1249418	0	0	ABORT	30598	1347952	222405	108684	0	0	51	567	1225	1975	0	5	7	11	0.34	
TPCC	HLOCK	12	122287.18	COMMIT	38963	1956205	1219566	0	0	ABORT	52381	2034554	663929	254610	0	0	80	704	1557	2721	1	6	9	13	0.55	
TPCC	HLOCK	16	115485.30	COMMIT	26273	1336658	921415	0	0	ABORT	67692	2652956	1097484	592876	0	0	119	794	1819	3161	2	7	10	15	0.69	
TPCC	HLOCK	20	104109.82	COMMIT	18269	955691	681031	0	0	ABORT	68481	3035881	1378883	1103067	0	0	171	913	2312	4469	3	8	11	18	0.76	
TPCC	HLOCK	24	96862.22	COMMIT	13728	689748	501538	0	0	ABORT	61512	3297112	1367913	1379309	0	0	212	1259	3019	5421	4	9	14	21	0.79	
TPCC	HLOCK	28	92577.93	COMMIT	10986	541457	387041	0	0	ABORT	55607	3447598	1339517	1731398	0	0	255	1450	3520	6117	5	10	15	22	0.81	
TPCC	HLOCK	32	87428.72	COMMIT	8812	415575	311057	0	0	ABORT	50139	3570737	1342858	2024706	0	0	309	1556	3590	6711	5	10	15	23	0.83	
TPCC	HLOCK	36	85905.91	COMMIT	7338	355436	247512	0	0	ABORT	44553	3634281	1294986	2161991	0	0	345	1735	5021	8223	6	11	18	25	0.84	
TPCC	SILO	1	55765.52	COMMIT	219880	3983167	0	0	0	ABORT	0	0	0	0	0	0	8	146	164	181	0	0	0	0	0.00	
TPCC	SILO	4	98779.19	COMMIT	101062	2055867	0	0	0	ABORT	47988	1932758	0	354448	0	0	12	427	968	2051	0	5	9	11	0.33	
TPCC	SILO	8	116938.66	COMMIT	60412	1247219	0	0	0	ABORT	53473	2743375	0	1089994	0	0	15	935	2767	5144	0	8	14	20	0.48	
TPCC	SILO	12	123649.24	COMMIT	42388	889054	0	0	0	ABORT	50030	3103488	0	1602222	0	0	16	1584	4273	7403	0	11	18	26	0.54	
TPCC	SILO	16	122251.07	COMMIT	32350	689380	0	0	0	ABORT	44633	3303616	0	1761161	0	0	16	2273	5262	8859	0	13	21	30	0.59	
TPCC	SILO	20	122297.84	COMMIT	25253	576549	0	0	0	ABORT	39918	3418037	0	2234255	0	0	17	2990	6893	11274	0	14	25	37	0.62	
TPCC	SILO	24	118413.34	COMMIT	18406	445524	0	0	0	ABORT	34339	3547759	0	2299814	0	0	18	3576	7724	12609	0	16	28	43	0.65	
TPCC	SILO	28	117883.88	COMMIT	17243	434928	0	0	0	ABORT	33795	3558021	0	2316877	0	0	18	4180	8781	14161	0	18	31	47	0.67	
TPCC	SILO	32	122335.42	COMMIT	15065	352013	0	0	0	ABORT	31731	3641884	0	2484819	0	0	19	4488	9520	14703	0	19	33	50	0.68	
TPCC	SILO	36	121575.50	COMMIT	12455	309560	0	0	0	ABORT	29565	3685532	0	2471315	0	0	18	5075	10530	16144	0	20	37	58	0.70	
log 1
	T	CC	TP	P50	P90	P99	P999	Abt
TPCC	NO_WAIT	1	36745.34	COMMIT	139584	3989267	0	0	0	ABORT	0	0	0	0	0	0	10	185	240	265	0	0	0	0	0.00	
TPCC	NO_WAIT	4	48028.99	COMMIT	47159	1574873	0	0	0	ABORT	39563	2407153	0	2121452	0	0	32	1411	4554	7428	0	11	19	27	0.45	
TPCC	NO_WAIT	8	54679.15	COMMIT	28970	979421	0	0	0	ABORT	36682	3014914	0	2793692	0	0	36	3153	7665	12272	0	15	27	41	0.57	
TPCC	NO_WAIT	12	57991.18	COMMIT	18702	647411	0	0	0	ABORT	31485	3347690	0	3156883	0	0	39	4512	10162	14666	0	19	34	45	0.63	
TPCC	NO_WAIT	16	60364.45	COMMIT	14719	509652	0	0	0	ABORT	29567	3485648	0	3302155	0	0	41	5538	11591	17311	0	22	38	52	0.67	
TPCC	NO_WAIT	20	62495.33	COMMIT	12296	420147	0	0	0	ABORT	27777	3575293	0	3435959	0	0	43	6609	13505	20365	0	25	43	62	0.69	
TPCC	NO_WAIT	24	63566.12	COMMIT	9805	340714	0	0	0	ABORT	25827	3654605	0	3515451	0	0	45	7428	14643	21100	0	27	46	63	0.72	
TPCC	NO_WAIT	28	64317.94	COMMIT	8328	290476	0	0	0	ABORT	24166	3704580	0	3597642	0	0	46	8289	16160	23697	0	29	50	71	0.73	
TPCC	NO_WAIT	32	65724.88	COMMIT	8091	287772	0	0	0	ABORT	24134	3706705	0	3568463	0	0	48	8941	17166	25897	0	31	53	77	0.75	
TPCC	NO_WAIT	36	66609.27	COMMIT	6925	245398	0	0	0	ABORT	22865	3748396	0	3637402	0	0	49	9612	18226	27148	0	33	56	81	0.76	
TPCC	WAIT_DIE	1	36480.68	COMMIT	138545	3989522	0	0	0	ABORT	0	0	0	0	0	0	11	185	241	265	0	0	0	0	0.00	
TPCC	WAIT_DIE	4	64272.74	COMMIT	63441	2594469	377952	0	0	ABORT	94826	1394544	8029	829463	0	0	46	435	811	1381	0	6	7	8	0.60	
TPCC	WAIT_DIE	8	77948.68	COMMIT	38522	2145775	771619	0	0	ABORT	98227	1844037	10326	1247773	0	0	69	558	1184	2371	2	7	8	9	0.72	
TPCC	WAIT_DIE	12	85219.82	COMMIT	27728	2004973	985396	0	0	ABORT	87404	1987066	13091	1418452	0	0	88	679	1326	3097	3	8	9	10	0.76	
TPCC	WAIT_DIE	16	89338.16	COMMIT	22003	1963754	1142123	0	0	ABORT	78300	2028034	12080	1556090	0	0	110	855	1527	3560	4	8	9	11	0.78	
TPCC	WAIT_DIE	20	91512.83	COMMIT	18140	1940850	1262432	0	0	ABORT	69481	2051272	12102	1608481	0	0	129	1092	1805	3690	5	9	10	12	0.79	
TPCC	WAIT_DIE	24	93725.17	COMMIT	15169	1969705	1390579	0	0	ABORT	62334	2022308	10287	1648642	0	0	146	1349	2116	4109	5	9	10	12	0.80	
TPCC	WAIT_DIE	28	94901.64	COMMIT	13260	1988889	1474828	0	0	ABORT	56530	2004438	11627	1616884	0	0	160	1683	2655	4385	5	9	10	12	0.81	
TPCC	WAIT_DIE	32	97569.77	COMMIT	12203	2087204	1609449	0	0	ABORT	52338	1905651	7634	1604581	0	0	170	2068	3261	4761	5	9	11	13	0.81	
TPCC	WAIT_DIE	36	98613.15	COMMIT	10879	2136956	1697494	0	0	ABORT	47966	1855704	9751	1551789	0	0	180	2531	4171	6074	5	10	11	13	0.82	
TPCC	WOUND_WAIT	1	36423.26	COMMIT	138107	3989437	0	0	0	ABORT	0	0	0	0	0	0	11	185	246	271	0	0	0	0	0.00	
TPCC	WOUND_WAIT	4	64604.50	COMMIT	63364	3503205	1226309	0	0	ABORT	3121	492032	14687	10376	0	0	51	444	896	1398	0	1	4	6	0.05	
TPCC	WOUND_WAIT	8	70282.78	COMMIT	34585	3718016	2414785	0	0	ABORT	1599	278281	35278	6159	0	0	108	436	925	1599	0	1	4	6	0.04	
TPCC	WOUND_WAIT	12	69575.91	COMMIT	22968	3720245	2870958	0	0	ABORT	1336	277089	50491	4649	0	0	171	503	1069	2061	0	2	4	7	0.06	
TPCC	WOUND_WAIT	16	69478.35	COMMIT	17131	3789234	3133192	0	0	ABORT	910	208404	50500	2764	0	0	237	499	1080	1856	0	1	4	7	0.05	
TPCC	WOUND_WAIT	20	69279.85	COMMIT	13726	3808148	3282527	0	0	ABORT	767	189223	50487	3523	0	0	301	513	1136	2544	0	1	4	7	0.05	
TPCC	WOUND_WAIT	24	69132.42	COMMIT	11436	3846679	3413425	0	0	ABORT	575	150831	50017	1743	0	0	366	543	1175	2572	0	1	4	7	0.05	
TPCC	WOUND_WAIT	28	69013.51	COMMIT	9731	3884110	3512600	0	0	ABORT	391	113052	41941	1207	0	0	432	602	1165	3996	0	1	4	7	0.04	
TPCC	WOUND_WAIT	32	69284.19	COMMIT	8596	3893863	3560831	0	0	ABORT	337	103461	41185	1270	0	0	494	672	1167	4084	0	1	4	7	0.04	
TPCC	WOUND_WAIT	36	69659.03	COMMIT	7658	3912297	3604180	0	0	ABORT	278	84136	26553	1487	0	0	557	738	1203	6216	0	1	4	7	0.04	
TPCC	DLOCK	1	35691.63	COMMIT	135505	3989623	98899	0	0	ABORT	0	0	0	0	0	0	11	182	240	262	0	0	0	0	0.00	
TPCC	DLOCK	4	71472.18	COMMIT	69640	3831167	1092382	0	0	ABORT	7546	163547	2723	12801	0	0	49	273	338	400	0	1	2	3	0.09	
TPCC	DLOCK	8	84624.93	COMMIT	40187	3157636	1490214	0	0	ABORT	29092	837117	8603	77159	0	0	90	291	364	500	0	3	4	5	0.36	
TPCC	DLOCK	12	92997.83	COMMIT	28124	2718668	1565235	0	0	ABORT	40620	1276492	20257	196556	0	0	131	300	378	577	0	5	6	6	0.52	
TPCC	DLOCK	16	94628.69	COMMIT	20743	2467976	1629400	0	0	ABORT	43049	1526673	29741	368923	0	0	179	327	403	724	0	6	7	7	0.60	
TPCC	DLOCK	20	97461.99	COMMIT	16601	2288384	1605393	0	0	ABORT	42099	1704962	34213	559781	0	0	222	389	501	771	0	7	8	8	0.64	
TPCC	DLOCK	24	97752.23	COMMIT	13617	2187564	1645739	0	0	ABORT	38709	1807350	38477	737862	0	0	269	491	693	1449	1	7	8	9	0.67	
TPCC	DLOCK	28	96742.51	COMMIT	11268	2071202	1613264	0	0	ABORT	35371	1922221	40653	909114	0	0	318	622	893	1770	1	8	9	9	0.69	
TPCC	DLOCK	32	99586.52	COMMIT	9931	2017675	1629279	0	0	ABORT	33024	1975145	41676	1056065	0	0	356	728	1093	2418	1	8	9	10	0.70	
TPCC	DLOCK	36	98086.02	COMMIT	8567	1939666	1599402	0	0	ABORT	30415	2054617	38704	1194337	0	0	410	850	1223	2884	1	9	9	11	0.71	
TPCC	HLOCK	1	34481.06	COMMIT	130099	3992139	245834	0	0	ABORT	0	0	0	0	0	0	11	175	268	291	0	0	0	0	0.00	
TPCC	HLOCK	4	78295.35	COMMIT	76825	3285203	744474	0	0	ABORT	13841	708094	35936	73465	0	0	38	412	755	1139	0	4	6	8	0.15	
TPCC	HLOCK	8	104508.88	COMMIT	50619	2765547	1253827	0	0	ABORT	32120	1227736	278893	166849	0	0	61	514	1120	1843	0	5	8	9	0.38	
TPCC	HLOCK	12	106390.64	COMMIT	33214	2036079	1208469	0	0	ABORT	54144	1953520	833319	348928	0	0	100	536	1377	2570	1	6	9	10	0.60	
TPCC	HLOCK	16	101171.83	COMMIT	22883	1415811	935132	0	0	ABORT	62442	2577296	1176628	652952	0	0	139	766	1758	3481	2	8	10	12	0.71	
TPCC	HLOCK	20	94055.63	COMMIT	16422	1004771	665383	0	0	ABORT	63319	2985260	1390194	1136444	0	0	191	964	2238	4548	3	9	11	14	0.77	
TPCC	HLOCK	24	87994.21	COMMIT	12515	749786	496256	0	0	ABORT	57895	3238442	1403979	1445167	0	0	236	1282	2654	5004	4	9	12	17	0.80	
TPCC	HLOCK	28	81172.64	COMMIT	9549	578758	414087	0	0	ABORT	50551	3414166	1404886	1805879	0	0	297	1495	3183	6725	5	10	13	19	0.82	
TPCC	HLOCK	32	78613.62	COMMIT	7960	468223	322260	0	0	ABORT	46236	3523366	1440927	1993281	0	0	346	1656	3949	8016	6	10	14	21	0.83	
TPCC	HLOCK	36	73722.79	COMMIT	6425	380779	247867	0	0	ABORT	41349	3610305	1373491	2250089	0	0	422	1795	3872	8150	6	11	14	21	0.85	
TPCC	SILO	1	40474.53	COMMIT	153806	3992932	0	0	0	ABORT	0	0	0	0	0	0	10	154	241	264	0	0	0	0	0.00	
TPCC	SILO	4	87154.73	COMMIT	86935	2485487	0	0	0	ABORT	41087	1506313	0	269495	0	0	19	380	820	1857	0	5	8	11	0.32	
TPCC	SILO	8	108893.51	COMMIT	56106	1631883	0	0	0	ABORT	50449	2358961	0	979705	0	0	23	850	2769	4835	0	8	13	19	0.48	
TPCC	SILO	12	117312.90	COMMIT	39693	1150203	0	0	0	ABORT	47712	2842655	0	1400802	0	0	24	1530	3917	6717	0	10	17	24	0.55	
TPCC	SILO	16	118538.84	COMMIT	30533	907105	0	0	0	ABORT	43423	3086864	0	1684157	0	0	26	2186	5117	8655	0	12	20	29	0.59	
TPCC	SILO	20	116572.86	COMMIT	22630	722418	0	0	0	ABORT	37928	3271245	0	2045098	0	0	27	2862	6438	9993	0	14	24	36	0.62	
TPCC	SILO	24	115130.08	COMMIT	18594	609208	0	0	0	ABORT	35197	3382967	0	2079994	0	0	28	3450	7388	12000	0	16	27	42	0.65	
TPCC	SILO	28	116420.33	COMMIT	17137	572130	0	0	0	ABORT	33930	3420940	0	2213066	0	0	30	4009	8067	12922	0	17	29	45	0.67	
TPCC	SILO	32	121023.46	COMMIT	15556	505115	0	0	0	ABORT	32902	3487753	0	2136772	0	0	29	4364	8984	13503	1	18	33	52	0.68	
TPCC	SILO	36	123857.83	COMMIT	13572	448714	0	0	0	ABORT	31501	3543988	0	2390692	0	0	30	4823	9592	15265	1	20	35	55	0.70	
log 2
	T	CC	TP	P50	P90	P99	P999	Abt
TPCC	NO_WAIT	1	42026.13	COMMIT	161622	3987694	0	0	0	ABORT	0	0	0	0	0	0	10	179	199	214	0	0	0	0	0.00	
TPCC	NO_WAIT	4	60060.22	COMMIT	59696	1739159	0	0	0	ABORT	46271	2254102	0	1896866	0	0	26	1003	3850	6911	0	10	17	24	0.44	
TPCC	NO_WAIT	8	68335.83	COMMIT	34491	1035279	0	0	0	ABORT	41493	2946534	0	2641390	0	0	30	2471	6498	10589	0	14	24	36	0.55	
TPCC	NO_WAIT	12	73083.91	COMMIT	23800	704657	0	0	0	ABORT	36718	3289584	0	3016334	0	0	32	3526	8250	12489	0	16	29	40	0.61	
TPCC	NO_WAIT	16	75823.42	COMMIT	17644	519249	0	0	0	ABORT	32765	3475971	0	3223919	0	0	34	4470	9846	15503	0	19	33	47	0.64	
TPCC	NO_WAIT	20	78101.70	COMMIT	15078	449365	0	0	0	ABORT	30843	3545245	0	3364312	0	0	36	5350	11184	17446	0	21	37	53	0.67	
TPCC	NO_WAIT	24	79276.92	COMMIT	14117	419772	0	0	0	ABORT	30086	3574565	0	3370196	0	0	37	6051	12574	18606	0	23	40	57	0.69	
TPCC	NO_WAIT	28	80410.54	COMMIT	11117	336815	0	0	0	ABORT	27650	3657418	0	3484897	0	0	39	6728	13148	19406	0	25	42	59	0.71	
TPCC	NO_WAIT	32	82758.77	COMMIT	10452	312032	0	0	0	ABORT	27612	3682349	0	3532524	0	0	39	7339	14249	20842	0	27	45	64	0.73	
TPCC	NO_WAIT	36	83828.48	COMMIT	9211	284832	0	0	0	ABORT	26021	3709047	0	3548010	0	0	40	7879	15175	22981	0	28	47	69	0.74	
TPCC	WAIT_DIE	1	41649.48	COMMIT	160068	3988253	0	0	0	ABORT	0	0	0	0	0	0	10	181	200	213	0	0	0	0	0.00	
TPCC	WAIT_DIE	4	77616.53	COMMIT	75300	2578210	276121	0	0	ABORT	92206	1407820	9996	694336	0	0	36	444	901	1965	0	6	7	10	0.55	
TPCC	WAIT_DIE	8	97458.63	COMMIT	47550	2175808	653935	0	0	ABORT	104151	1805738	13023	1097193	0	0	53	545	1420	3581	1	7	8	13	0.68	
TPCC	WAIT_DIE	12	106554.40	COMMIT	34942	1990470	868655	0	0	ABORT	97153	2000767	18456	1302926	0	0	68	636	2016	4905	3	8	9	16	0.73	
TPCC	WAIT_DIE	16	111632.75	COMMIT	27708	1972565	1039933	0	0	ABORT	87390	2017950	17043	1414511	0	0	85	725	2226	6229	3	8	10	18	0.76	
TPCC	WAIT_DIE	20	113972.79	COMMIT	22424	1868279	1112959	0	0	ABORT	77435	2123943	21156	1488874	0	0	99	935	2848	8064	4	8	11	23	0.78	
TPCC	WAIT_DIE	24	115404.36	COMMIT	18585	1861954	1226845	0	0	ABORT	68964	2130231	23172	1528776	0	0	114	1150	3413	8909	4	9	12	24	0.79	
TPCC	WAIT_DIE	28	117933.92	COMMIT	16389	1915685	1340366	0	0	ABORT	62990	2076808	22484	1522433	0	0	125	1370	3524	10805	5	9	12	31	0.79	
TPCC	WAIT_DIE	32	120507.36	COMMIT	14557	1945202	1432516	0	0	ABORT	58179	2046947	26383	1529137	0	0	135	1627	3951	13582	5	9	13	36	0.80	
TPCC	WAIT_DIE	36	123098.45	COMMIT	13387	2003095	1521755	0	0	ABORT	54461	1989007	25732	1520603	0	0	142	2013	4198	15701	5	9	13	42	0.80	
TPCC	WOUND_WAIT	1	41829.41	COMMIT	160778	3988022	0	0	0	ABORT	0	0	0	0	0	0	10	179	198	213	0	0	0	0	0.00	
TPCC	WOUND_WAIT	4	77981.20	COMMIT	75817	3282207	936880	0	0	ABORT	5434	711602	30235	17683	0	0	38	470	974	1651	0	1	4	7	0.06	
TPCC	WOUND_WAIT	8	87958.49	COMMIT	42849	3422041	2033118	0	0	ABORT	3455	574061	73207	30900	0	0	78	544	1381	2906	0	2	6	9	0.07	
TPCC	WOUND_WAIT	12	88441.08	COMMIT	29218	3541566	2591555	0	0	ABORT	2456	455111	117792	39462	0	0	128	567	2170	3747	0	2	8	11	0.08	
TPCC	WOUND_WAIT	16	87461.67	COMMIT	21564	3495222	2787951	0	0	ABORT	2284	502494	150854	65145	0	0	178	660	3401	5111	0	2	10	14	0.10	
TPCC	WOUND_WAIT	20	87360.88	COMMIT	17287	3626064	3062504	0	0	ABORT	1600	371767	124014	40077	0	0	232	609	2795	6141	0	2	9	16	0.09	
TPCC	WOUND_WAIT	24	86556.67	COMMIT	14384	3602561	3125245	0	0	ABORT	1436	394932	138965	72892	0	0	283	635	5502	7805	0	2	14	19	0.09	
TPCC	WOUND_WAIT	28	86715.37	COMMIT	12221	3606525	3205558	0	0	ABORT	1282	390856	142937	99109	0	0	334	636	7245	9389	0	2	17	21	0.09	
TPCC	WOUND_WAIT	32	87027.85	COMMIT	10729	3669289	3317357	0	0	ABORT	1086	327436	120643	67794	0	0	385	638	7750	10186	0	2	17	23	0.09	
TPCC	WOUND_WAIT	36	87680.75	COMMIT	9436	3621897	3294735	0	0	ABORT	1065	374980	136966	109961	0	0	432	658	10310	12072	0	2	22	26	0.10	
TPCC	DLOCK	1	40676.89	COMMIT	155968	3988179	114887	0	0	ABORT	0	0	0	0	0	0	10	177	200	216	0	0	0	0	0.00	
TPCC	DLOCK	4	87601.45	COMMIT	85924	3818072	980394	0	0	ABORT	7988	174955	22791	13126	0	0	38	272	359	582	0	1	2	3	0.08	
TPCC	DLOCK	8	103594.08	COMMIT	49863	3157424	1408381	0	0	ABORT	30025	836478	50803	77606	0	0	71	292	736	1818	0	3	4	8	0.34	
TPCC	DLOCK	12	108572.96	COMMIT	32973	2643046	1459271	0	0	ABORT	41040	1351567	121256	221599	0	0	108	301	2701	3956	0	4	9	12	0.50	
TPCC	DLOCK	16	110633.96	COMMIT	24466	2351703	1493638	0	0	ABORT	44036	1642808	144948	395417	0	0	147	317	4327	5579	0	6	12	15	0.58	
TPCC	DLOCK	20	110376.60	COMMIT	18956	2202755	1513504	0	0	ABORT	42033	1790540	157173	567091	0	0	190	351	5747	7121	0	6	15	18	0.63	
TPCC	DLOCK	24	109883.22	COMMIT	15503	2078012	1527971	0	0	ABORT	39916	1916502	165121	739742	0	0	233	427	6886	8378	0	7	17	21	0.66	
TPCC	DLOCK	28	109706.71	COMMIT	13135	1976241	1509095	0	0	ABORT	37347	2017118	159743	898193	0	0	274	525	8468	10058	1	8	19	23	0.68	
TPCC	DLOCK	32	110181.34	COMMIT	11236	1883200	1491020	0	0	ABORT	34933	2109284	163961	1068783	0	0	311	658	9702	11290	1	8	22	26	0.70	
TPCC	DLOCK	36	109521.38	COMMIT	9788	1870123	1528867	0	0	ABORT	31432	2122361	162263	1154821	0	0	354	756	11175	12793	1	8	24	28	0.71	
TPCC	HLOCK	1	39350.83	COMMIT	149793	3991190	279352	0	0	ABORT	0	0	0	0	0	0	10	176	224	249	0	0	0	0	0.00	
TPCC	HLOCK	4	82845.91	COMMIT	80945	3216618	874786	0	0	ABORT	12982	776574	11035	47017	0	0	36	438	842	1239	0	4	5	7	0.14	
TPCC	HLOCK	8	108937.15	COMMIT	52158	2625129	1235226	0	0	ABORT	28955	1368223	224170	122888	0	0	56	601	1350	3072	0	5	7	11	0.35	
TPCC	HLOCK	12	113584.22	COMMIT	35541	1981909	1191027	0	0	ABORT	48581	2010930	690921	265610	0	0	90	663	1831	5788	1	6	9	15	0.55	
TPCC	HLOCK	16	107701.63	COMMIT	24443	1379645	924066	0	0	ABORT	59860	2612732	1077932	560511	0	0	130	818	2781	7401	2	7	11	17	0.68	
TPCC	HLOCK	20	101672.56	COMMIT	17561	986156	652692	0	0	ABORT	60194	3007533	1231712	970163	0	0	174	1025	4433	9460	3	8	14	21	0.75	
TPCC	HLOCK	24	92685.98	COMMIT	12919	706988	482196	0	0	ABORT	56044	3285073	1303222	1390682	0	0	228	1247	5834	10366	4	9	16	24	0.79	
TPCC	HLOCK	28	88192.01	COMMIT	10101	539168	349437	0	0	ABORT	50617	3453548	1261090	1720311	0	0	271	1496	7438	12030	4	10	18	27	0.81	
TPCC	HLOCK	32	86020.01	COMMIT	8451	429580	279396	0	0	ABORT	45810	3560025	1253565	1954145	0	0	309	1658	8527	13755	5	10	20	29	0.82	
TPCC	HLOCK	36	82235.94	COMMIT	6896	351525	230755	0	0	ABORT	41346	3638795	1234006	2161631	0	0	359	1796	9818	14848	6	11	22	32	0.83	
TPCC	SILO	1	46298.68	COMMIT	177581	3991991	0	0	0	ABORT	0	0	0	0	0	0	9	153	201	223	0	0	0	0	0.00	
TPCC	SILO	4	80413.13	COMMIT	80812	1977564	0	0	0	ABORT	44294	2012889	0	516781	0	0	17	478	1441	3093	0	6	10	14	0.36	
TPCC	SILO	8	95000.30	COMMIT	46411	1151888	0	0	0	ABORT	46376	2838922	0	1440667	0	0	20	1225	3838	6620	0	9	16	22	0.50	
TPCC	SILO	12	99003.07	COMMIT	31464	778456	0	0	0	ABORT	40750	3215488	0	1871895	0	0	21	2048	5455	9508	0	12	20	29	0.56	
TPCC	SILO	16	100449.58	COMMIT	24652	632213	0	0	0	ABORT	37942	3362555	0	2074838	0	0	22	2826	6934	11674	0	14	24	34	0.60	
TPCC	SILO	20	99960.51	COMMIT	18406	479548	0	0	0	ABORT	33650	3512839	0	2286992	0	0	23	3544	8285	14619	0	16	27	41	0.64	
TPCC	SILO	24	98595.13	COMMIT	14995	393731	0	0	0	ABORT	30481	3598955	0	2459384	0	0	24	4240	9670	18302	0	18	31	47	0.66	
TPCC	SILO	28	98066.14	COMMIT	12575	341338	0	0	0	ABORT	28025	3651943	0	2511253	0	0	25	4928	10810	19803	0	19	35	50	0.68	
TPCC	SILO	32	103005.64	COMMIT	11404	312523	0	0	0	ABORT	27730	3679865	0	2630930	0	0	25	5344	12188	22544	0	21	37	57	0.70	
TPCC	SILO	36	102875.73	COMMIT	10191	277374	0	0	0	ABORT	26954	3714845	0	2655870	0	0	25	5891	13050	27943	0	22	41	68	0.71	
