Rd	Wt	Zip	T	CC	TP	P50	P90	P99	P999	Abt
0.95	0.05	0.50	1	MOCC	0	161268.55	COMMIT	640237	3964942	0	0	3649363	171596	ABORT	0	0	0	0	0	0	0	4	19	21	24	0	0	0	0	0.00	
0.95	0.05	0.50	4	MOCC	0	541190.53	COMMIT	617110	3965518	0	0	3642598	170201	ABORT	1	27	0	0	2	18	1	5	26	29	33	0	0	0	0	0.00	
0.95	0.05	0.50	8	MOCC	0	1048770.10	COMMIT	596992	3966672	0	0	3650112	172514	ABORT	1	13	0	0	2	4	2	6	27	30	34	0	0	0	0	0.00	
0.95	0.05	0.50	12	MOCC	0	1516822.30	COMMIT	578636	3967150	0	0	3662940	169574	ABORT	2	35	0	0	4	22	3	6	28	31	36	0	0	0	0	0.00	
0.95	0.05	0.50	16	MOCC	0	1946784.89	COMMIT	543811	3968806	0	0	3605194	165039	ABORT	3	61	0	0	5	44	4	6	29	32	38	0	0	0	0	0.00	
0.95	0.05	0.50	20	MOCC	0	2330646.91	COMMIT	526560	3969337	0	0	3666605	165585	ABORT	6	125	0	0	11	94	9	6	31	34	41	0	0	0	0	0.00	
0.95	0.05	0.50	24	MOCC	0	2645469.89	COMMIT	492224	3970215	0	0	3678743	159859	ABORT	0	0	0	0	0	0	0	7	33	37	44	0	0	0	0	0.00	
0.95	0.05	0.50	28	MOCC	0	2855095.61	COMMIT	451477	3972919	0	0	3698495	150593	ABORT	6	140	0	0	11	100	11	7	36	40	48	0	0	0	0	0.00	
0.95	0.05	0.50	32	MOCC	0	3023499.46	COMMIT	410573	3974191	0	0	3711708	144461	ABORT	5	146	0	0	9	113	14	8	39	44	53	0	0	0	0	0.00	
0.95	0.05	0.50	36	MOCC	0	3082272.43	COMMIT	368449	3976756	0	0	3718372	137021	ABORT	6	238	0	0	11	196	15	9	43	48	59	0	0	0	0	0.00	
