Rd	Wt	Zip	T	CC	TP	P50	P90	P99	P999	Abt
0.90	0.10	0.10	1	WOUND_WAIT	0	448987.83	2	2	2	4	5	0	0	0	0	0	0.00	0.00	
0.90	0.10	0.10	4	WOUND_WAIT	0	746033.60	5	5	5	6	9	0	0	0	0	0	0.00	0.00	
0.90	0.10	0.10	8	WOUND_WAIT	0	1496690.48	5	5	5	6	9	0	0	0	0	0	0.00	0.00	
0.90	0.10	0.10	12	WOUND_WAIT	0	2154583.80	5	6	6	6	10	0	0	0	0	0	0.00	0.00	
0.90	0.10	0.10	16	WOUND_WAIT	0	2852234.19	5	6	6	6	12	0	0	0	0	0	0.00	0.00	
0.90	0.10	0.10	20	WOUND_WAIT	0	3024235.28	6	7	7	8	12	0	0	0	0	0	0.00	0.00	
0.90	0.10	0.10	24	WOUND_WAIT	0	3366549.73	6	8	8	9	13	0	0	0	0	0	0.00	0.00	
0.90	0.10	0.10	28	WOUND_WAIT	0	3697631.51	7	8	9	9	13	0	0	0	0	0	0.00	0.00	
0.90	0.10	0.10	32	WOUND_WAIT	0	4077222.31	7	9	9	10	14	0	0	0	0	0	0.00	0.00	
0.90	0.10	0.10	36	WOUND_WAIT	0	4548814.33	7	9	9	10	14	0	0	0	0	0	0.00	0.00	
0.90	0.10	0.10	40	WOUND_WAIT	0	4879610.33	8	9	9	10	14	0	0	0	0	0	0.00	0.00	
0.90	0.10	0.10	44	WOUND_WAIT	0	5211391.60	8	9	10	11	15	0	0	0	0	0	0.00	0.00	
0.90	0.10	0.10	48	WOUND_WAIT	0	5604873.43	8	10	10	11	15	0	0	0	0	0	0.00	0.00	
0.90	0.10	0.10	52	WOUND_WAIT	0	6005897.91	8	11	11	13	17	0	0	0	0	0	0.00	0.00	
0.90	0.10	0.10	56	WOUND_WAIT	0	6447206.14	8	10	11	12	16	0	0	0	0	0	0.00	0.00	
0.90	0.10	0.10	60	WOUND_WAIT	0	6669953.01	8	11	11	13	16	0	0	0	0	0	0.00	0.00	
0.90	0.10	0.10	64	WOUND_WAIT	0	6998161.69	9	12	13	14	17	0	0	0	0	0	0.00	0.00	
0.90	0.10	0.10	1	SILO	0	404586.42	2	2	2	4	5	0	0	0	0	0	0.00	0.00	
0.90	0.10	0.10	4	SILO	0	846051.89	4	5	5	6	9	0	0	0	0	0	0.00	0.00	
0.90	0.10	0.10	8	SILO	0	1712982.30	4	5	5	6	9	0	0	0	0	0	0.00	0.00	
0.90	0.10	0.10	12	SILO	0	2513008.42	4	5	5	6	9	0	0	0	0	0	0.00	0.00	
0.90	0.10	0.10	16	SILO	0	3309982.47	4	5	5	5	11	0	0	0	0	0	0.00	0.00	
0.90	0.10	0.10	20	SILO	0	3572289.23	5	6	7	7	11	0	0	0	0	0	0.00	0.00	
0.90	0.10	0.10	24	SILO	0	3864192.72	6	7	7	8	12	0	0	0	0	0	0.00	0.00	
0.90	0.10	0.10	28	SILO	0	4272685.25	6	7	7	8	13	0	0	0	0	0	0.00	0.00	
0.90	0.10	0.10	32	SILO	0	4657204.86	6	7	8	8	12	0	0	0	0	0	0.00	0.00	
0.90	0.10	0.10	36	SILO	0	5330823.18	6	7	8	8	13	0	0	0	0	0	0.00	0.00	
0.90	0.10	0.10	40	SILO	0	5791386.02	6	8	8	9	13	0	0	0	0	0	0.00	0.00	
0.90	0.10	0.10	44	SILO	0	6231367.26	7	8	8	9	14	0	0	0	0	0	0.00	0.00	
0.90	0.10	0.10	48	SILO	0	6641209.46	7	8	9	10	14	0	0	0	0	0	0.00	0.00	
0.90	0.10	0.10	52	SILO	0	7355656.07	7	8	8	9	14	0	0	0	0	0	0.00	0.00	
0.90	0.10	0.10	56	SILO	0	7764129.69	7	8	9	10	14	0	0	0	0	0	0.00	0.00	
0.90	0.10	0.10	60	SILO	0	8144278.20	7	9	9	10	14	0	0	0	0	0	0.00	0.00	
0.90	0.10	0.10	64	SILO	0	8727886.91	7	9	9	10	14	0	0	0	0	0	0.00	0.00	
0.90	0.10	0.90	1	WOUND_WAIT	0	613610.94	1	1	1	1	4	0	0	0	0	0	0.00	0.00	
0.90	0.10	0.90	4	WOUND_WAIT	0	1167825.76	3	4	4	5	8	0	0	0	0	0	0.00	0.00	
0.90	0.10	0.90	8	WOUND_WAIT	0	1992889.14	3	4	5	8	81	0	0	0	0	1	0.00	0.00	
0.90	0.10	0.90	12	WOUND_WAIT	0	2810006.02	3	5	7	16	108	0	0	0	0	2	0.01	0.01	
0.90	0.10	0.90	16	WOUND_WAIT	0	3245338.93	4	7	10	59	145	0	0	0	1	2	0.02	0.02	
0.90	0.10	0.90	20	WOUND_WAIT	0	2391752.46	5	16	30	116	291	0	0	0	1	3	0.04	0.03	
0.90	0.10	0.90	24	WOUND_WAIT	0	1872038.17	5	31	64	178	481	0	0	0	1	4	0.06	0.04	
0.90	0.10	0.90	28	WOUND_WAIT	0	1602383.59	5	41	92	257	1382	0	0	0	2	6	0.09	0.05	
0.90	0.10	0.90	32	WOUND_WAIT	0	1442969.18	6	72	129	295	814	0	0	1	2	5	0.08	0.05	
0.90	0.10	0.90	36	WOUND_WAIT	0	1241769.17	6	79	145	358	1862	0	0	1	2	6	0.11	0.06	
0.90	0.10	0.90	40	WOUND_WAIT	0	1069890.58	6	77	152	472	3941	0	0	1	2	8	0.16	0.06	
0.90	0.10	0.90	44	WOUND_WAIT	0	969938.70	6	95	177	533	4811	0	0	1	2	9	0.17	0.06	
0.90	0.10	0.90	48	WOUND_WAIT	0	912740.52	6	96	174	560	5368	0	0	1	2	9	0.17	0.06	
0.90	0.10	0.90	52	WOUND_WAIT	0	806485.95	6	129	229	717	6917	0	0	1	2	9	0.19	0.07	
0.90	0.10	0.90	56	WOUND_WAIT	0	828581.84	6	122	202	608	6103	0	0	1	2	8	0.15	0.06	
0.90	0.10	0.90	60	WOUND_WAIT	0	724078.27	7	159	256	715	4936	0	0	1	2	8	0.18	0.07	
0.90	0.10	0.90	64	WOUND_WAIT	0	729522.47	6	167	252	591	3236	0	0	1	2	7	0.15	0.06	
0.90	0.10	0.90	1	SILO	0	605014.07	1	1	1	1	4	0	0	0	0	0	0.00	0.00	
0.90	0.10	0.90	4	SILO	0	1613251.70	2	3	3	38	98	0	0	0	1	1	0.02	0.01	
0.90	0.10	0.90	8	SILO	0	2947212.75	2	3	4	77	103	0	0	0	1	2	0.04	0.03	
0.90	0.10	0.90	12	SILO	0	4414130.74	2	3	11	88	119	0	0	1	1	2	0.06	0.05	
0.90	0.10	0.90	16	SILO	0	5571085.39	2	4	35	94	143	0	0	1	1	2	0.07	0.07	
0.90	0.10	0.90	20	SILO	0	6045472.13	3	5	51	98	160	0	0	1	1	2	0.09	0.09	
0.90	0.10	0.90	24	SILO	0	6504188.58	3	11	62	101	171	0	1	1	1	2	0.11	0.11	
0.90	0.10	0.90	28	SILO	0	7203696.42	3	26	69	103	181	0	1	1	2	3	0.13	0.12	
0.90	0.10	0.90	32	SILO	0	7852932.95	3	36	75	105	190	0	1	1	2	3	0.15	0.14	
0.90	0.10	0.90	36	SILO	0	8555754.71	4	45	80	110	203	0	1	1	2	3	0.17	0.15	
0.90	0.10	0.90	40	SILO	0	9003076.64	4	51	84	121	216	0	1	1	2	3	0.19	0.17	
0.90	0.10	0.90	44	SILO	0	9630897.11	4	57	87	133	238	0	1	1	2	3	0.21	0.18	
0.90	0.10	0.90	48	SILO	0	10062930.44	4	62	90	141	255	0	1	1	2	4	0.23	0.19	
0.90	0.10	0.90	52	SILO	0	10468347.87	4	66	93	153	291	0	1	1	2	4	0.25	0.20	
0.90	0.10	0.90	56	SILO	0	10726083.08	4	70	96	163	334	0	1	1	2	4	0.27	0.22	
0.90	0.10	0.90	60	SILO	0	10994001.10	4	74	98	172	410	0	1	1	3	5	0.28	0.23	
0.90	0.10	0.90	64	SILO	0	11381148.43	4	76	99	180	1019	0	1	1	3	5	0.30	0.23	
