Rd	Wt	Zip	T	CC	TP	P50	P90	P99	P999	Abt
0.50	0.50	0.90	4	WAIT_DIE	10	960213.49	4	6	29	54	7004	|	0	0	1	2	13	|	52860
0.50	0.50	0.90	8	WAIT_DIE	10	1607084.26	4	38	50	69	11492	|	0	1	2	10	33	|	394632
0.50	0.50	0.90	12	WAIT_DIE	10	2025531.83	4	51	64	94	4880	|	0	2	5	17	50	|	1206655
0.50	0.50	0.90	16	WAIT_DIE	10	1817952.84	5	70	95	154	2357	|	0	5	10	30	89	|	3096753
0.50	0.50	0.90	20	WAIT_DIE	10	1062271.86	6	133	192	326	603	|	0	10	19	61	225	|	8159544
0.50	0.50	0.90	24	WAIT_DIE	10	766843.49	7	210	308	542	986	|	0	15	29	106	396	|	16151353
0.50	0.50	0.90	28	WAIT_DIE	10	567885.65	10	295	442	823	1718	|	0	22	44	159	626	|	29685043
0.50	0.50	0.90	4	SILO	10	1132777.96	3	4	20	50	6938	|	0	0	1	1	3	|	29241
0.50	0.50	0.90	8	SILO	10	2132758.73	3	20	39	53	8674	|	0	1	1	3	5	|	153894
0.50	0.50	0.90	12	SILO	10	3041034.51	3	31	44	57	10432	|	0	1	2	4	8	|	378814
0.50	0.50	0.90	16	SILO	10	3877045.22	3	36	46	62	11326	|	0	2	3	6	11	|	738489
0.50	0.50	0.90	20	SILO	10	3589175.27	4	42	52	74	10053	|	0	2	4	8	14	|	1288351
0.50	0.50	0.90	24	SILO	10	3533788.67	4	48	60	107	16364	|	0	3	5	10	19	|	1929190
0.50	0.50	0.90	28	SILO	10	3452378.15	5	53	69	151	18069	|	0	3	5	12	27	|	2779293
0.50	0.50	0.90	4	WAIT_DIE	30	990456.37	3	6	37	70	10582	|	0	0	1	2	12	|	55107
0.50	0.50	0.90	8	WAIT_DIE	30	1593850.87	4	47	63	87	13297	|	0	1	2	10	35	|	422416
0.50	0.50	0.90	12	WAIT_DIE	30	1920945.70	4	64	79	113	4009	|	0	2	5	18	56	|	1232879
0.50	0.50	0.90	16	WAIT_DIE	30	1894848.14	4	85	114	181	1829	|	0	4	9	28	86	|	2859958
0.50	0.50	0.90	20	WAIT_DIE	30	1079807.66	6	156	224	378	691	|	0	9	17	56	221	|	7562170
0.50	0.50	0.90	24	WAIT_DIE	30	782747.40	7	242	355	624	1267	|	0	14	27	99	382	|	15230774
0.50	0.50	0.90	28	WAIT_DIE	30	580844.46	10	349	523	969	2076	|	0	21	42	157	630	|	28100565
0.50	0.50	0.90	4	SILO	30	1117387.07	3	4	24	65	5546	|	0	0	1	1	3	|	31237
0.50	0.50	0.90	8	SILO	30	2115371.49	3	26	51	69	7418	|	0	1	1	3	5	|	159601
0.50	0.50	0.90	12	SILO	30	3107247.11	3	40	57	74	10980	|	0	1	2	5	8	|	390501
0.50	0.50	0.90	16	SILO	30	3816797.06	3	46	60	82	12702	|	0	2	3	6	12	|	748443
0.50	0.50	0.90	20	SILO	30	3499726.10	4	53	67	99	12661	|	0	2	4	8	15	|	1341690
0.50	0.50	0.90	24	SILO	30	3484332.53	4	60	77	120	12379	|	0	3	5	10	19	|	1947419
0.50	0.50	0.90	28	SILO	30	3384575.79	5	66	84	143	12434	|	0	3	5	12	25	|	2778985
0.50	0.50	0.90	4	WAIT_DIE	300	999044.36	3	5	124	275	4568	|	0	0	1	3	13	|	59103
0.50	0.50	0.90	8	WAIT_DIE	300	1549408.30	4	151	225	312	9176	|	0	1	2	12	41	|	457223
0.50	0.50	0.90	12	WAIT_DIE	300	1819158.96	4	212	270	379	3487	|	0	2	5	20	68	|	1248136
0.50	0.50	0.90	16	WAIT_DIE	300	1918501.25	4	303	387	563	1723	|	0	3	7	24	84	|	2420536
0.50	0.50	0.90	20	WAIT_DIE	300	1109237.52	6	463	651	1033	1558	|	0	7	12	38	187	|	5702647
0.50	0.50	0.90	24	WAIT_DIE	300	778398.69	7	696	1007	1695	2685	|	0	11	19	67	369	|	11875187
0.50	0.50	0.90	28	WAIT_DIE	300	555960.23	13	1005	1492	2656	5237	|	0	17	30	120	626	|	22959807
0.50	0.50	0.90	4	SILO	300	1183238.77	3	4	91	269	7263	|	0	0	1	2	3	|	32979
0.50	0.50	0.90	8	SILO	300	2231412.82	3	95	201	285	10927	|	0	1	2	3	6	|	177444
0.50	0.50	0.90	12	SILO	300	3035649.61	3	154	226	296	11258	|	0	1	3	6	11	|	458003
0.50	0.50	0.90	16	SILO	300	3642986.11	3	174	230	311	12210	|	0	2	4	8	16	|	942775
0.50	0.50	0.90	20	SILO	300	3150132.65	4	181	236	353	11011	|	0	2	5	11	22	|	1553771
0.50	0.50	0.90	24	SILO	300	3050740.85	4	217	292	482	14745	|	0	3	5	12	26	|	2177965
0.50	0.50	0.90	28	SILO	300	2879674.05	5	250	340	566	13279	|	0	3	6	15	33	|	3010325
0.50	0.50	0.90	4	WAIT_DIE	1000	955885.68	3	5	329	793	7843	|	0	0	1	3	14	|	62510
0.50	0.50	0.90	8	WAIT_DIE	1000	1509345.41	4	396	608	832	5620	|	0	1	2	13	39	|	454369
0.50	0.50	0.90	12	WAIT_DIE	1000	1773682.23	4	537	689	979	2798	|	0	2	5	21	66	|	1270450
0.50	0.50	0.90	16	WAIT_DIE	1000	1786533.97	4	833	1075	1535	2542	|	0	3	7	26	83	|	2381002
0.50	0.50	0.90	20	WAIT_DIE	1000	1125112.15	6	1245	1743	2668	3779	|	0	6	11	31	139	|	4885707
0.50	0.50	0.90	24	WAIT_DIE	1000	800522.95	7	1819	2625	4320	6393	|	0	10	16	46	284	|	9736296
0.50	0.50	0.90	28	WAIT_DIE	1000	554847.69	16	2609	3853	6627	10698	|	0	15	26	83	574	|	19408748
0.50	0.50	0.90	4	SILO	1000	1188908.47	3	4	258	786	7200	|	0	0	1	2	3	|	33379
0.50	0.50	0.90	8	SILO	1000	2080742.33	3	269	585	834	10638	|	0	1	2	4	7	|	183893
0.50	0.50	0.90	12	SILO	1000	2992419.45	3	441	649	859	10647	|	0	1	3	6	11	|	472231
0.50	0.50	0.90	16	SILO	1000	3590432.42	3	501	663	926	13627	|	0	2	4	9	17	|	914963
0.50	0.50	0.90	20	SILO	1000	3058452.89	4	489	633	990	13043	|	0	2	5	12	26	|	1539971
0.50	0.50	0.90	24	SILO	1000	2967906.22	4	540	733	1293	16366	|	0	3	6	14	30	|	2262547
0.50	0.50	0.90	28	SILO	1000	2693507.32	5	771	1083	1775	15030	|	0	3	7	16	36	|	3077134
