Rd	Wt	Zip	T	CC	TP	P50	P90	P99	P999	Abt
0.00	1.00	0.10	1	OLOCK	0	360334.78	2	3	3	5	6	0	0	0	0	0	0.00	0.00
0.00	1.00	0.10	4	OLOCK	0	747581.13	5	6	6	6	10	0	0	0	0	0	0.00	0.00
0.00	1.00	0.10	8	OLOCK	0	1495180.90	5	6	6	6	10	0	0	0	0	0	0.00	0.00
0.00	1.00	0.10	12	OLOCK	0	2200092.62	5	6	6	7	10	0	0	0	0	0	0.00	0.00
0.00	1.00	0.10	16	OLOCK	0	2814812.79	5	6	6	7	11	0	0	0	0	0	0.00	0.00
0.00	1.00	0.10	20	OLOCK	0	3147523.83	6	7	7	8	12	0	0	0	0	0	0.00	0.00
0.00	1.00	0.10	24	OLOCK	0	3467964.47	6	8	8	9	13	0	0	0	0	0	0.00	0.00
0.00	1.00	0.10	28	OLOCK	0	3850099.77	7	8	8	9	14	0	0	0	0	0	0.00	0.00
0.00	1.00	0.10	32	OLOCK	0	4188198.62	7	8	9	9	15	0	0	0	0	0	0.00	0.00
0.00	1.00	0.10	36	OLOCK	0	4631649.90	7	9	9	10	14	0	0	0	0	0	0.00	0.00
0.00	1.00	0.10	40	OLOCK	0	5048594.45	7	9	10	11	15	0	0	0	0	0	0.00	0.00
0.00	1.00	0.10	44	OLOCK	0	5566327.80	7	9	9	10	15	0	0	0	0	0	0.00	0.00
0.00	1.00	0.10	48	OLOCK	0	5923230.81	8	9	10	11	16	0	0	0	0	0	0.00	0.00
0.00	1.00	0.10	52	OLOCK	0	6301941.45	8	9	10	11	17	0	0	0	0	0	0.00	0.00
0.00	1.00	0.10	56	OLOCK	0	6706610.08	8	10	10	11	15	0	0	0	0	0	0.00	0.00
0.00	1.00	0.10	60	OLOCK	0	6775685.71	8	11	12	13	17	0	0	0	0	0	0.00	0.00
0.00	1.00	0.10	64	OLOCK	0	7328976.32	8	11	11	13	16	0	0	0	0	0	0.00	0.00
0.00	1.00	0.70	1	OLOCK	0	429727.73	2	2	2	4	5	0	0	0	0	0	0.00	0.00
0.00	1.00	0.70	4	OLOCK	0	922211.63	4	5	5	6	8	0	0	0	0	0	0.00	0.00
0.00	1.00	0.70	8	OLOCK	0	1793961.02	4	5	5	6	10	0	0	0	0	0	0.00	0.00
0.00	1.00	0.70	12	OLOCK	0	2660809.81	4	5	5	6	10	0	0	0	0	0	0.00	0.00
0.00	1.00	0.70	16	OLOCK	0	3491793.96	4	5	5	7	12	0	0	0	0	0	0.00	0.00
0.00	1.00	0.70	20	OLOCK	0	3739861.30	5	6	7	9	17	0	0	0	0	0	0.00	0.00
0.00	1.00	0.70	24	OLOCK	0	4082065.51	5	7	7	10	26	0	0	0	0	0	0.00	0.00
0.00	1.00	0.70	28	OLOCK	0	4465468.86	6	7	8	12	43	0	0	0	0	0	0.00	0.00
0.00	1.00	0.70	32	OLOCK	0	4931661.61	6	7	8	14	66	0	0	0	0	1	0.00	0.00
0.00	1.00	0.70	36	OLOCK	0	5222156.06	6	8	9	17	100	0	0	0	0	1	0.00	0.00
0.00	1.00	0.70	40	OLOCK	0	5415647.53	6	8	10	24	139	0	0	0	0	1	0.00	0.00
0.00	1.00	0.70	44	OLOCK	0	5477903.69	6	9	11	47	156	0	0	0	0	1	0.00	0.00
0.00	1.00	0.70	48	OLOCK	0	5348940.04	7	9	12	77	208	0	0	0	0	1	0.00	0.00
0.00	1.00	0.70	52	OLOCK	0	4874700.69	6	8	13	115	333	0	0	0	0	1	0.01	0.00
0.00	1.00	0.70	56	OLOCK	0	4694687.08	6	8	13	136	405	0	0	0	0	2	0.01	0.00
0.00	1.00	0.70	60	OLOCK	0	4544798.40	6	8	13	148	430	0	0	0	0	2	0.01	0.01
0.00	1.00	0.70	64	OLOCK	0	4572027.57	6	8	13	132	346	0	0	0	0	1	0.01	0.00
0.00	1.00	0.75	1	OLOCK	0	436490.13	2	2	2	4	5	0	0	0	0	0	0.00	0.00
0.00	1.00	0.75	4	OLOCK	0	975222.24	4	5	5	6	8	0	0	0	0	0	0.00	0.00
0.00	1.00	0.75	8	OLOCK	0	1857423.93	4	5	5	6	10	0	0	0	0	0	0.00	0.00
0.00	1.00	0.75	12	OLOCK	0	2722714.91	4	5	5	7	16	0	0	0	0	0	0.00	0.00
0.00	1.00	0.75	16	OLOCK	0	3463516.66	4	5	6	9	45	0	0	0	0	1	0.00	0.00
0.00	1.00	0.75	20	OLOCK	0	