Rd	Wt	Zip	T	CC	TP	P50	P90	P99	P999	Abt
0.00	1.00	0.10	1	SILO	0	106389.84	9	10	11	11	15	0	0	0	0	0	0.00	0.00	
0.00	1.00	0.10	4	SILO	0	399720.35	10	11	12	13	17	0	0	0	0	0	0.00	0.00	
0.00	1.00	0.10	8	SILO	0	799698.38	10	11	11	13	21	0	0	0	0	0	0.00	0.00	
0.00	1.00	0.10	12	SILO	0	1145572.15	10	12	12	13	52	0	0	0	0	1	0.00	0.00	
0.00	1.00	0.10	16	SILO	0	1539422.87	10	12	12	13	68	0	0	0	0	1	0.00	0.00	
0.00	1.00	0.10	20	SILO	0	1695280.10	11	13	14	15	82	0	0	0	0	1	0.00	0.00	
0.00	1.00	0.10	24	SILO	0	1827241.29	13	14	15	17	91	0	0	0	0	1	0.00	0.00	
0.00	1.00	0.10	28	SILO	0	2111243.18	13	15	16	18	97	0	0	0	0	1	0.00	0.00	
0.00	1.00	0.10	32	SILO	0	2303493.86	13	16	17	19	101	0	0	0	0	1	0.00	0.00	
0.00	1.00	0.10	36	SILO	0	2655930.78	13	17	18	20	103	0	0	0	0	1	0.00	0.00	
0.00	1.00	0.10	40	SILO	0	2917086.95	13	17	18	20	105	0	0	0	0	1	0.01	0.01	
0.00	1.00	0.10	44	SILO	0	2991564.60	14	19	20	24	108	0	0	0	0	1	0.01	0.01	
0.00	1.00	0.10	48	SILO	0	3274286.79	14	18	19	24	110	0	0	0	0	1	0.01	0.01	
0.00	1.00	0.10	52	SILO	0	3649922.04	14	19	20	26	111	0	0	0	0	1	0.01	0.01	
0.00	1.00	0.10	56	SILO	0	3731231.38	14	20	21	27	114	0	0	0	0	1	0.01	0.01	
0.00	1.00	0.10	60	SILO	0	3849572.64	15	21	22	30	116	0	0	0	0	1	0.01	0.01	
0.00	1.00	0.10	64	SILO	0	4318275.34	14	22	24	33	115	0	0	0	0	1	0.01	0.01	
0.50	0.50	0.10	1	SILO	0	102378.68	9	10	10	11	15	0	0	0	0	0	0.00	0.00	
0.50	0.50	0.10	4	SILO	0	400201.20	10	11	11	12	15	0	0	0	0	0	0.00	0.00	
0.50	0.50	0.10	8	SILO	0	820362.78	9	11	11	12	18	0	0	0	0	0	0.00	0.00	
0.50	0.50	0.10	12	SILO	0	1180638.35	10	11	11	12	20	0	0	0	0	0	0.00	0.00	
0.50	0.50	0.10	16	SILO	0	1550060.90	10	11	12	13	24	0	0	0	0	0	0.00	0.00	
0.50	0.50	0.10	20	SILO	0	1673915.71	11	13	14	15	38	0	0	0	0	1	0.00	0.00	
0.50	0.50	0.10	24	SILO	0	1864983.95	12	14	14	16	57	0	0	0	0	1	0.00	0.00	
0.50	0.50	0.10	28	SILO	0	2021537.97	13	15	16	17	68	0	0	0	0	1	0.00	0.00	
0.50	0.50	0.10	32	SILO	0	2273124.88	14	16	17	18	75	0	0	0	0	1	0.00	0.00	
0.50	0.50	0.10	36	SILO	0	2576246.52	14	16	17	19	82	0	0	0	0	1	0.00	0.00	
0.50	0.50	0.10	40	SILO	0	2789577.81	14	17	17	19	88	0	0	0	0	1	0.00	0.00	
0.50	0.50	0.10	44	SILO	0	2962846.01	14	18	19	22	91	0	0	0	0	1	0.00	0.00	
0.50	0.50	0.10	48	SILO	0	3178793.78	15	18	19	21	95	0	0	0	0	1	0.00	0.00	
0.50	0.50	0.10	52	SILO	0	3505193.39	14	18	19	22	97	0	0	0	0	1	0.00	0.00	
0.50	0.50	0.10	56	SILO	0	3800699.80	14	18	20	22	99	0	0	0	0	1	0.00	0.00	
0.50	0.50	0.10	60	SILO	0	3891504.09	15	21	22	26	102	0	0	0	0	1	0.00	0.00	
0.50	0.50	0.10	64	SILO	0	4005039.24	15	21	22	26	104	0	0	0	0	1	0.00	0.00	
0.90	0.10	0.10	1	SILO	0	106522.67	9	10	11	11	14	0	0	0	0	0	0.00	0.00	
0.90	0.10	0.10	4	SILO	0	437515.00	8	10	10	10	15	0	0	0	0	0	0.00	0.00	
0.90	0.10	0.10	8	SILO	0	881216.06	9	10	10	11	15	0	0	0	0	0	0.00	0.00	
0.90	0.10	0.10	12	SILO	0	1284582.27	9	10	11	12	15	0	0	0	0	0	0.00	0.00	
0.90	0.10	0.10	16	SILO	0	1667040.81	9	11	11	12	18	0	0	0	0	0	0.00	0.00	
0.90	0.10	0.10	20	SILO	0	1803454.75	10	12	13	14	18	0	0	0	0	0	0.00	0.00	
0.90	0.10	0.10	24	SILO	0	1955294.64	12	13	14	15	20	0	0	0	0	0	0.00	0.00	
0.90	0.10	0.10	28	SILO	0	2137592.25	12	14	15	16	22	0	0	0	0	0	0.00	0.00	
0.90	0.10	0.10	32	SILO	0	2358263.34	13	15	16	17	22	0	0	0	0	0	0.00	0.00	
0.90	0.10	0.10	36	SILO	0	2767800.42	13	15	15	17	25	0	0	0	0	0	0.00	0.00	
0.90	0.10	0.10	40	SILO	0	2943956.46	13	16	17	19	29	0	0	0	0	0	0.00	0.00	
0.90	0.10	0.10	44	SILO	0	3087251.85	14	17	18	19	31	0	0	0	0	0	0.00	0.00	
0.90	0.10	0.10	48	SILO	0	3364631.21	14	17	18	19	34	0	0	0	0	0	0.00	0.00	
0.90	0.10	0.10	52	SILO	0	3796522.36	13	16	17	19	35	0	0	0	0	0	0.00	0.00	
0.90	0.10	0.10	56	SILO	0	3896528.21	14	18	19	21	40	0	0	0	0	0	0.00	0.00	
0.90	0.10	0.10	60	SILO	0	4037128.09	14	19	20	23	47	0	0	0	0	0	0.00	0.00	
0.90	0.10	0.10	64	SILO	0	4302793.96	14	19	21	24	47	0	0	0	0	0	0.00	0.00	
1.00	0.00	0.10	1	SILO	0	108226.96	9	10	10	11	14	0	0	0	0	0	0.00	0.00	
1.00	0.00	0.10	4	SILO	0	444055.30	9	10	11	12	15	0	0	0	0	0	0.00	0.00	
1.00	0.00	0.10	8	SILO	0	898253.89	8	10	10	11	16	0	0	0	0	0	0.00	0.00	
1.00	0.00	0.10	12	SILO	0	1317070.05	9	10	10	11	17	0	0	0	0	0	0.00	0.00	
1.00	0.00	0.10	16	SILO	0	1711094.70	9	10	11	11	18	0	0	0	0	0	0.00	0.00	
1.00	0.00	0.10	20	SILO	0	1877324.18	10	12	13	14	17	0	0	0	0	0	0.00	0.00	
1.00	0.00	0.10	24	SILO	0	1989041.72	11	13	14	15	19	0	0	0	0	0	0.00	0.00	
1.00	0.00	0.10	28	SILO	0	2202909.51	12	14	14	15	21	0	0	0	0	0	0.00	0.00	
1.00	0.00	0.10	32	SILO	0	2425283.76	13	15	15	17	21	0	0	0	0	0	0.00	0.00	
1.00	0.00	0.10	36	SILO	0	2988394.31	12	14	15	17	22	0	0	0	0	0	0.00	0.00	
1.00	0.00	0.10	40	SILO	0	3126864.46	12	15	16	18	24	0	0	0	0	0	0.00	0.00	
1.00	0.00	0.10	44	SILO	0	3307153.35	13	15	16	18	25	0	0	0	0	0	0.00	0.00	
1.00	0.00	0.10	48	SILO	0	3470412.42	13	16	17	19	25	0	0	0	0	0	0.00	0.00	
1.00	0.00	0.10	52	SILO	0	4116616.18	12	15	16	18	26	0	0	0	0	0	0.00	0.00	
1.00	0.00	0.10	56	SILO	0	4231932.49	13	16	17	19	27	0	0	0	0	0	0.00	0.00	
1.00	0.00	0.10	60	SILO	0	4421914.25	13	16	17	20	28	0	0	0	0	0	0.00	0.00	
1.00	0.00	0.10	64	SILO	0	4640384.67	13	18	19	22	32	0	0	0	0	0	0.00	0.00	
0.00	1.00	0.90	1	SILO	0	161922.52	6	7	7	8	10	0	0	0	0	0	0.00	0.00	
0.00	1.00	0.90	4	SILO	0	523145.73	7	106	144	239	406	0	2	2	4	6	0.58	0.41	
0.00	1.00	0.90	8	SILO	0	758292.68	39	197	270	476	981	1	3	4	7	15	1.16	0.59	
0.00	1.00	0.90	12	SILO	0	868371.92	71	284	396	718	1746	1	4	6	11	25	1.65	0.65	
0.00	1.00	0.90	16	SILO	0	939625.65	87	372	529	982	2479	1	5	8	14	35	2.11	0.67	
0.00	1.00	0.90	20	SILO	0	709138.01	104	602	950	2220	6648	1	8	13	33	98	3.45	0.68	
0.00	1.00	0.90	24	SILO	0	538520.81	116	856	1467	4126	13963	1	11	20	60	211	5.11	0.68	
0.00	1.00	0.90	28	SILO	0	431127.25	127	1055	1876	5893	22287	1	13	24	83	330	6.33	0.67	
0.00	1.00	0.90	32	SILO	0	378047.30	139	1245	2258	7367	29345	1	14	27	98	412	7.15	0.66	
0.00	1.00	0.90	36	SILO	0	305467.00	150	1585	2885	9111	32239	1	15	30	109	408	7.54	0.65	
0.00	1.00	0.90	40	SILO	0	260956.17	158	1786	3343	11279	43636	1	15	31	123	507	8.22	0.64	
0.00	1.00	0.90	44	SILO	0	234917.09	165	2043	3907	13490	52931	1	16	34	139	582	8.93	0.63	
0.00	1.00	0.90	48	SILO	0	186536.30	148	2051	4160	18242	99999	1	12	27	153	964	9.97	0.61	
0.00	1.00	0.90	52	SILO	0	153120.68	141	2249	4806	22877	99999	1	11	25	163	1186	10.68	0.59	
0.00	1.00	0.90	56	SILO	0	125052.80	144	2471	5333	26866	99999	1	10	24	166	1361	11.61	0.58	
0.00	1.00	0.90	60	SILO	0	123989.98	172	3220	6785	29790	99999	1	14	35	204	1253	12.50	0.59	
0.00	1.00	0.90	64	SILO	0	113558.10	151	2886	6500	33488	99999	1	10	25	192	1580	13.16	0.57	
0.50	0.50	0.90	1	SILO	0	166110.42	6	7	7	8	10	0	0	0	0	0	0.00	0.00	
0.50	0.50	0.90	4	SILO	0	600362.30	6	78	99	155	245	0	1	1	2	4	0.29	0.24	
0.50	0.50	0.90	8	SILO	0	1043254.21	7	108	151	251	420	0	2	2	4	7	0.62	0.43	
0.50	0.50	0.90	12	SILO	0	1362191.32	20	154	209	361	639	1	2	3	6	10	0.90	0.53	
0.50	0.50	0.90	16	SILO	0	1566373.64	39	190	263	466	878	1	3	4	7	14	1.13	0.59	
0.50	0.50	0.90	20	SILO	0	1428382.59	58	260	378	759	1754	1	4	6	12	27	1.58	0.63	
0.50	0.50	0.90	24	SILO	0	1295812.60	72	344	532	1225	3345	1	5	8	19	52	2.12	0.65	
0.50	0.50	0.90	28	SILO	0	1183755.47	82	424	690	1811	5846	1	6	10	28	92	2.71	0.67	
0.50	0.50	0.90	32	SILO	0	991230.15	89	517	894	2784	11130	1	7	13	41	173	3.56	0.66	
0.50	0.50	0.90	36	SILO	0	665372.34	100	693	1253	4349	19268	1	8	16	59	278	4.50	0.63	
0.50	0.50	0.90	40	SILO	0	578608.60	106	787	1462	5401	26577	1	8	17	69	361	5.04	0.63	
0.50	0.50	0.90	44	SILO	0	530108.31	109	871	1646	6374	32589	1	8	17	76	425	5.50	0.62	
0.50	0.50	0.90	48	SILO	0	501134.53	111	916	1754	7103	42975	1	8	17	81	530	6.02	0.61	
0.50	0.50	0.90	52	SILO	0	414539.12	118	1164	2280	9162	45875	1	9	20	95	525	6.42	0.60	
0.50	0.50	0.90	56	SILO	0	381806.21	120	1214	2405	10219	60676	1	9	20	100	661	6.95	0.60	
0.50	0.50	0.90	60	SILO	0	359206.28	122	1297	2600	11329	71261	1	9	20	106	756	7.44	0.59	
0.50	0.50	0.90	64	SILO	0	344250.14	121	1348	2745	12306	79268	1	9	20	109	818	7.81	0.59	
0.90	0.10	0.90	1	SILO	0	182406.53	5	6	7	7	9	0	0	0	0	0	0.00	0.00	
0.90	0.10	0.90	4	SILO	0	748240.14	5	7	22	94	114	0	0	1	1	2	0.06	0.06	
0.90	0.10	0.90	8	SILO	0	1495314.74	5	30	72	105	176	0	1	1	1	2	0.13	0.12	
0.90	0.10	0.90	12	SILO	0	2128360.22	5	59	88	118	201	0	1	1	2	3	0.21	0.18	
0.90	0.10	0.90	16	SILO	0	2731184.13	5	74	96	145	231	0	1	1	2	3	0.27	0.24	
0.90	0.10	0.90	20	SILO	0	2864037.14	6	85	103	167	266	0	1	1	2	4	0.34	0.29	
0.90	0.10	0.90	24	SILO	0	3128043.04	7	92	108	182	291	0	1	2	3	4	0.41	0.33	
0.90	0.10	0.90	28	SILO	0	3464871.21	8	98	114	196	322	0	1	2	3	5	0.47	0.37	
0.90	0.10	0.90	32	SILO	0	3747902.97	8	102	127	212	356	0	1	2	3	5	0.53	0.41	
0.90	0.10	0.90	36	SILO	0	3966914.36	9	107	144	238	411	0	2	2	4	6	0.60	0.44	
0.90	0.10	0.90	40	SILO	0	4154584.02	10	112	158	262	464	0	2	2	4	7	0.67	0.47	
0.90	0.10	0.90	44	SILO	0	4334059.48	12	120	172	289	527	0	2	3	4	8	0.73	0.49	
0.90	0.10	0.90	48	SILO	0	4483595.28	20	133	185	317	597	1	2	3	5	9	0.80	0.52	
0.90	0.10	0.90	52	SILO	0	4369333.00	27	151	207	373	753	1	2	3	6	11	0.90	0.54	
0.90	0.10	0.90	56	SILO	0	4353153.31	33	167	231	432	893	1	2	4	7	14	1.00	0.55	
0.90	0.10	0.90	60	SILO	0	4153858.74	40	188	268	527	1167	1	3	4	8	18	1.13	0.57	
0.90	0.10	0.90	64	SILO	0	4020139.90	44	213	314	671	1641	1	3	5	10	25	1.29	0.58	
1.00	0.00	0.90	1	SILO	0	186337.06	5	6	6	7	9	0	0	0	0	0	0.00	0.00	
1.00	0.00	0.90	4	SILO	0	825266.34	4	6	6	7	9	0	0	0	0	0	0.00	0.00	
1.00	0.00	0.90	8	SILO	0	1635198.23	4	6	6	7	9	0	0	0	0	0	0.00	0.00	
1.00	0.00	0.90	12	SILO	0	2440157.42	4	6	6	7	10	0	0	0	0	0	0.00	0.00	
1.00	0.00	0.90	16	SILO	0	3210584.51	4	6	6	7	10	0	0	0	0	0	0.00	0.00	
1.00	0.00	0.90	20	SILO	0	3633937.62	5	7	7	8	11	0	0	0	0	0	0.00	0.00	
1.00	0.00	0.90	24	SILO	0	4060079.24	5	7	8	9	11	0	0	0	0	0	0.00	0.00	
1.00	0.00	0.90	28	SILO	0	4641997.75	5	7	8	9	12	0	0	0	0	0	0.00	0.00	
1.00	0.00	0.90	32	SILO	0	5197040.43	6	8	8	10	13	0	0	0	0	0	0.00	0.00	
1.00	0.00	0.90	36	SILO	0	5907583.21	6	8	8	10	12	0	0	0	0	0	0.00	0.00	
1.00	0.00	0.90	40	SILO	0	6353106.36	6	8	8	10	13	0	0	0	0	0	0.00	0.00	
1.00	0.00	0.90	44	SILO	0	6841231.98	6	8	9	10	13	0	0	0	0	0	0.00	0.00	
1.00	0.00	0.90	48	SILO	0	7296755.92	6	8	9	11	14	0	0	0	0	0	0.00	0.00	
1.00	0.00	0.90	52	SILO	0	8002929.58	6	8	9	11	15	0	0	0	0	0	0.00	0.00	
1.00	0.00	0.90	56	SILO	0	8416726.61	6	8	9	11	15	0	0	0	0	0	0.00	0.00	
1.00	0.00	0.90	60	SILO	0	9031011.74	6	9	9	11	15	0	0	0	0	0	0.00	0.00	
1.00	0.00	0.90	64	SILO	0	9637334.00	6	9	9	11	15	0	0	0	0	0	0.00	0.00	
