bimodal, w/o log
Rd	Wt	Zip	T	CC	TP	P50	P90	P99	P999	Abt
0.50	0.50	0.99	1	MOCC	0	18949.76	COMMIT	75150	3965019	0	0	2859972	1083291	ABORT	0	0	0	0	0	0	0	40	178	203	3571	0	0	0	0	0.00	
0.50	0.50	0.99	4	MOCC	0	63270.01	COMMIT	64114	3473475	0	0	2475738	978891	ABORT	5409	482718	0	0	21381	453294	6495	44	346	631	2926	0	2	5	8	0.08	
0.50	0.50	0.99	8	MOCC	0	99634.71	COMMIT	45381	2661337	0	0	1929012	718309	ABORT	9971	1256462	0	0	344055	898252	11318	45	571	3218	8472	0	4	12	23	0.17	
0.50	0.50	0.99	12	MOCC	0	97146.16	COMMIT	29054	2114208	0	0	1628232	476416	ABORT	8336	1754197	0	0	558735	1183017	9989	48	1126	7099	18602	0	5	17	39	0.21	
0.50	0.50	0.99	16	MOCC	0	79505.99	COMMIT	17711	1704573	0	0	1400946	296321	ABORT	6168	2124662	0	0	592826	1521567	8080	49	2666	12835	33830	0	6	24	51	0.23	
0.50	0.50	0.99	20	MOCC	0	62122.80	COMMIT	12906	1652240	0	0	1422689	225034	ABORT	4835	2146014	0	0	501708	1635694	7059	51	4606	21515	57055	0	7	29	70	0.26	
0.50	0.50	0.99	24	MOCC	0	47768.33	COMMIT	8083	1385878	0	0	1238276	144442	ABORT	3793	2317779	0	0	506116	1804656	5662	51	7067	35971	97926	0	8	36	91	0.29	
0.50	0.50	0.99	28	MOCC	0	33982.19	COMMIT	5188	985314	0	0	887446	95631	ABORT	3098	2680299	0	0	494151	2180509	4463	51	10700	58536	99999	0	10	44	110	0.32	
0.50	0.50	0.99	32	MOCC	0	25196.42	COMMIT	4143	1126393	0	0	1046292	78311	ABORT	2532	2423616	0	0	404399	2014435	3823	54	15322	96646	99999	0	12	53	134	0.36	
0.50	0.50	0.99	36	MOCC	0	15178.95	COMMIT	3031	1402504	0	0	1342375	58765	ABORT	2238	2191838	0	0	371297	1817159	2634	56	19013	99999	99999	0	14	65	185	0.41	
