uniform, w/o log
Rd	Wt	Zip	T	CC	TP	P50	P90	P99	P999	Abt
0.50	0.50	0.10	1	NO_WAIT	0	4605.68	208	275	2241	5440	0	0	0	0	0.00	
0.50	0.50	0.10	4	NO_WAIT	0	22088.45	183	297	353	3802	0	0	0	0	0.00	
0.50	0.50	0.10	8	NO_WAIT	0	44421.08	180	224	345	2514	0	0	0	0	0.00	
0.50	0.50	0.10	12	NO_WAIT	0	66586.10	181	301	470	2348	0	0	0	0	0.00	
0.50	0.50	0.10	16	NO_WAIT	0	87044.16	184	297	494	2390	0	0	0	1	0.00	
0.50	0.50	0.10	20	NO_WAIT	0	100711.62	196	359	646	2559	0	0	0	2	0.00	
0.50	0.50	0.10	24	NO_WAIT	0	107659.89	213	458	1041	3260	0	0	0	2	0.00	
0.50	0.50	0.10	28	NO_WAIT	0	118705.63	225	501	1189	3450	0	0	0	3	0.00	
0.50	0.50	0.10	32	NO_WAIT	0	121869.89	242	591	1339	4308	0	0	0	3	0.00	
0.50	0.50	0.10	36	NO_WAIT	0	131525.85	254	653	1491	4783	0	0	0	3	0.00	
0.50	0.50	0.10	1	WAIT_DIE	0	4517.83	210	278	2250	6085	0	0	0	0	0.00	
0.50	0.50	0.10	4	WAIT_DIE	0	21839.61	184	308	451	3635	0	0	0	0	0.00	
0.50	0.50	0.10	8	WAIT_DIE	0	43510.27	181	263	346	2612	0	0	0	0	0.00	
0.50	0.50	0.10	12	WAIT_DIE	0	66249.14	181	222	337	2332	0	0	0	0	0.00	
0.50	0.50	0.10	16	WAIT_DIE	0	87188.01	184	294	501	2398	0	0	0	1	0.00	
0.50	0.50	0.10	20	WAIT_DIE	0	99353.33	196	375	624	2748	0	0	0	1	0.00	
0.50	0.50	0.10	24	WAIT_DIE	0	106002.97	215	465	1029	3600	0	0	0	1	0.00	
0.50	0.50	0.10	28	WAIT_DIE	0	118417.49	226	463	1049	3649	0	0	0	2	0.00	
0.50	0.50	0.10	32	WAIT_DIE	0	123224.91	241	518	1217	4180	0	0	0	3	0.00	
0.50	0.50	0.10	36	WAIT_DIE	0	129262.59	258	585	1413	3884	0	0	0	2	0.00	
0.50	0.50	0.10	1	WOUND_WAIT	0	4462.80	219	296	2307	5980	0	0	0	0	0.00	
0.50	0.50	0.10	4	WOUND_WAIT	0	21077.60	187	312	464	3725	0	0	0	0	0.00	
0.50	0.50	0.10	8	WOUND_WAIT	0	44160.45	181	223	333	3147	0	0	0	0	0.00	
0.50	0.50	0.10	12	WOUND_WAIT	0	66157.06	182	224	354	2340	0	0	0	0	0.00	
0.50	0.50	0.10	16	WOUND_WAIT	0	87338.36	183	275	504	2358	0	0	0	0	0.00	
0.50	0.50	0.10	20	WOUND_WAIT	0	99014.90	197	346	548	2734	0	0	0	0	0.00	
0.50	0.50	0.10	24	WOUND_WAIT	0	108356.04	213	400	813	3291	0	0	0	0	0.00	
0.50	0.50	0.10	28	WOUND_WAIT	0	114511.84	229	540	1261	4145	0	0	0	0	0.00	
0.50	0.50	0.10	32	WOUND_WAIT	0	124363.51	239	591	1365	4251	0	0	0	0	0.00	
0.50	0.50	0.10	36	WOUND_WAIT	0	128796.59	259	598	1389	3732	0	0	0	0	0.00	
0.50	0.50	0.10	1	DLOCK	0	4596.88	215	294	2287	3934	0	0	0	0	0.00	
0.50	0.50	0.10	4	DLOCK	0	21458.29	187	311	481	3708	0	0	0	0	0.00	
0.50	0.50	0.10	8	DLOCK	0	42840.62	184	282	358	2620	0	0	0	0	0.00	
0.50	0.50	0.10	12	DLOCK	0	65210.47	184	226	352	2501	0	0	0	0	0.00	
0.50	0.50	0.10	16	DLOCK	0	85155.65	186	272	369	2340	0	0	0	0	0.00	
0.50	0.50	0.10	20	DLOCK	0	97452.27	200	394	664	2781	0	0	0	0	0.00	
0.50	0.50	0.10	24	DLOCK	0	106423.02	216	417	844	3688	0	0	0	0	0.00	
0.50	0.50	0.10	28	DLOCK	0	114919.82	230	480	1068	3909	0	0	0	0	0.00	
0.50	0.50	0.10	32	DLOCK	0	124500.31	241	533	1186	3900	0	0	0	0	0.00	
0.50	0.50	0.10	36	DLOCK	0	128592.41	259	609	1397	4395	0	0	0	0	0.00	
0.50	0.50	0.10	1	HLOCK	0	4469.42	220	303	2957	4374	0	0	0	0	0.00	
0.50	0.50	0.10	4	HLOCK	0	21325.51	187	231	372	3577	0	0	0	0	0.00	
0.50	0.50	0.10	8	HLOCK	0	43601.62	184	226	347	3002	0	0	0	0	0.00	
0.50	0.50	0.10	12	HLOCK	0	65441.44	184	304	475	2692	0	0	0	0	0.00	
0.50	0.50	0.10	16	HLOCK	0	85455.71	187	227	352	2539	0	0	0	0	0.00	
0.50	0.50	0.10	20	HLOCK	0	98749.74	199	323	524	2734	0	0	0	0	0.00	
0.50	0.50	0.10	24	HLOCK	0	104663.81	218	477	1072	3891	0	0	0	0	0.00	
0.50	0.50	0.10	28	HLOCK	0	112549.99	234	492	1048	3866	0	0	0	0	0.00	
0.50	0.50	0.10	32	HLOCK	0	124240.94	242	538	1191	3887	0	0	0	0	0.00	
0.50	0.50	0.10	36	HLOCK	0	126213.24	262	592	1293	4608	0	0	0	0	0.00	
0.50	0.50	0.10	1	SILO	0	4917.14	201	275	2932	3771	0	0	0	0	0.00	
0.50	0.50	0.10	4	SILO	0	22354.61	179	219	315	3514	0	0	0	0	0.00	
0.50	0.50	0.10	8	SILO	0	44327.79	178	255	315	2990	0	0	0	0	0.00	
0.50	0.50	0.10	12	SILO	0	67573.32	178	295	464	2843	0	0	0	0	0.00	
0.50	0.50	0.10	16	SILO	0	89207.00	180	288	478	2637	0	0	0	0	0.00	
0.50	0.50	0.10	20	SILO	0	101371.12	193	390	598	2571	0	0	0	0	0.00	
0.50	0.50	0.10	24	SILO	0	106187.23	213	430	808	3578	0	0	0	1	0.00	
0.50	0.50	0.10	28	SILO	0	117987.69	224	531	1141	3505	0	0	0	1	0.00	
0.50	0.50	0.10	32	SILO	0	124611.89	237	530	1121	4040	0	0	0	1	0.00	
0.50	0.50	0.10	36	SILO	0	133089.80	250	650	1325	4376	0	0	0	1	0.00	
0.50	0.50	0.80	1	NO_WAIT	0	5054.41	190	248	2703	4203	0	0	0	0	0.00	
0.50	0.50	0.80	4	NO_WAIT	0	21371.25	179	336	961	3922	0	4	7	13	0.10	
0.50	0.50	0.80	8	NO_WAIT	0	42691.26	176	463	1621	3835	0	6	9	13	0.22	
0.50	0.50	0.80	12	NO_WAIT	0	58569.22	178	728	3117	5906	0	8	13	19	0.32	
0.50	0.50	0.80	16	NO_WAIT	0	68216.37	182	1387	5170	10689	0	9	18	29	0.39	
0.50	0.50	0.80	20	NO_WAIT	0	71856.12	192	2381	8360	15465	0	11	24	41	0.45	
0.50	0.50	0.80	24	NO_WAIT	0	70459.53	208	3568	12061	23146	0	14	33	57	0.50	
0.50	0.50	0.80	28	NO_WAIT	0	68130.76	226	5106	15884	30404	0	17	42	73	0.54	
0.50	0.50	0.80	32	NO_WAIT	0	65434.46	242	6922	20813	40062	0	21	52	100	0.58	
0.50	0.50	0.80	36	NO_WAIT	0	63145.15	266	8715	26408	50515	0	25	65	121	0.61	
0.50	0.50	0.80	1	WAIT_DIE	0	4909.59	199	268	3043	4235	0	0	0	0	0.00	
0.50	0.50	0.80	4	WAIT_DIE	0	21446.25	179	317	614	3841	0	3	7	12	0.08	
0.50	0.50	0.80	8	WAIT_DIE	0	43420.82	174	400	731	3548	0	5	8	11	0.18	
0.50	0.50	0.80	12	WAIT_DIE	0	59990.63	179	546	1050	3732	0	6	8	12	0.27	
0.50	0.50	0.80	16	WAIT_DIE	0	75135.04	181	763	1531	3685	0	7	9	12	0.35	
0.50	0.50	0.80	20	WAIT_DIE	0	78985.04	195	1224	2458	5492	0	8	11	17	0.43	
0.50	0.50	0.80	24	WAIT_DIE	0	77286.18	211	1962	3585	6455	0	9	12	17	0.49	
0.50	0.50	0.80	28	WAIT_DIE	0	73009.80	231	2907	5125	7973	0	11	14	19	0.55	
0.50	0.50	0.80	32	WAIT_DIE	0	68155.74	241	4197	7518	11801	0	12	17	23	0.59	
0.50	0.50	0.80	36	WAIT_DIE	0	57407.02	285	6417	11378	16403	0	15	22	30	0.64	
0.50	0.50	0.80	1	WOUND_WAIT	0	5358.84	182	228	2256	3846	0	0	0	0	0.00	
0.50	0.50	0.80	4	WOUND_WAIT	0	21598.26	179	298	530	3856	0	0	0	1	0.00	
0.50	0.50	0.80	8	WOUND_WAIT	0	42817.53	177	357	597	3487	0	0	1	1	0.00	
0.50	0.50	0.80	12	WOUND_WAIT	0	60899.82	180	478	860	3784	0	0	1	2	0.00	
0.50	0.50	0.80	16	WOUND_WAIT	0	75956.57	181	689	1949	4319	0	0	1	2	0.01	
0.50	0.50	0.80	20	WOUND_WAIT	0	75809.98	197	1164	2065	5606	0	0	1	2	0.01	
0.50	0.50	0.80	24	WOUND_WAIT	0	68800.72	216	1875	3549	7126	0	1	2	3	0.01	
0.50	0.50	0.80	28	WOUND_WAIT	0	60452.42	239	2733	5607	8487	0	1	2	3	0.01	
0.50	0.50	0.80	32	WOUND_WAIT	0	50301.93	272	4059	7566	10667	0	1	2	3	0.02	
0.50	0.50	0.80	36	WOUND_WAIT	0	40836.57	329	5716	8882	13645	0	1	2	5	0.02	
0.50	0.50	0.80	1	DLOCK	0	4822.31	202	275	3093	5760	0	0	0	0	0.00	
0.50	0.50	0.80	4	DLOCK	0	22680.05	175	244	384	3696	0	0	0	1	0.00	
0.50	0.50	0.80	8	DLOCK	0	45299.31	174	288	425	3139	0	0	0	1	0.00	
0.50	0.50	0.80	12	DLOCK	0	65160.13	179	342	553	2986	0	0	1	2	0.00	
0.50	0.50	0.80	16	DLOCK	0	86147.25	178	371	718	3385	0	0	1	4	0.00	
0.50	0.50	0.80	20	DLOCK	0	96205.38	192	541	1192	3799	0	0	1	8	0.01	
0.50	0.50	0.80	24	DLOCK	0	99924.21	208	855	2050	5416	0	0	3	9	0.01	
0.50	0.50	0.80	28	DLOCK	0	100258.35	219	1479	3374	7776	0	1	7	16	0.03	
0.50	0.50	0.80	32	DLOCK	0	90174.12	235	2523	4499	8529	0	1	9	14	0.05	
0.50	0.50	0.80	36	DLOCK	0	72335.56	260	4273	7193	11148	0	4	13	19	0.10	
0.50	0.50	0.80	1	HLOCK	0	5354.05	183	231	2191	3728	0	0	0	0	0.00	
0.50	0.50	0.80	4	HLOCK	0	22732.13	175	232	335	3550	0	1	1	2	0.01	
0.50	0.50	0.80	8	HLOCK	0	45041.82	177	272	416	3044	0	1	1	2	0.02	
0.50	0.50	0.80	12	HLOCK	0	66056.31	178	273	344	3052	0	1	2	3	0.04	
0.50	0.50	0.80	16	HLOCK	0	86100.81	182	279	348	3090	0	1	2	3	0.05	
0.50	0.50	0.80	20	HLOCK	0	101199.96	192	315	492	3756	0	1	2	3	0.06	
0.50	0.50	0.80	24	HLOCK	0	109092.31	210	406	768	4885	0	1	3	4	0.07	
0.50	0.50	0.80	28	HLOCK	0	117726.29	223	465	1106	5517	0	2	3	4	0.08	
0.50	0.50	0.80	32	HLOCK	0	129296.00	232	535	1152	5092	0	2	3	5	0.09	
0.50	0.50	0.80	36	HLOCK	0	131285.32	252	587	1476	5677	0	2	4	5	0.10	
0.50	0.50	0.80	1	SILO	0	5471.95	179	221	2879	3719	0	0	0	0	0.00	
0.50	0.50	0.80	4	SILO	0	22847.18	174	281	398	3536	0	1	1	2	0.02	
0.50	0.50	0.80	8	SILO	0	45800.30	171	285	460	3071	0	1	2	4	0.05	
0.50	0.50	0.80	12	SILO	0	65506.19	175	368	572	3049	0	2	3	6	0.08	
0.50	0.50	0.80	16	SILO	0	84554.98	177	390	722	2950	0	2	5	8	0.11	
0.50	0.50	0.80	20	SILO	0	95675.51	191	507	1081	3642	0	3	6	10	0.14	
0.50	0.50	0.80	24	SILO	0	104924.81	204	610	1388	4624	0	3	7	12	0.17	
0.50	0.50	0.80	28	SILO	0	112163.81	218	720	2033	5484	0	4	9	13	0.20	
0.50	0.50	0.80	32	SILO	0	116478.51	231	844	2945	7199	0	4	10	16	0.22	
0.50	0.50	0.80	36	SILO	0	119985.40	249	992	3914	8948	0	5	12	20	0.25	
0.50	0.50	0.99	1	NO_WAIT	0	5776.15	168	228	2264	4301	0	0	0	0	0.00	
0.50	0.50	0.99	4	NO_WAIT	0	12076.47	180	3280	7659	11127	0	14	23	32	0.66	
0.50	0.50	0.99	8	NO_WAIT	0	13335.39	212	7352	15730	25457	1	23	43	65	0.76	
0.50	0.50	0.99	12	NO_WAIT	0	13628.15	230	10622	22341	44471	2	31	59	105	0.81	
0.50	0.50	0.99	16	NO_WAIT	0	13620.23	245	14307	32055	49637	2	40	82	122	0.83	
0.50	0.50	0.99	20	NO_WAIT	0	12516.85	296	19785	43292	82816	2	52	108	199	0.86	
0.50	0.50	0.99	24	NO_WAIT	0	11917.59	350	24805	54990	85083	3	64	133	208	0.88	
0.50	0.50	0.99	28	NO_WAIT	0	10822.58	408	32258	70448	99999	4	82	168	261	0.90	
0.50	0.50	0.99	32	NO_WAIT	0	9904.14	480	37516	92374	99999	4	94	222	486	0.91	
0.50	0.50	0.99	36	NO_WAIT	0	9338.27	549	48600	99999	99999	5	117	261	456	0.92	
0.50	0.50	0.99	1	WAIT_DIE	0	5943.01	164	220	2293	3784	0	0	0	0	0.00	
0.50	0.50	0.99	4	WAIT_DIE	0	13715.59	218	937	3369	5194	1	8	11	17	0.68	
0.50	0.50	0.99	8	WAIT_DIE	0	15116.27	335	2182	3961	6608	3	10	14	18	0.79	
0.50	0.50	0.99	12	WAIT_DIE	0	14620.27	470	3525	5240	6987	5	13	16	19	0.83	
0.50	0.50	0.99	16	WAIT_DIE	0	14096.01	601	4776	6555	8982	7	15	18	23	0.86	
0.50	0.50	0.99	20	WAIT_DIE	0	11976.82	903	7193	9760	11738	8	19	23	27	0.88	
0.50	0.50	0.99	24	WAIT_DIE	0	10287.62	1395	10070	13661	17003	9	23	29	36	0.90	
0.50	0.50	0.99	28	WAIT_DIE	0	8567.45	2084	14220	19043	22142	10	29	37	44	0.91	
0.50	0.50	0.99	32	WAIT_DIE	0	7573.35	2757	18479	25454	34636	12	35	45	57	0.93	
0.50	0.50	0.99	36	WAIT_DIE	0	6186.21	3678	26020	35635	51590	14	46	60	82	0.94	
0.50	0.50	0.99	1	WOUND_WAIT	0	5961.73	164	219	2273	3734	0	0	0	0	0.00	
0.50	0.50	0.99	4	WOUND_WAIT	0	15632.37	220	578	3162	4562	0	1	3	4	0.09	
0.50	0.50	0.99	8	WOUND_WAIT	0	15952.94	492	1218	3961	4551	0	4	6	8	0.28	
0.50	0.50	0.99	12	WOUND_WAIT	0	15152.00	822	1991	4551	5034	0	6	9	10	0.43	
0.50	0.50	0.99	16	WOUND_WAIT	0	14097.01	1171	2933	5873	8698	0	8	10	12	0.54	
0.50	0.50	0.99	20	WOUND_WAIT	0	12157.73	1732	4577	7007	7526	1	9	11	13	0.60	
0.50	0.50	0.99	24	WOUND_WAIT	0	11049.96	2311	5022	8553	9324	1	10	12	14	0.65	
0.50	0.50	0.99	28	WOUND_WAIT	0	9321.19	3202	6780	9775	11260	1	11	14	17	0.69	
0.50	0.50	0.99	32	WOUND_WAIT	0	8135.90	4143	9248	26865	35695	1	12	15	19	0.72	
0.50	0.50	0.99	36	WOUND_WAIT	0	6877.86	5514	11770	19865	27945	2	13	17	21	0.75	
0.50	0.50	0.99	1	DLOCK	0	5832.04	165	218	3080	4194	0	0	0	0	0.00	
0.50	0.50	0.99	4	DLOCK	0	20320.49	170	436	2255	4438	0	1	2	6	0.04	
0.50	0.50	0.99	8	DLOCK	0	27727.99	201	880	2421	4179	0	3	7	9	0.17	
0.50	0.50	0.99	12	DLOCK	0	26429.52	298	1502	3832	6890	0	6	9	13	0.30	
0.50	0.50	0.99	16	DLOCK	0	26022.31	423	2162	4264	6945	0	7	10	14	0.39	
0.50	0.50	0.99	20	DLOCK	0	23604.01	620	3025	5501	7338	0	9	12	16	0.47	
0.50	0.50	0.99	24	DLOCK	0	20630.27	861	4588	7698	10152	0	10	14	18	0.53	
0.50	0.50	0.99	28	DLOCK	0	18345.49	1152	6225	9351	11631	0	11	16	22	0.57	
0.50	0.50	0.99	32	DLOCK	0	16270.18	1505	7744	10975	13644	0	13	18	26	0.62	
0.50	0.50	0.99	36	DLOCK	0	14278.18	1936	9560	13342	17047	0	15	22	28	0.65	
0.50	0.50	0.99	1	HLOCK	0	5907.99	164	216	2617	4209	0	0	0	0	0.00	
0.50	0.50	0.99	4	HLOCK	0	22321.42	169	283	1693	3821	0	2	2	3	0.17	
0.50	0.50	0.99	8	HLOCK	0	40193.95	179	366	1907	3731	0	3	4	6	0.34	
0.50	0.50	0.99	12	HLOCK	0	49365.85	225	485	1970	4010	1	4	6	7	0.48	
0.50	0.50	0.99	16	HLOCK	0	55568.08	269	611	2732	3942	1	6	7	8	0.58	
0.50	0.50	0.99	20	HLOCK	0	55196.11	338	789	2752	6322	1	7	8	9	0.65	
0.50	0.50	0.99	24	HLOCK	0	54221.75	421	1042	4486	6303	2	8	9	10	0.70	
0.50	0.50	0.99	28	HLOCK	0	54751.55	492	1268	4530	6779	2	8	9	10	0.73	
0.50	0.50	0.99	32	HLOCK	0	53238.16	580	1593	5016	7331	3	9	10	11	0.76	
0.50	0.50	0.99	36	HLOCK	0	50282.81	682	1896	5518	10601	3	9	11	12	0.78	
0.50	0.50	0.99	1	SILO	0	5866.51	165	223	2885	4300	0	0	0	0	0.00	
0.50	0.50	0.99	4	SILO	0	19026.81	177	527	1357	3914	0	4	6	10	0.32	
0.50	0.50	0.99	8	SILO	0	28166.85	194	1486	5005	10457	0	8	15	24	0.52	
0.50	0.50	0.99	12	SILO	0	31682.85	236	3527	9409	16968	1	12	24	38	0.60	
0.50	0.50	0.99	16	SILO	0	33527.41	250	5316	13251	25437	1	16	32	55	0.65	
0.50	0.50	0.99	20	SILO	0	34217.19	275	6808	18360	31902	1	19	42	70	0.69	
0.50	0.50	0.99	24	SILO	0	34884.96	307	8301	22030	42952	1	22	49	95	0.71	
0.50	0.50	0.99	28	SILO	0	35190.96	329	10129	26712	56040	1	25	59	116	0.73	
0.50	0.50	0.99	32	SILO	0	35103.69	365	11667	32372	69233	1	28	68	137	0.75	
0.50	0.50	0.99	36	SILO	0	34401.37	407	13501	37759	68227	1	31	79	140	0.77	
bimodal, w/o log
Rd	Wt	Zip	T	CC	TP	P50	P90	P99	P999	Abt
0.50	0.50	0.10	1	NO_WAIT	0	14347.02	54	248	296	3593	0	0	0	0	0.00	
0.50	0.50	0.10	4	NO_WAIT	0	67572.90	46	201	224	2202	0	0	0	0	0.00	
0.50	0.50	0.10	8	NO_WAIT	0	134981.77	46	203	308	1725	0	0	0	0	0.00	
0.50	0.50	0.10	12	NO_WAIT	0	201685.56	46	200	221	377	0	0	0	0	0.00	
0.50	0.50	0.10	16	NO_WAIT	0	268486.81	46	200	222	368	0	0	0	0	0.00	
0.50	0.50	0.10	20	NO_WAIT	0	306991.18	50	223	312	549	0	0	0	0	0.00	
0.50	0.50	0.10	24	NO_WAIT	0	335147.67	55	281	433	799	0	0	0	0	0.00	
0.50	0.50	0.10	28	NO_WAIT	0	363714.34	58	310	473	1117	0	0	0	0	0.00	
0.50	0.50	0.10	32	NO_WAIT	0	391286.94	61	336	524	1254	0	0	0	0	0.00	
0.50	0.50	0.10	36	NO_WAIT	0	406573.07	65	377	660	1493	0	0	0	0	0.00	
0.50	0.50	0.10	1	WAIT_DIE	0	14055.11	53	241	291	3778	0	0	0	0	0.00	
0.50	0.50	0.10	4	WAIT_DIE	0	67295.39	46	202	225	2928	0	0	0	0	0.00	
0.50	0.50	0.10	8	WAIT_DIE	0	131770.11	47	213	317	552	0	0	0	0	0.00	
0.50	0.50	0.10	12	WAIT_DIE	0	199249.12	46	202	290	381	0	0	0	0	0.00	
0.50	0.50	0.10	16	WAIT_DIE	0	266700.25	47	202	223	354	0	0	0	0	0.00	
0.50	0.50	0.10	20	WAIT_DIE	0	305192.50	51	231	343	620	0	0	0	0	0.00	
0.50	0.50	0.10	24	WAIT_DIE	0	330712.35	55	291	469	936	0	0	0	0	0.00	
0.50	0.50	0.10	28	WAIT_DIE	0	357938.26	58	325	542	1256	0	0	0	0	0.00	
0.50	0.50	0.10	32	WAIT_DIE	0	391812.41	61	335	524	1259	0	0	0	0	0.00	
0.50	0.50	0.10	36	WAIT_DIE	0	409509.77	65	364	571	1333	0	0	0	0	0.00	
0.50	0.50	0.10	1	WOUND_WAIT	0	14279.07	54	248	494	3566	0	0	0	0	0.00	
0.50	0.50	0.10	4	WOUND_WAIT	0	66909.98	47	213	282	2976	0	0	0	0	0.00	
0.50	0.50	0.10	8	WOUND_WAIT	0	134679.10	46	203	306	1747	0	0	0	0	0.00	
0.50	0.50	0.10	12	WOUND_WAIT	0	198759.44	46	204	277	363	0	0	0	0	0.00	
0.50	0.50	0.10	16	WOUND_WAIT	0	266385.96	47	202	223	361	0	0	0	0	0.00	
0.50	0.50	0.10	20	WOUND_WAIT	0	307382.10	50	222	313	536	0	0	0	0	0.00	
0.50	0.50	0.10	24	WOUND_WAIT	0	333043.79	55	286	428	883	0	0	0	0	0.00	
0.50	0.50	0.10	28	WOUND_WAIT	0	361893.33	58	310	497	933	0	0	0	0	0.00	
0.50	0.50	0.10	32	WOUND_WAIT	0	391307.32	61	343	587	1377	0	0	0	0	0.00	
0.50	0.50	0.10	36	WOUND_WAIT	0	387993.07	67	399	688	1535	0	0	0	0	0.00	
0.50	0.50	0.10	1	DLOCK	0	14580.05	53	248	319	3654	0	0	0	0	0.00	
0.50	0.50	0.10	4	DLOCK	0	63141.20	48	216	294	3065	0	0	0	0	0.00	
0.50	0.50	0.10	8	DLOCK	0	129191.11	47	208	305	1783	0	0	0	0	0.00	
0.50	0.50	0.10	12	DLOCK	0	200618.87	46	201	224	379	0	0	0	0	0.00	
0.50	0.50	0.10	16	DLOCK	0	264653.79	47	204	265	539	0	0	0	0	0.00	
0.50	0.50	0.10	20	DLOCK	0	303331.66	51	226	317	578	0	0	0	0	0.00	
0.50	0.50	0.10	24	DLOCK	0	332091.31	55	285	437	907	0	0	0	0	0.00	
0.50	0.50	0.10	28	DLOCK	0	361663.97	58	313	525	1020	0	0	0	0	0.00	
0.50	0.50	0.10	32	DLOCK	0	390386.07	61	343	590	1368	0	0	0	0	0.00	
0.50	0.50	0.10	36	DLOCK	0	409852.96	65	372	653	1429	0	0	0	0	0.00	
0.50	0.50	0.10	1	HLOCK	0	14999.29	51	221	254	3354	0	0	0	0	0.00	
0.50	0.50	0.10	4	HLOCK	0	63532.65	49	235	305	2884	0	0	0	0	0.00	
0.50	0.50	0.10	8	HLOCK	0	129579.35	48	215	325	588	0	0	0	0	0.00	
0.50	0.50	0.10	12	HLOCK	0	195561.96	47	207	290	388	0	0	0	0	0.00	
0.50	0.50	0.10	16	HLOCK	0	262380.17	48	206	300	532	0	0	0	0	0.00	
0.50	0.50	0.10	20	HLOCK	0	302355.42	51	227	323	569	0	0	0	0	0.00	
0.50	0.50	0.10	24	HLOCK	0	322616.08	56	293	428	935	0	0	0	0	0.00	
0.50	0.50	0.10	28	HLOCK	0	341392.61	60	342	507	1139	0	0	0	0	0.00	
0.50	0.50	0.10	32	HLOCK	0	378244.40	63	352	539	1230	0	0	0	0	0.00	
0.50	0.50	0.10	36	HLOCK	0	394535.57	67	384	584	1396	0	0	0	0	0.00	
0.50	0.50	0.10	1	SILO	0	14198.43	52	237	301	3535	0	0	0	0	0.00	
0.50	0.50	0.10	4	SILO	0	68577.51	46	208	274	2843	0	0	0	0	0.00	
0.50	0.50	0.10	8	SILO	0	135144.62	45	202	262	507	0	0	0	0	0.00	
0.50	0.50	0.10	12	SILO	0	202339.30	46	205	311	499	0	0	0	0	0.00	
0.50	0.50	0.10	16	SILO	0	270169.16	46	201	332	499	0	0	0	0	0.00	
0.50	0.50	0.10	20	SILO	0	315546.00	49	225	334	625	0	0	0	0	0.00	
0.50	0.50	0.10	24	SILO	0	341399.47	53	269	408	715	0	0	0	0	0.00	
0.50	0.50	0.10	28	SILO	0	369258.14	57	316	502	1035	0	0	0	0	0.00	
0.50	0.50	0.10	32	SILO	0	397259.35	60	341	587	1256	0	0	0	0	0.00	
0.50	0.50	0.10	36	SILO	0	417272.58	64	366	641	1362	0	0	0	0	0.00	
0.50	0.50	0.80	1	NO_WAIT	0	14731.15	51	234	310	3597	0	0	0	0	0.00	
0.50	0.50	0.80	4	NO_WAIT	0	67260.06	45	204	289	3016	0	0	6	8	0.02	
0.50	0.50	0.80	8	NO_WAIT	0	137966.41	44	209	367	2420	0	2	7	9	0.05	
0.50	0.50	0.80	12	NO_WAIT	0	197330.84	45	232	484	2210	0	4	7	10	0.08	
0.50	0.50	0.80	16	NO_WAIT	0	253723.56	46	256	697	2534	0	5	8	12	0.11	
0.50	0.50	0.80	20	NO_WAIT	0	289288.89	49	300	1191	3399	0	6	9	13	0.14	
0.50	0.50	0.80	24	NO_WAIT	0	305561.47	53	386	1885	5047	0	6	11	17	0.17	
0.50	0.50	0.80	28	NO_WAIT	0	319787.67	55	475	2646	6321	0	7	12	20	0.19	
0.50	0.50	0.80	32	NO_WAIT	0	331733.61	57	572	3833	8671	0	7	15	26	0.22	
0.50	0.50	0.80	36	NO_WAIT	0	320608.05	62	749	5163	11634	0	8	18	31	0.25	
0.50	0.50	0.80	1	WAIT_DIE	0	16161.47	47	206	252	3489	0	0	0	0	0.00	
0.50	0.50	0.80	4	WAIT_DIE	0	66250.96	47	216	281	3009	0	0	6	7	0.02	
0.50	0.50	0.80	8	WAIT_DIE	0	137868.94	45	206	336	1777	0	2	7	8	0.05	
0.50	0.50	0.80	12	WAIT_DIE	0	203875.50	44	205	362	911	0	4	7	8	0.07	
0.50	0.50	0.80	16	WAIT_DIE	0	262521.96	45	236	451	1977	0	5	7	9	0.10	
0.50	0.50	0.80	20	WAIT_DIE	0	290045.22	49	294	593	1339	0	5	8	9	0.12	
0.50	0.50	0.80	24	WAIT_DIE	0	317394.72	53	367	800	1755	0	6	8	10	0.15	
0.50	0.50	0.80	28	WAIT_DIE	0	343972.94	55	438	1077	2421	0	7	9	11	0.18	
0.50	0.50	0.80	32	WAIT_DIE	0	356942.01	58	552	1419	2630	0	7	9	11	0.21	
0.50	0.50	0.80	36	WAIT_DIE	0	338365.88	63	792	2120	5302	0	8	10	14	0.24	
0.50	0.50	0.80	1	WOUND_WAIT	0	15539.92	49	222	370	3541	0	0	0	0	0.00	
0.50	0.50	0.80	4	WOUND_WAIT	0	66851.91	47	214	271	2974	0	0	0	0	0.00	
0.50	0.50	0.80	8	WOUND_WAIT	0	135948.48	45	202	288	2326	0	0	0	0	0.00	
0.50	0.50	0.80	12	WOUND_WAIT	0	200190.47	46	217	335	1847	0	0	0	1	0.00	
0.50	0.50	0.80	16	WOUND_WAIT	0	256840.51	46	223	372	2730	0	0	0	1	0.00	
0.50	0.50	0.80	20	WOUND_WAIT	0	297903.45	49	273	471	3993	0	0	0	1	0.00	
0.50	0.50	0.80	24	WOUND_WAIT	0	323358.82	52	346	675	3724	0	0	0	1	0.00	
0.50	0.50	0.80	28	WOUND_WAIT	0	332111.07	56	467	1010	4689	0	0	0	1	0.00	
0.50	0.50	0.80	32	WOUND_WAIT	0	329023.55	58	711	1776	6512	0	0	0	1	0.00	
0.50	0.50	0.80	36	WOUND_WAIT	0	284292.71	62	1278	3308	7728	0	0	1	1	0.00	
0.50	0.50	0.80	1	DLOCK	0	16034.27	47	208	285	3528	0	0	0	0	0.00	
0.50	0.50	0.80	4	DLOCK	0	66528.19	46	205	249	3060	0	0	0	0	0.00	
0.50	0.50	0.80	8	DLOCK	0	138715.55	45	194	246	1943	0	0	0	1	0.00	
0.50	0.50	0.80	12	DLOCK	0	202111.18	45	202	284	1969	0	0	0	4	0.00	
0.50	0.50	0.80	16	DLOCK	0	270247.88	45	199	284	1056	0	0	0	5	0.00	
0.50	0.50	0.80	20	DLOCK	0	309314.86	49	224	357	1335	0	0	1	6	0.00	
0.50	0.50	0.80	24	DLOCK	0	342531.41	52	271	458	1266	0	0	1	6	0.00	
0.50	0.50	0.80	28	DLOCK	0	374230.19	55	308	550	1990	0	0	2	7	0.01	
0.50	0.50	0.80	32	DLOCK	0	398668.70	57	345	703	4947	0	0	3	7	0.01	
0.50	0.50	0.80	36	DLOCK	0	405044.04	61	409	933	3790	0	0	3	8	0.01	
0.50	0.50	0.80	1	HLOCK	0	14681.69	52	235	307	3733	0	0	0	0	0.00	
0.50	0.50	0.80	4	HLOCK	0	69076.50	46	205	248	2908	0	0	0	1	0.00	
0.50	0.50	0.80	8	HLOCK	0	138716.98	45	200	265	1200	0	0	1	1	0.00	
0.50	0.50	0.80	12	HLOCK	0	206898.50	45	200	267	565	0	0	1	2	0.00	
0.50	0.50	0.80	16	HLOCK	0	267525.39	46	203	265	382	0	0	1	2	0.01	
0.50	0.50	0.80	20	HLOCK	0	314980.46	49	219	303	478	0	0	1	2	0.01	
0.50	0.50	0.80	24	HLOCK	0	343630.19	53	264	382	924	0	0	1	2	0.01	
0.50	0.50	0.80	28	HLOCK	0	380658.89	55	296	474	1148	0	0	1	2	0.01	
0.50	0.50	0.80	32	HLOCK	0	408287.13	58	323	528	1541	0	0	1	2	0.01	
0.50	0.50	0.80	36	HLOCK	0	425344.57	62	353	596	3881	0	1	2	3	0.01	
0.50	0.50	0.80	1	SILO	0	15701.27	47	214	262	3552	0	0	0	0	0.00	
0.50	0.50	0.80	4	SILO	0	70693.29	44	202	275	2864	0	0	1	1	0.00	
0.50	0.50	0.80	8	SILO	0	139106.40	44	212	316	653	0	0	1	2	0.01	
0.50	0.50	0.80	12	SILO	0	211732.49	44	208	366	587	0	1	2	3	0.01	
0.50	0.50	0.80	16	SILO	0	271259.25	45	228	385	857	0	1	2	4	0.02	
0.50	0.50	0.80	20	SILO	0	313280.91	48	283	491	932	0	1	3	5	0.02	
0.50	0.50	0.80	24	SILO	0	350657.80	51	312	572	1450	0	1	3	6	0.03	
0.50	0.50	0.80	28	SILO	0	383561.72	53	338	673	1897	0	1	4	8	0.03	
0.50	0.50	0.80	32	SILO	0	413684.58	55	367	765	2637	0	1	4	9	0.04	
0.50	0.50	0.80	36	SILO	0	414732.33	60	435	899	3605	0	1	4	10	0.04	
0.50	0.50	0.99	1	NO_WAIT	0	17763.53	43	191	235	3425	0	0	0	0	0.00	
0.50	0.50	0.99	4	NO_WAIT	0	56115.14	43	424	1928	3949	0	7	11	16	0.35	
0.50	0.50	0.99	8	NO_WAIT	0	70406.37	44	1558	5312	10084	0	10	19	30	0.49	
0.50	0.50	0.99	12	NO_WAIT	0	74953.06	45	2821	8432	14964	0	13	26	42	0.55	
0.50	0.50	0.99	16	NO_WAIT	0	74259.53	48	4163	11592	21092	0	16	34	54	0.60	
0.50	0.50	0.99	20	NO_WAIT	0	72430.52	50	5449	15347	30397	0	19	42	78	0.63	
0.50	0.50	0.99	24	NO_WAIT	0	65475.99	54	7241	19460	35928	0	24	52	86	0.67	
0.50	0.50	0.99	28	NO_WAIT	0	62156.53	60	9014	24587	46785	0	28	64	115	0.70	
0.50	0.50	0.99	32	NO_WAIT	0	58730.04	63	10746	28448	53383	0	32	74	134	0.72	
0.50	0.50	0.99	36	NO_WAIT	0	52684.55	72	13412	34939	63875	0	38	88	151	0.75	
0.50	0.50	0.99	1	WAIT_DIE	0	17816.31	43	191	241	3432	0	0	0	0	0.00	
0.50	0.50	0.99	4	WAIT_DIE	0	58368.98	44	324	615	3457	0	7	8	13	0.33	
0.50	0.50	0.99	8	WAIT_DIE	0	85608.16	45	616	1211	3482	0	8	9	14	0.52	
0.50	0.50	0.99	12	WAIT_DIE	0	89370.97	48	1106	1813	3910	0	9	10	14	0.60	
0.50	0.50	0.99	16	WAIT_DIE	0	91695.58	47	1560	2439	4449	0	10	12	16	0.65	
0.50	0.50	0.99	20	WAIT_DIE	0	78743.14	53	2313	4198	7184	0	11	14	23	0.68	
0.50	0.50	0.99	24	WAIT_DIE	0	69620.29	59	3151	4993	7536	0	12	15	20	0.71	
0.50	0.50	0.99	28	WAIT_DIE	0	62132.45	68	4247	6870	9745	0	14	19	25	0.74	
0.50	0.50	0.99	32	WAIT_DIE	0	55193.19	76	5462	8781	12571	0	16	22	29	0.76	
0.50	0.50	0.99	36	WAIT_DIE	0	46090.42	90	7364	11366	15001	0	19	25	32	0.79	
0.50	0.50	0.99	1	WOUND_WAIT	0	17535.08	43	190	226	3582	0	0	0	0	0.00	
0.50	0.50	0.99	4	WOUND_WAIT	0	60876.25	44	269	405	3664	0	0	1	2	0.00	
0.50	0.50	0.99	8	WOUND_WAIT	0	86991.60	47	439	740	3656	0	1	2	3	0.02	
0.50	0.50	0.99	12	WOUND_WAIT	0	86032.30	50	673	2166	4363	0	1	3	5	0.03	
0.50	0.50	0.99	16	WOUND_WAIT	0	83697.79	51	896	3088	4836	0	1	3	6	0.05	
0.50	0.50	0.99	20	WOUND_WAIT	0	71483.38	59	1306	4672	6657	0	2	4	7	0.06	
0.50	0.50	0.99	24	WOUND_WAIT	0	59534.92	92	1891	5644	7393	0	2	5	7	0.08	
0.50	0.50	0.99	28	WOUND_WAIT	0	52054.85	143	2496	6580	8445	0	2	5	8	0.09	
0.50	0.50	0.99	32	WOUND_WAIT	0	42258.24	200	3590	7658	11179	0	3	7	9	0.11	
0.50	0.50	0.99	36	WOUND_WAIT	0	35967.04	273	4638	9064	12730	0	3	7	9	0.12	
0.50	0.50	0.99	1	DLOCK	0	17899.43	43	191	228	3450	0	0	0	0	0.00	
0.50	0.50	0.99	4	DLOCK	0	69071.58	42	205	326	3321	0	0	3	6	0.01	
0.50	0.50	0.99	8	DLOCK	0	117029.96	44	315	515	3471	0	1	6	7	0.04	
0.50	0.50	0.99	12	DLOCK	0	133853.17	45	502	896	3937	0	2	7	9	0.07	
0.50	0.50	0.99	16	DLOCK	0	130982.65	46	777	1633	4380	0	4	8	10	0.10	
0.50	0.50	0.99	20	DLOCK	0	113125.36	50	1203	2996	6659	0	6	9	12	0.14	
0.50	0.50	0.99	24	DLOCK	0	90973.00	55	1926	4544	7487	0	7	11	15	0.18	
0.50	0.50	0.99	28	DLOCK	0	79157.74	59	2631	5788	8512	0	8	12	18	0.22	
0.50	0.50	0.99	32	DLOCK	0	67898.09	65	3483	7326	11850	0	9	13	20	0.26	
0.50	0.50	0.99	36	DLOCK	0	55236.36	81	5021	8198	13609	0	10	16	24	0.30	
0.50	0.50	0.99	1	HLOCK	0	17756.21	43	192	243	3381	0	0	0	0	0.00	
0.50	0.50	0.99	4	HLOCK	0	72657.52	43	194	256	2926	0	1	2	2	0.03	
0.50	0.50	0.99	8	HLOCK	0	138371.51	43	219	290	2878	0	1	2	3	0.06	
0.50	0.50	0.99	12	HLOCK	0	195215.02	44	241	330	3027	0	2	3	5	0.10	
0.50	0.50	0.99	16	HLOCK	0	241664.74	45	265	373	3411	0	3	4	6	0.15	
0.50	0.50	0.99	20	HLOCK	0	259534.63	49	324	465	4306	0	3	5	7	0.21	
0.50	0.50	0.99	24	HLOCK	0	266430.17	54	402	606	4723	0	4	6	7	0.27	
0.50	0.50	0.99	28	HLOCK	0	264751.98	57	489	813	5579	0	5	7	8	0.33	
0.50	0.50	0.99	32	HLOCK	0	259708.38	62	601	1006	5324	0	6	8	9	0.39	
0.50	0.50	0.99	36	HLOCK	0	243278.68	67	766	1313	6756	0	7	9	10	0.44	
0.50	0.50	0.99	1	SILO	0	18486.52	42	186	223	3336	0	0	0	0	0.00	
0.50	0.50	0.99	4	SILO	0	68531.11	41	342	708	3082	0	2	5	8	0.08	
0.50	0.50	0.99	8	SILO	0	103496.82	42	585	3927	10719	0	4	13	27	0.17	
0.50	0.50	0.99	12	SILO	0	119618.40	42	889	7634	18758	0	6	21	43	0.23	
0.50	0.50	0.99	16	SILO	0	126016.45	44	1370	11797	27661	0	8	29	61	0.28	
0.50	0.50	0.99	20	SILO	0	131060.52	45	2147	15484	34667	0	10	36	74	0.31	
0.50	0.50	0.99	24	SILO	0	131455.98	48	2795	18951	50251	0	11	43	103	0.34	
0.50	0.50	0.99	28	SILO	0	133417.63	50	3446	22312	59371	0	12	49	121	0.37	
0.50	0.50	0.99	32	SILO	0	135326.62	53	4124	26354	69695	0	13	56	139	0.39	
0.50	0.50	0.99	36	SILO	0	130362.89	56	4948	31056	82871	0	15	65	166	0.42	
