Rd	Wt	Zip	T	CC	TP	P50	P90	P99	P999	Abt
0.90	0.10	0.90	1	SILO	303741.14	3	4	4	5	7	|	0	0	0	0	0	|	0
0.90	0.10	0.90	4	SILO	1309632.69	2	4	4	298	865	|	0	0	0	1	1	|	5834
0.90	0.10	0.90	8	SILO	2834885.81	2	3	4	643	1580	|	0	0	0	1	2	|	28128
0.90	0.10	0.90	12	SILO	3821551.58	3	4	7	748	6604	|	0	0	0	1	3	|	70560
0.90	0.10	0.90	16	SILO	5142368.00	3	4	243	785	5778	|	0	0	1	2	3	|	128498
0.90	0.10	0.90	20	SILO	5494085.25	3	5	375	814	9145	|	0	0	1	2	4	|	208396
0.90	0.10	0.90	24	SILO	6155471.67	3	6	453	813	6846	|	0	0	1	3	5	|	320737
0.90	0.10	0.90	28	SILO	6786679.60	3	117	508	818	10343	|	0	1	1	3	6	|	456632
0.90	0.10	0.90	32	SILO	7234780.26	4	197	542	815	9388	|	0	1	1	4	8	|	629133
0.90	0.10	0.90	36	SILO	7439569.57	4	269	565	813	9922	|	0	1	2	4	9	|	826877
0.90	0.10	0.90	40	SILO	7708013.17	4	318	576	821	10890	|	0	1	2	5	10	|	1022640
0.90	0.10	0.90	44	SILO	7909421.27	4	354	582	830	11104	|	0	1	2	5	11	|	1336104
0.90	0.10	0.90	48	SILO	8118383.26	4	379	583	834	9296	|	0	1	2	6	13	|	1606037
0.90	0.10	0.90	52	SILO	7744452.14	4	401	582	874	11541	|	0	1	2	6	15	|	1793652
0.90	0.10	0.90	56	SILO	7881209.60	4	410	582	891	10079	|	0	1	3	7	17	|	2158760
0.90	0.10	0.90	60	SILO	7722464.64	5	423	595	947	11432	|	0	1	3	8	18	|	2566893
0.90	0.10	0.90	64	SILO	7575712.13	5	434	613	1001	12153	|	0	1	3	8	19	|	2945916
