Rd	Wt	Zip	T	CC	TP	P50	P90	P99	P999	Abt
long tx size = 4
0.50	0.50	0.99	1	NO_WAIT	0	298764.17	COMMIT	1191844	3934335	0	0	3332542	338229	ABORT	0	0	0	0	0	0	0	3	6	7	12	0	0	0	0	0.00	
0.50	0.50	0.99	4	NO_WAIT	0	698981.99	COMMIT	751731	3128101	0	0	2682209	281054	ABORT	63942	825737	0	0	662891	125623	22548	4	17	91	646	0	2	4	5	0.08	
0.50	0.50	0.99	8	NO_WAIT	0	794906.08	COMMIT	379406	1638395	0	0	1392662	160827	ABORT	57109	2438671	0	0	2290373	115276	20113	4	30	325	3381	0	3	5	9	0.13	
0.50	0.50	0.99	12	NO_WAIT	0	861889.55	COMMIT	319362	1395596	0	0	1183988	144051	ABORT	62257	2582214	0	0	2419068	127479	22188	4	45	907	7799	0	3	7	12	0.16	
0.50	0.50	0.99	16	NO_WAIT	0	921338.79	COMMIT	276482	1224065	0	0	1024615	129726	ABORT	59555	2755329	0	0	2593886	125379	21350	4	61	1369	9400	0	4	9	15	0.19	
0.50	0.50	0.99	20	NO_WAIT	0	997981.25	COMMIT	216188	974181	0	0	815111	111052	ABORT	58991	3018775	0	0	2856397	128492	21019	4	83	1946	10073	0	5	10	17	0.22	
0.50	0.50	0.99	24	NO_WAIT	0	1058834.33	COMMIT	182186	836266	0	0	696285	98582	ABORT	58125	3183003	0	0	3022669	126445	21086	4	113	2415	11378	0	5	11	19	0.24	
0.50	0.50	0.99	28	NO_WAIT	0	1105846.80	COMMIT	145274	679461	0	0	561483	85024	ABORT	56010	3307292	0	0	3146294	128546	20047	4	155	2987	12931	0	6	13	21	0.26	
0.50	0.50	0.99	32	NO_WAIT	0	1135575.69	COMMIT	124079	592806	0	0	486186	78578	ABORT	54898	3443508	0	0	3279191	132225	20214	4	212	3393	12195	0	6	14	24	0.29	
0.50	0.50	0.99	36	NO_WAIT	0	1165153.36	COMMIT	149861	717425	0	0	593034	89926	ABORT	62559	3268900	0	0	3082343	149433	23464	5	281	3779	12369	0	7	15	26	0.31	
0.50	0.50	0.99	1	WAIT_DIE	0	295260.34	COMMIT	1175293	3937001	0	0	3256370	337919	ABORT	0	0	0	0	0	0	0	3	6	7	12	0	0	0	0	0.00	
0.50	0.50	0.99	4	WAIT_DIE	0	775213.56	COMMIT	830588	3667333	39728	24167	3069462	330842	ABORT	39110	283333	117	42	177206	79669	13621	4	14	38	164	0	1	3	5	0.05	
0.50	0.50	0.99	8	WAIT_DIE	0	1023957.88	COMMIT	553133	2615191	51391	33128	2172384	276552	ABORT	67891	1345813	594	391	1151687	149259	24449	4	27	178	1799	0	2	4	7	0.10	
0.50	0.50	0.99	12	WAIT_DIE	0	1171541.40	COMMIT	417775	2132530	74974	52491	1752898	249735	ABORT	82404	1844505	1324	774	1590506	198374	30303	4	51	374	3113	0	3	5	8	0.16	
0.50	0.50	0.99	16	WAIT_DIE	0	1265537.97	COMMIT	334434	1952381	113346	81223	1563444	246347	ABORT	94638	2019454	2400	1798	1683009	264892	35757	5	97	628	3490	0	4	6	8	0.22	
0.50	0.50	0.99	20	WAIT_DIE	0	1295085.61	COMMIT	260818	1742946	165420	111775	1417697	232080	ABORT	101548	2234867	4142	2990	1836791	324857	39278	5	149	783	2979	0	5	7	8	0.28	
0.50	0.50	0.99	24	WAIT_DIE	0	1308806.54	COMMIT	213207	1626135	208602	142025	1327695	220259	ABORT	108783	2443806	7291	4518	1993971	373699	42697	5	200	868	2610	0	6	7	9	0.34	
0.50	0.50	0.99	28	WAIT_DIE	0	1238112.25	COMMIT	173254	1568914	268742	179106	1293130	207728	ABORT	112119	2412602	11844	7349	1901176	432782	44443	5	265	984	2451	0	6	8	9	0.39	
0.50	0.50	0.99	32	WAIT_DIE	0	1176207.48	COMMIT	143491	1519103	314551	202128	1260522	196777	ABORT	114833	2458793	15365	8976	1897910	472462	46845	5	316	1023	2973	0	7	8	9	0.44	
0.50	0.50	0.99	36	WAIT_DIE	0	1119099.49	COMMIT	122227	1494677	350758	235258	1255191	186012	ABORT	117420	2482383	19351	15331	1899151	495906	48788	6	367	975	3189	0	7	9	10	0.49	
0.50	0.50	0.99	1	WOUND_WAIT	0	296209.08	COMMIT	1178943	3936872	0	0	3277818	344484	ABORT	0	0	0	0	0	0	0	3	6	7	12	0	0	0	0	0.00	
0.50	0.50	0.99	4	WOUND_WAIT	0	777891.94	COMMIT	831900	3802582	86566	49427	3194340	362581	ABORT	17676	149458	5748	5313	51497	69532	22759	4	14	26	60	0	1	2	3	0.02	
0.50	0.50	0.99	8	WOUND_WAIT	0	1093581.24	COMMIT	595177	3195345	206417	152560	2669219	343888	ABORT	38149	768211	45373	47218	456221	242096	58563	4	28	87	574	0	1	3	5	0.05	
0.50	0.50	0.99	12	WOUND_WAIT	0	1206722.02	COMMIT	464238	3046305	349586	297158	2561613	335690	ABORT	30949	925556	63053	67389	590192	272179	53446	5	43	129	1231	0	1	3	7	0.06	
0.50	0.50	0.99	16	WOUND_WAIT	0	1340320.28	COMMIT	438698	3178273	495110	436201	2686350	310235	ABORT	30837	795098	81612	87214	429707	305145	48262	5	52	185	2018	0	2	4	9	0.07	
0.50	0.50	0.99	20	WOUND_WAIT	0	1345431.65	COMMIT	353102	3101774	657525	601603	2704967	275923	ABORT	29664	875628	111277	118020	446233	373123	46880	5	74	303	3520	0	2	4	12	0.07	
0.50	0.50	0.99	24	WOUND_WAIT	0	1438497.25	COMMIT	283399	2902491	733019	662217	2569214	230379	ABORT	25505	1078700	125571	127584	654236	375701	40475	5	74	388	5974	0	2	5	17	0.08	
0.50	0.50	0.99	28	WOUND_WAIT	0	1387741.01	COMMIT	262797	3495897	1030946	947323	3141448	253805	ABORT	20064	486923	93280	89857	153325	291513	34515	5	86	259	4760	0	2	4	16	0.07	
0.50	0.50	0.99	32	WOUND_WAIT	0	1415515.68	COMMIT	236307	3459669	1090756	1000063	3138312	231656	ABORT	19183	523105	92535	96496	188924	294594	32765	5	94	319	5214	0	2	4	15	0.08	
0.50	0.50	0.99	36	WOUND_WAIT	0	1392048.38	COMMIT	206442	3416170	1150214	1065728	3132610	201979	ABORT	18937	570723	117129	112159	200693	331656	31623	6	107	297	5612	0	2	4	14	0.08	
0.50	0.50	0.99	1	DLOCK	0	281749.17	COMMIT	1121679	3940054	339832	0	2898891	716509	ABORT	0	0	0	0	0	0	0	3	6	8	12	0	0	0	0	0.00	
0.50	0.50	0.99	4	DLOCK	0	803658.83	COMMIT	856009	3834938	351736	55675	2800729	792023	ABORT	17442	116124	2490	4587	42325	54525	13864	4	11	19	37	0	1	2	2	0.02	
0.50	0.50	0.99	8	DLOCK	0	1323597.44	COMMIT	685856	3408278	316133	207402	2473989	713839	ABORT	44078	551291	11214	58772	303753	190396	42926	4	20	62	310	0	1	3	4	0.05	
0.50	0.50	0.99	12	DLOCK	0	1514208.30	COMMIT	546044	2929470	259232	345128	2165971	595750	ABORT	46008	1036885	10966	101822	742407	237106	42983	4	31	108	803	0	2	3	6	0.07	
0.50	0.50	0.99	16	DLOCK	0	1668655.13	COMMIT	544298	3098859	254205	523767	2296162	584174	ABORT	46827	867666	11084	138226	533866	272279	42649	4	43	156	1247	0	2	4	7	0.08	
0.50	0.50	0.99	20	DLOCK	0	1748543.47	COMMIT	480508	3031812	235501	771113	2335408	532327	ABORT	49847	937567	12261	149470	582795	292266	45489	5	59	207	2216	0	2	4	9	0.09	
0.50	0.50	0.99	24	DLOCK	0	1800346.13	COMMIT	391473	2787879	202215	942224	2205897	444191	ABORT	46170	1194345	13868	207946	791733	340685	45858	5	77	350	4870	0	2	5	13	0.10	
0.50	0.50	0.99	28	DLOCK	0	1771627.08	COMMIT	200024	2061093	134044	1005197	1704175	275081	ABORT	27555	1950563	10428	94245	1726939	181106	31731	5	93	224	4237	0	2	5	12	0.12	
0.50	0.50	0.99	32	DLOCK	0	1644402.49	COMMIT	276025	3272121	199225	1767449	2763233	403933	ABORT	40539	708097	21739	213798	286780	350483	56037	5	120	255	9318	0	2	6	11	0.13	
0.50	0.50	0.99	36	DLOCK	0	1643727.04	COMMIT	238899	3209528	191515	1866465	2742479	374138	ABORT	36144	772291	23693	189136	386674	317140	54922	5	137	291	2464	0	3	6	10	0.14	
0.50	0.50	0.99	1	HLOCK	0	261674.07	COMMIT	1041535	3944138	0	120265	2802765	846064	ABORT	0	0	0	0	0	0	0	3	7	8	13	0	0	0	0	0.00	
0.50	0.50	0.99	4	HLOCK	0	744304.25	COMMIT	792655	3903727	18225	131481	2693970	957800	ABORT	8190	52426	690	1169	15922	25006	8439	4	10	15	24	0	1	1	2	0.01	
0.50	0.50	0.99	8	HLOCK	0	1258250.35	COMMIT	724327	3766036	39496	161199	2496574	1036009	ABORT	22360	191950	4780	12531	71157	75732	37424	5	13	29	131	0	1	2	3	0.03	
0.50	0.50	0.99	12	HLOCK	0	1685962.64	COMMIT	561861	3182903	56850	184143	2033350	970440	ABORT	43796	781874	14818	42390	515765	149447	102824	5	23	80	482	0	1	3	5	0.06	
0.50	0.50	0.99	16	HLOCK	0	1770357.00	COMMIT	437495	2763519	61259	250839	1626591	933762	ABORT	58327	1207911	21608	168701	703109	213659	266610	5	64	214	967	0	3	5	7	0.11	
0.50	0.50	0.99	20	HLOCK	0	1294063.59	COMMIT	231762	1791995	76720	385018	894589	816445	ABORT	65933	2189680	35040	743972	1013648	250569	905884	6	264	534	1432	0	5	7	8	0.21	
0.50	0.50	0.99	24	HLOCK	0	850996.02	COMMIT	130800	1314081	94564	412755	536930	720780	ABORT	64314	2673154	42050	1144908	1077565	250455	1325891	6	453	810	1731	0	7	8	9	0.31	
0.50	0.50	0.99	28	HLOCK	0	568257.75	COMMIT	77982	1160671	105558	512802	362744	760704	ABORT	51083	2828486	46526	1473349	937867	221949	1653739	6	711	1177	1523	0	8	9	10	0.38	
0.50	0.50	0.99	32	HLOCK	0	479595.62	COMMIT	54152	915449	102009	416680	265364	623563	ABORT	40633	3071920	43483	1544407	1167728	180504	1708706	6	1023	1581	1931	0	9	10	11	0.40	
0.50	0.50	0.99	36	HLOCK	0	467526.53	COMMIT	48927	937042	104098	454907	260062	654140	ABORT	37525	3056484	45064	1580205	1128231	182300	1735182	6	1244	1802	2202	0	9	10	11	0.41	
0.50	0.50	0.99	1	SILO	0	250292.64	COMMIT	999901	3945108	530030	0	3254092	427243	ABORT	0	0	0	0	0	0	0	3	7	8	13	0	0	0	0	0.00	
0.50	0.50	0.99	4	SILO	0	724886.05	COMMIT	786194	3720254	603076	0	3029869	511921	ABORT	31277	234686	23980	0	85509	123170	18433	4	12	23	56	0	1	2	3	0.04	
0.50	0.50	0.99	8	SILO	0	1222640.73	COMMIT	669941	3232152	534305	0	2613393	466553	ABORT	60708	727696	48367	0	439557	237794	35704	5	19	86	469	0	2	3	4	0.09	
0.50	0.50	0.99	12	SILO	0	1414479.61	COMMIT	522384	2572580	434259	0	2070279	383989	ABORT	67004	1393081	58815	0	1071411	264189	41639	5	28	174	1450	0	2	4	6	0.12	
0.50	0.50	0.99	16	SILO	0	1477737.73	COMMIT	380981	1917099	321400	0	1512560	284654	ABORT	57800	2064488	52296	0	1781075	228152	36595	5	31	231	2539	0	2	4	7	0.14	
0.50	0.50	0.99	20	SILO	0	1516092.95	COMMIT	321103	1629382	282888	0	1304356	251131	ABORT	59252	2400383	59744	0	2105056	241673	39439	5	36	330	3878	0	2	5	9	0.15	
0.50	0.50	0.99	24	SILO	0	1579195.85	COMMIT	356701	1799279	311723	0	1438759	276200	ABORT	65689	2174323	69192	0	1845264	267721	45058	5	43	531	5982	0	3	6	11	0.17	
0.50	0.50	0.99	28	SILO	0	1611879.29	COMMIT	263539	1346631	235137	0	1074554	209965	ABORT	56531	2637732	63543	0	2351152	232958	40071	5	47	751	6993	0	3	7	13	0.18	
0.50	0.50	0.99	32	SILO	0	1715168.40	COMMIT	243886	1277077	225579	0	1016995	201846	ABORT	58863	2703405	71443	0	2395120	250848	43370	5	55	1135	7809	0	3	8	15	0.20	
0.50	0.50	0.99	36	SILO	0	1801809.53	COMMIT	222527	1170084	208455	0	928425	185613	ABORT	57904	2866995	73935	0	2558744	249928	43316	6	61	1395	8535	0	4	9	17	0.21	
0.50	0.50	0.99	1	MOCC	0	248801.84	COMMIT	993517	3946756	639601	0	3147199	522157	ABORT	0	0	0	0	0	0	0	3	7	8	13	0	0	0	0	0.00	
0.50	0.50	0.99	4	MOCC	0	711295.90	COMMIT	772498	3705472	666022	0	2889450	594220	ABORT	32283	250226	31584	0	89203	122472	28805	5	12	24	58	0	1	2	3	0.04	
0.50	0.50	0.99	8	MOCC	0	1164206.52	COMMIT	646653	3169008	572348	0	2450619	536136	ABORT	61582	791879	62580	0	485254	231859	56674	5	21	93	555	0	2	3	4	0.09	
0.50	0.50	0.99	12	MOCC	0	1288386.08	COMMIT	521312	2607528	480506	0	2005384	452363	ABORT	67210	1358555	73444	0	1018411	255750	64660	5	28	175	1698	0	2	4	6	0.12	
0.50	0.50	0.99	16	MOCC	0	1197858.32	COMMIT	304926	1618274	310553	0	1214504	286555	ABORT	52037	2675867	84306	0	2377624	210657	68370	5	36	281	4226	0	2	5	8	0.14	
0.50	0.50	0.99	20	MOCC	0	1076230.24	COMMIT	268713	1455023	315040	0	1106387	270909	ABORT	49282	2541387	141120	0	2199940	230445	97384	5	48	484	6333	0	3	6	11	0.15	
0.50	0.50	0.99	24	MOCC	0	960884.77	COMMIT	192520	1081463	248045	0	816554	208233	ABORT	41744	2903708	154077	0	2578863	215759	97691	5	64	952	9031	0	3	8	15	0.17	
0.50	0.50	0.99	28	MOCC	0	762581.78	COMMIT	175634	1059310	295511	0	799662	208273	ABORT	43078	2927285	446416	0	2300240	423029	192426	6	134	2854	13488	0	4	12	28	0.21	
0.50	0.50	0.99	32	MOCC	0	509464.08	COMMIT	103479	728592	262941	0	549453	149590	ABORT	38027	3271659	784904	0	2320679	663482	277978	6	341	5401	18383	0	6	18	44	0.26	
0.50	0.50	0.99	36	MOCC	0	284148.58	COMMIT	62089	529929	231735	0	403243	108397	ABORT	29441	3463163	1078701	0	2239790	906203	309861	6	721	8392	23619	0	7	24	57	0.30	
long tx size = 16
0.50	0.50	0.99	1	NO_WAIT	0	231213.63	COMMIT	922802	3949249	0	0	3436831	305901	ABORT	0	0	0	0	0	0	0	3	14	16	19	0	0	0	0	0.00	
0.50	0.50	0.99	4	NO_WAIT	0	382794.45	COMMIT	375722	1954720	0	0	1705324	165343	ABORT	67708	2146336	0	0	1939007	162842	29958	4	42	295	2905	0	3	6	8	0.14	
0.50	0.50	0.99	8	NO_WAIT	0	424305.63	COMMIT	264065	1401509	0	0	1218296	122906	ABORT	68888	2625700	0	0	2413696	166374	30805	4	71	1111	7205	0	4	8	14	0.21	
0.50	0.50	0.99	12	NO_WAIT	0	509971.39	COMMIT	172960	922697	0	0	798348	87722	ABORT	66771	3063637	0	0	2859436	159902	30386	4	130	2242	12447	0	5	11	18	0.27	
0.50	0.50	0.99	16	NO_WAIT	0	549667.54	COMMIT	161725	882206	0	0	755107	86511	ABORT	70180	3102191	0	0	2883870	169450	32255	5	202	2933	10553	0	6	13	23	0.32	
0.50	0.50	0.99	20	NO_WAIT	0	602304.31	COMMIT	130700	720806	0	0	614288	76895	ABORT	70347	3307215	0	0	3084849	175018	32553	5	335	3750	11449	0	7	16	26	0.36	
0.50	0.50	0.99	24	NO_WAIT	0	649089.95	COMMIT	107790	608101	0	0	513544	68921	ABORT	71083	3380886	0	0	3154817	177096	33786	5	546	4320	10431	0	8	18	30	0.40	
0.50	0.50	0.99	28	NO_WAIT	0	696190.19	COMMIT	100146	566789	0	0	477652	65668	ABORT	73307	3436763	0	0	3205073	181510	34587	5	833	4737	10001	0	9	19	32	0.42	
0.50	0.50	0.99	32	NO_WAIT	0	702180.32	COMMIT	91148	520177	0	0	437303	61887	ABORT	70522	3468410	0	0	3241447	177879	33805	5	1062	5363	10850	0	10	21	35	0.44	
0.50	0.50	0.99	36	NO_WAIT	0	700239.95	COMMIT	78869	454579	0	0	382473	53538	ABORT	65222	3535248	0	0	3324661	165620	31043	5	1291	5862	11904	0	10	22	38	0.45	
0.50	0.50	0.99	1	WAIT_DIE	0	230837.57	COMMIT	918369	3950926	0	0	3377094	301570	ABORT	0	0	0	0	0	0	0	3	14	16	18	0	0	0	0	0.00	
0.50	0.50	0.99	4	WAIT_DIE	0	473022.28	COMMIT	482633	2782852	83648	47442	2394467	235582	ABORT	62062	1183907	1052	407	994661	144557	26182	4	37	152	974	0	3	5	7	0.11	
0.50	0.50	0.99	8	WAIT_DIE	0	604555.75	COMMIT	350635	2199513	118030	77771	1881594	206225	ABORT	98141	1772549	3821	2227	1461217	238739	43179	5	79	430	2823	0	4	6	8	0.22	
0.50	0.50	0.99	12	WAIT_DIE	0	679280.43	COMMIT	238567	1672197	142722	103028	1419113	170822	ABORT	113718	2396847	7944	4851	2016907	296206	50187	5	144	709	3045	0	5	7	9	0.32	
0.50	0.50	0.99	16	WAIT_DIE	0	733321.50	COMMIT	186593	1507395	175288	130952	1264810	158350	ABORT	125238	2449639	13376	8386	1993606	347596	55933	5	219	972	2463	0	6	7	9	0.40	
0.50	0.50	0.99	20	WAIT_DIE	0	726402.90	COMMIT	147647	1340399	199230	153112	1136756	146048	ABORT	132184	2641583	19035	14048	2136774	402942	62159	6	279	1123	3415	0	7	8	9	0.47	
0.50	0.50	0.99	24	WAIT_DIE	0	721996.90	COMMIT	121390	1257863	232442	176134	1072147	135029	ABORT	137555	2723928	27107	17653	2179246	435536	66410	6	337	1043	3542	0	7	8	10	0.53	
0.50	0.50	0.99	28	WAIT_DIE	0	710246.67	COMMIT	102545	1212284	255680	206383	1037102	128705	ABORT	145032	2769751	36905	26056	2172858	480057	69247	6	410	832	1446	0	8	9	10	0.59	
0.50	0.50	0.99	32	WAIT_DIE	0	692582.33	COMMIT	86664	1098829	251589	197758	946251	114629	ABORT	134723	2885234	40685	28833	2309783	470553	65545	6	511	995	1321	0	8	9	10	0.61	
0.50	0.50	0.99	36	WAIT_DIE	0	676489.91	COMMIT	76178	1024358	239167	203283	886139	104438	ABORT	124168	2961725	46066	33513	2414966	451329	60234	7	614	1170	1526	0	8	10	10	0.62	
0.50	0.50	0.99	1	WOUND_WAIT	0	235323.15	COMMIT	936428	3948925	0	0	3389980	305036	ABORT	0	0	0	0	0	0	0	3	14	16	19	0	0	0	0	0.00	
0.50	0.50	0.99	4	WOUND_WAIT	0	440500.65	COMMIT	631558	3523223	160773	92815	3031027	292979	ABORT	21788	440048	19407	14292	236207	161959	35021	4	31	89	740	0	1	3	7	0.04	
0.50	0.50	0.99	8	WOUND_WAIT	0	570629.97	COMMIT	462319	2914293	293020	215199	2524106	244700	ABORT	28932	1058797	44585	36482	758831	245024	45737	4	48	168	4637	0	2	4	15	0.07	
0.50	0.50	0.99	12	WOUND_WAIT	0	722243.98	COMMIT	344927	3197911	627321	522722	2827039	255520	ABORT	31845	780486	95598	81432	340730	370812	58474	5	72	152	3485	0	2	4	12	0.10	
0.50	0.50	0.99	16	WOUND_WAIT	0	768702.38	COMMIT	199402	2445089	648779	572138	2196747	158159	ABORT	23096	1553812	108764	92264	1166738	337600	39777	5	90	173	4513	0	2	5	16	0.12	
0.50	0.50	0.99	20	WOUND_WAIT	0	785137.71	COMMIT	207650	3091132	958958	841266	2832543	178182	ABORT	28386	896617	165890	150722	345869	490118	50576	6	115	209	4113	0	3	5	15	0.13	
0.50	0.50	0.99	24	WOUND_WAIT	0	737293.28	COMMIT	145144	3195263	1164158	1047270	2984073	148035	ABORT	22599	794032	222442	194379	165935	572058	47211	7	144	231	2771	0	3	5	12	0.14	
0.50	0.50	0.99	28	WOUND_WAIT	0	688150.74	COMMIT	99734	3274840	1319578	1214880	3102474	120553	ABORT	16752	716398	260885	225770	52017	615150	40829	9	169	230	339	0	3	5	7	0.15	
0.50	0.50	0.99	32	WOUND_WAIT	0	670441.84	COMMIT	85025	3236184	1360189	1235695	3085580	107070	ABORT	15896	756237	282519	252789	53320	657446	38446	11	193	263	399	0	3	5	7	0.16	
0.50	0.50	0.99	36	WOUND_WAIT	0	641700.60	COMMIT	72045	3186431	1378196	1255054	3056541	94117	ABORT	14954	807059	315710	274969	53799	710237	36691	16	221	301	486	0	3	6	7	0.18	
0.50	0.50	0.99	1	DLOCK	0	223139.99	COMMIT	887840	3951399	327604	0	3020734	671894	ABORT	0	0	0	0	0	0	0	3	14	16	19	0	0	0	0	0.00	
0.50	0.50	0.99	4	DLOCK	0	495838.10	COMMIT	610454	3480321	337869	141752	2597464	705393	ABORT	27773	484161	9692	24278	253579	188148	34267	4	28	76	593	0	1	3	5	0.04	
0.50	0.50	0.99	8	DLOCK	0	680161.14	COMMIT	459119	2856310	274876	305648	2132282	569754	ABORT	37724	1115977	14622	59932	799959	258217	45008	5	40	141	2535	0	2	4	8	0.07	
0.50	0.50	0.99	12	DLOCK	0	849590.05	COMMIT	397825	2760705	246870	557290	2122318	510502	ABORT	43019	1213141	15874	102562	826489	322143	49989	5	61	211	4074	0	2	4	12	0.11	
0.50	0.50	0.99	16	DLOCK	0	901344.14	COMMIT	199367	1951736	153770	704952	1549002	308861	ABORT	33772	2276121	15780	137343	1906988	310021	44647	5	80	255	8442	0	3	5	19	0.14	
0.50	0.50	0.99	20	DLOCK	0	
0.50	0.50	0.99	24	DLOCK	0	994748.91	COMMIT	199593	2632525	184632	1353595	2203364	346876	ABORT	45439	1422880	29146	275807	824004	512465	69402	5	131	280	4964	0	4	6	16	0.20	
0.50	0.50	0.99	28	DLOCK	0	988206.31	COMMIT	179999	2807542	184914	1612940	2394178	338478	ABORT	46861	1178618	35519	378122	459545	622495	79403	6	156	303	4008	0	5	7	14	0.23	
0.50	0.50	0.99	32	DLOCK	0	904270.50	COMMIT	113752	2703940	169286	1811750	2365240	283726	ABORT	39425	1286050	39634	430992	539038	652224	80050	6	190	411	3248	0	5	7	12	0.26	
0.50	0.50	0.99	36	DLOCK	0	869470.34	COMMIT	97174	2863440	168115	2055746	2542229	271525	ABORT	39303	1126619	46578	495625	300479	722154	88959	7	215	314	486	0	6	7	8	0.28	
0.50	0.50	0.99	1	HLOCK	0	205228.55	COMMIT	816613	3955998	0	124161	2890736	828731	ABORT	0	0	0	0	0	0	0	3	16	18	21	0	0	0	0	0.00	
0.50	0.50	0.99	4	HLOCK	0	522863.89	COMMIT	555935	3585385	68501	133778	2454037	939965	ABORT	18009	405682	10389	4366	237095	126582	35771	5	27	55	330	0	1	2	4	0.03	
0.50	0.50	0.99	8	HLOCK	0	721519.56	COMMIT	465480	3034509	87229	147875	1995308	877052	ABORT	31931	936920	21240	17973	649437	201814	74349	5	34	110	1579	0	1	4	7	0.06	
0.50	0.50	0.99	12	HLOCK	0	876907.14	COMMIT	367862	2635223	108252	207784	1630870	882554	ABORT	48436	1340462	31076	69433	867643	297611	158419	5	54	172	2262	0	2	4	8	0.12	
0.50	0.50	0.99	16	HLOCK	0	909866.89	COMMIT	229588	2000344	107504	291746	1079998	821082	ABORT	73091	1982323	48189	319031	1024814	445796	483925	6	151	396	2311	0	4	6	8	0.24	
0.50	0.50	0.99	20	HLOCK	0	665158.15	COMMIT	127737	1376817	116749	339806	612306	712578	ABORT	82655	2610216	61025	753403	1122548	485891	976603	6	307	672	2445	0	6	8	9	0.37	
0.50	0.50	0.99	24	HLOCK	0	498034.14	COMMIT	77944	1026251	118563	309643	392898	596000	ABORT	77946	2963756	69406	972740	1287527	451059	1201709	7	475	762	1131	0	8	9	9	0.47	
0.50	0.50	0.99	28	HLOCK	0	415199.46	COMMIT	56906	874500	114983	304804	301219	546760	ABORT	61310	3117322	69193	1086932	1423616	377120	1299023	7	739	1215	1502	0	8	9	10	0.50	
0.50	0.50	0.99	32	HLOCK	0	377948.63	COMMIT	45198	721478	101277	256869	241421	459940	ABORT	52933	3271064	64743	1082411	1653265	328522	1274588	7	1003	1480	1810	0	9	10	11	0.52	
0.50	0.50	0.99	36	HLOCK	0	359519.60	COMMIT	37499	619318	94787	215988	206536	395348	ABORT	47239	3374100	62715	1013639	1876410	294831	1189923	7	1263	1724	2074	0	9	10	12	0.53	
0.50	0.50	0.99	1	SILO	0	196236.86	COMMIT	783777	3956794	530345	0	3341181	406590	ABORT	0	0	0	0	0	0	0	3	16	18	22	0	0	0	0	0.00	
0.50	0.50	0.99	4	SILO	0	421615.79	COMMIT	489811	2818971	446450	0	2321870	381302	ABORT	35246	1151665	57720	0	770356	345611	26736	5	40	160	1551	0	2	3	6	0.07	
0.50	0.50	0.99	8	SILO	0	419806.31	COMMIT	206407	1186357	189226	0	970793	167551	ABORT	26803	2802360	41250	0	2528720	247892	19323	5	49	386	4951	0	2	6	11	0.11	
0.50	0.50	0.99	12	SILO	0	506297.00	COMMIT	201328	1164348	186998	0	951429	168424	ABORT	30283	2857926	46513	0	2553035	276875	20987	5	61	1127	8833	0	3	8	17	0.14	
0.50	0.50	0.99	16	SILO	0	585714.57	COMMIT	190458	1108326	177201	0	889776	161432	ABORT	34153	2878436	51650	0	2539338	305365	23861	5	75	2025	11302	0	3	10	21	0.16	
0.50	0.50	0.99	20	SILO	0	655163.92	COMMIT	142881	831732	134935	0	672555	125008	ABORT	32327	3156570	47755	0	2841715	284180	22493	5	88	2888	13261	0	4	12	26	0.19	
0.50	0.50	0.99	24	SILO	0	730029.23	COMMIT	123240	717095	117203	0	576580	110589	ABORT	33280	3273151	50027	0	2951664	289846	23202	5	106	3526	14790	0	4	14	31	0.21	
0.50	0.50	0.99	28	SILO	0	802124.83	COMMIT	114670	671251	110212	0	538354	104712	ABORT	34022	3320793	51022	0	2994337	295162	22948	5	124	4194	15628	0	5	16	34	0.22	
0.50	0.50	0.99	32	SILO	0	884362.92	COMMIT	116574	682728	111618	0	546846	107415	ABORT	35925	3308666	53768	0	2962574	312742	24318	5	146	4823	16632	0	5	18	39	0.24	
0.50	0.50	0.99	36	SILO	0	951981.08	COMMIT	113488	675162	111216	0	539044	106977	ABORT	38199	3384524	58309	0	3013780	333576	25945	5	171	5311	16684	0	6	20	44	0.26	
0.50	0.50	0.99	1	MOCC	0	195438.80	COMMIT	779959	3958193	642246	0	3232284	507424	ABORT	0	0	0	0	0	0	0	3	16	18	22	0	0	0	0	0.00	
0.50	0.50	0.99	4	MOCC	0	400140.36	COMMIT	425556	2505494	448028	0	1974185	408404	ABORT	33445	1468870	67072	0	1108823	312596	37589	5	40	149	1617	0	2	3	6	0.08	
0.50	0.50	0.99	8	MOCC	0	429252.35	COMMIT	229525	1348057	240028	0	1055299	227603	ABORT	30065	2637305	57578	0	2329268	266906	32713	5	51	481	7076	0	2	6	11	0.11	
0.50	0.50	0.99	12	MOCC	0	516053.23	COMMIT	182342	1083217	196531	0	841586	189254	ABORT	31506	2914745	59255	0	2598481	273569	34054	5	65	1384	10767	0	3	8	17	0.15	
0.50	0.50	0.99	16	MOCC	0	575899.66	COMMIT	171466	1018453	183592	0	784140	179094	ABORT	33979	2969601	62615	0	2633017	288633	37737	5	80	2321	12557	0	3	11	24	0.17	
0.50	0.50	0.99	20	MOCC	0	640708.74	COMMIT	141850	843586	151989	0	649100	153566	ABORT	34622	3145713	62854	0	2808227	289439	38570	5	96	3179	13139	0	4	13	28	0.20	
0.50	0.50	0.99	24	MOCC	0	667433.25	COMMIT	120416	742433	145659	0	565225	141714	ABORT	34962	3246838	80583	0	2888965	300048	48200	5	123	3930	14814	0	5	16	35	0.22	
0.50	0.50	0.99	28	MOCC	0	526777.58	COMMIT	95294	661751	180958	0	501083	132438	ABORT	36220	3328558	472463	0	2568994	586644	163116	6	387	7290	23647	0	7	24	62	0.28	
0.50	0.50	0.99	32	MOCC	0	478313.35	COMMIT	80696	585013	174977	0	442611	118468	ABORT	32974	3405539	575551	0	2566505	647446	182395	6	532	8851	27789	0	7	27	70	0.30	
0.50	0.50	0.99	36	MOCC	0	416974.95	COMMIT	58427	442452	144446	0	335805	89328	ABORT	26892	3550862	650267	0	2685370	677430	180914	6	804	10468	32469	0	8	30	77	0.31	
long tx size = 32
0.50	0.50	0.99	1	NO_WAIT	0	186487.13	COMMIT	743191	3957936	0	0	3507854	277742	ABORT	0	0	0	0	0	0	0	3	25	28	31	0	0	0	0	0.00	
0.50	0.50	0.99	4	NO_WAIT	0	222082.39	COMMIT	226791	1441462	0	0	1276483	113429	ABORT	70662	2541802	0	0	2282380	207065	37949	4	111	1257	7850	0	5	9	13	0.23	
0.50	0.50	0.99	8	NO_WAIT	0	263599.44	COMMIT	143968	939833	0	0	826670	79216	ABORT	74851	3047087	0	0	2768005	221942	41667	4	294	3017	11835	0	7	13	22	0.35	
0.50	0.50	0.99	12	NO_WAIT	0	306079.87	COMMIT	102741	668809	0	0	585691	60716	ABORT	77323	3330896	0	0	3046854	225940	42981	4	740	4182	8540	0	9	18	28	0.43	
0.50	0.50	0.99	16	NO_WAIT	0	318417.62	COMMIT	78546	515407	0	0	446656	48852	ABORT	69124	3473592	0	0	3214940	203266	39428	5	1195	5170	10402	0	10	20	34	0.47	
0.50	0.50	0.99	20	NO_WAIT	0	321311.13	COMMIT	64397	423647	0	0	367243	41418	ABORT	62170	3568511	0	0	3336638	183877	35466	5	1629	6113	11774	0	11	23	37	0.49	
0.50	0.50	0.99	24	NO_WAIT	0	324115.36	COMMIT	53156	350147	0	0	301991	35468	ABORT	55242	3642504	0	0	3432894	165612	32502	5	1998	7035	12909	0	12	25	41	0.51	
0.50	0.50	0.99	28	NO_WAIT	0	327353.42	COMMIT	48056	316258	0	0	272493	32188	ABORT	53042	3676831	0	0	3475964	158951	30984	5	2311	7903	15078	0	13	27	46	0.53	
0.50	0.50	0.99	32	NO_WAIT	0	329398.24	COMMIT	41192	272104	0	0	234645	27732	ABORT	48497	3720723	0	0	3536267	145384	28879	5	2654	8654	16322	0	14	30	50	0.54	
0.50	0.50	0.99	36	NO_WAIT	0	327865.73	COMMIT	35318	236982	0	0	203885	24645	ABORT	44113	3757473	0	0	3589348	132566	26358	5	2988	9739	18384	0	15	32	55	0.55	
0.50	0.50	0.99	1	WAIT_DIE	0	183474.95	COMMIT	729824	3961059	0	0	3464509	276719	ABORT	0	0	0	0	0	0	0	3	26	29	32	0	0	0	0	0.00	
0.50	0.50	0.99	4	WAIT_DIE	0	272602.04	COMMIT	284282	2133018	138545	82763	1874005	161028	ABORT	93020	1846127	4966	2916	1516454	257280	46410	4	110	475	2211	0	5	7	9	0.24	
0.50	0.50	0.99	8	WAIT_DIE	0	329139.11	COMMIT	170151	1492699	178919	117274	1311723	119113	ABORT	120978	2488388	16666	10511	2047050	347062	60790	5	240	1003	2689	0	6	8	10	0.42	
0.50	0.50	0.99	12	WAIT_DIE	0	351303.25	COMMIT	118682	1176474	185579	135140	1031762	96019	ABORT	135111	2808791	29362	19823	2300503	402929	68359	5	346	1093	3995	0	7	9	10	0.53	
0.50	0.50	0.99	16	WAIT_DIE	0	364673.75	COMMIT	91406	1005736	186341	147683	879084	81765	ABORT	138085	2968548	44840	27821	2419009	436865	71119	6	494	952	1257	0	8	9	10	0.60	
0.50	0.50	0.99	20	WAIT_DIE	0	356017.52	COMMIT	71696	842664	170719	137416	741191	68318	ABORT	119970	3144574	49815	31608	2636258	405599	65890	6	668	1197	1510	0	9	10	11	0.62	
0.50	0.50	0.99	24	WAIT_DIE	0	353520.05	COMMIT	59078	728388	156086	131005	645288	56959	ABORT	105654	3259810	50090	34637	2801672	372295	56666	6	904	1398	1805	0	9	10	11	0.64	
0.50	0.50	0.99	28	WAIT_DIE	0	349800.62	COMMIT	48985	630351	143272	121924	561943	47958	ABORT	92324	3358886	52270	36456	2939504	344026	50217	6	1091	1615	1999	0	9	11	12	0.65	
0.50	0.50	0.99	32	WAIT_DIE	0	344346.20	COMMIT	43267	574005	138810	110573	511812	43097	ABORT	85550	3415802	53563	37618	3017905	326291	46536	6	1248	1817	2201	0	10	11	12	0.66	
0.50	0.50	0.99	36	WAIT_DIE	0	336772.32	COMMIT	37762	519713	126227	106106	465036	38852	ABORT	78002	3471192	52972	41475	3093485	313339	43686	6	1414	2005	2397	0	10	12	13	0.68	
0.50	0.50	0.99	1	WOUND_WAIT	0	186203.64	COMMIT	741130	3960043	0	0	3471810	281247	ABORT	0	0	0	0	0	0	0	3	25	28	31	0	0	0	0	0.00	
0.50	0.50	0.99	4	WOUND_WAIT	0	269480.41	COMMIT	453157	3528299	419130	260521	3138497	245521	ABORT	16857	445273	49360	30485	174449	229404	35370	4	70	150	4736	0	1	4	17	0.05	
0.50	0.50	0.99	8	WOUND_WAIT	0	351542.16	COMMIT	199805	2505250	650542	498389	2286300	143820	ABORT	24188	1780750	135946	99157	1282794	441049	48328	5	121	255	5492	0	3	6	19	0.12	
0.50	0.50	0.99	12	WOUND_WAIT	0	349468.39	COMMIT	135049	2840435	986020	839227	2642568	141016	ABORT	26772	1148699	286311	230881	319195	753646	65803	6	192	371	5303	0	4	7	17	0.18	
0.50	0.50	0.99	16	WOUND_WAIT	0	342619.14	COMMIT	86209	2839876	1137965	1011008	2695316	95310	ABORT	24515	1153364	395084	319008	147531	931876	63422	7	250	410	811	0	5	7	9	0.22	
0.50	0.50	0.99	20	WOUND_WAIT	0	322909.07	COMMIT	64917	2709323	1139892	1039456	2599293	78316	ABORT	22967	1284222	464901	374055	170626	1044580	60336	8	319	545	1265	0	5	8	9	0.26	
0.50	0.50	0.99	24	WOUND_WAIT	0	306283.58	COMMIT	51348	2632742	1154017	1052508	2540207	65491	ABORT	21332	1361477	495913	411548	198442	1098416	56518	10	387	714	1551	0	6	8	10	0.30	
0.50	0.50	0.99	28	WOUND_WAIT	0	295042.13	COMMIT	42561	2525425	1150293	1020966	2447014	56086	ABORT	20256	1468946	540851	457020	228632	1178346	53580	15	455	879	1763	0	6	9	11	0.32	
0.50	0.50	0.99	32	WOUND_WAIT	0	285027.47	COMMIT	35753	2444474	1112072	1035503	2379039	48634	ABORT	19262	1549872	550509	487656	282209	1209488	51457	21	531	1136	1973	0	7	9	11	0.35	
0.50	0.50	0.99	36	WOUND_WAIT	0	271995.67	COMMIT	30410	2374952	1111712	1004536	2317464	42760	ABORT	18264	1620436	591398	509940	297661	1266856	49728	28	616	1342	2321	0	7	9	12	0.37	
0.50	0.50	0.99	1	DLOCK	0	179534.03	COMMIT	712999	3961482	322820	0	3105578	644810	ABORT	0	0	0	0	0	0	0	3	26	29	33	0	0	0	0	0.00	
0.50	0.50	0.99	4	DLOCK	0	304567.42	COMMIT	447670	3207789	343935	294127	2431023	638686	ABORT	22474	773117	19554	53066	445400	274287	45615	4	58	163	2839	0	1	4	11	0.05	
0.50	0.50	0.99	8	DLOCK	0	451152.31	COMMIT	294533	2952903	312925	797769	2287550	559842	ABORT	40476	1027085	38960	198071	364211	563123	85374	5	103	242	6041	0	3	5	21	0.14	
0.50	0.50	0.99	12	DLOCK	0	484813.31	COMMIT	199473	2444359	224996	988002	1972409	397582	ABORT	42647	1600719	40370	325366	811314	686257	87757	5	143	323	9559	0	4	6	26	0.19	
0.50	0.50	0.99	16	DLOCK	0	492062.63	COMMIT	146529	2477117	196159	1318461	2070220	337869	ABORT	45802	1511387	50366	518448	495280	896162	102498	6	191	412	6016	0	5	7	20	0.25	
0.50	0.50	0.99	20	DLOCK	0	487337.85	COMMIT	98203	2483037	171331	1621224	2155494	279881	ABORT	44331	1508290	56459	706224	315451	1068181	109113	6	239	345	490	0	6	7	8	0.31	
0.50	0.50	0.99	24	DLOCK	0	472328.32	COMMIT	78751	2350994	149208	1638983	2070036	240718	ABORT	41436	1641247	59140	797066	391145	1125584	110112	6	293	430	629	0	6	8	8	0.34	
0.50	0.50	0.99	28	DLOCK	0	459632.48	COMMIT	65467	2236062	128740	1638170	1997275	205868	ABORT	39169	1756805	59800	873796	455161	1180844	107516	6	352	551	785	0	7	8	9	0.37	
0.50	0.50	0.99	32	DLOCK	0	446280.74	COMMIT	55487	2171364	120789	1642999	1955831	188409	ABORT	35949	1821630	59888	921284	501099	1203927	104742	7	413	663	995	0	7	8	9	0.39	
0.50	0.50	0.99	36	DLOCK	0	437875.33	COMMIT	48577	2085319	111698	1616293	1889470	171817	ABORT	34571	1907215	60870	947550	571793	1219396	104356	7	474	765	1156	0	8	9	9	0.41	
0.50	0.50	0.99	1	HLOCK	0	162390.98	COMMIT	645884	3965001	0	124331	2941655	832561	ABORT	0	0	0	0	0	0	0	3	30	33	37	0	0	0	0	0.00	
0.50	0.50	0.99	4	HLOCK	0	305749.19	COMMIT	346301	2824744	144720	125892	1861921	842599	ABORT	19153	1257816	36908	7784	926315	250779	74139	5	58	140	1223	0	1	4	7	0.05	
0.50	0.50	0.99	8	HLOCK	0	458365.13	COMMIT	293556	2608614	198551	201335	1574017	927927	ABORT	39337	1372662	70066	55162	740574	437495	179919	5	84	244	4036	0	2	5	13	0.13	
0.50	0.50	0.99	12	HLOCK	0	552502.86	COMMIT	186016	2078310	219763	280328	1088096	917858	ABORT	68027	1906786	104370	211856	748869	717127	417150	6	149	412	2491	0	4	6	11	0.25	
0.50	0.50	0.99	16	HLOCK	0	502304.70	COMMIT	125349	1564931	181675	281294	739311	766025	ABORT	79684	2422649	98516	403360	965782	791571	635833	7	207	1012	3883	0	5	7	12	0.37	
0.50	0.50	0.99	20	HLOCK	0	442917.71	COMMIT	84267	1214708	169153	290976	495673	682867	ABORT	88786	2774463	102923	675572	981946	819133	946629	8	331	532	743	0	7	8	9	0.49	
0.50	0.50	0.99	24	HLOCK	0	394423.38	COMMIT	60970	922139	137202	231394	358825	535708	ABORT	78102	3068541	95798	710628	1371510	710758	963200	8	495	792	1145	0	8	9	9	0.53	
0.50	0.50	0.99	28	HLOCK	0	357303.04	COMMIT	47607	747657	115006	198736	280856	444949	ABORT	67304	3243955	93534	735282	1644543	609468	970314	8	703	1156	1410	0	8	9	10	0.56	
0.50	0.50	0.99	32	HLOCK	0	327890.79	COMMIT	38151	628295	100565	180590	224300	386668	ABORT	57383	3364113	79727	742312	1874931	523744	949264	8	968	1389	1693	0	9	10	11	0.58	
0.50	0.50	0.99	36	HLOCK	0	309241.01	COMMIT	32215	545447	92217	156599	191970	338635	ABORT	51274	3447380	77866	705514	2061302	472711	898832	8	1208	1613	1934	0	9	10	11	0.59	
0.50	0.50	0.99	1	SILO	0	155638.36	COMMIT	620866	3965589	535251	0	3405787	390626	ABORT	0	0	0	0	0	0	0	3	30	33	37	0	0	0	0	0.00	
0.50	0.50	0.99	4	SILO	0	214831.54	COMMIT	329078	2168535	324578	0	1803093	285807	ABORT	28130	1810743	90449	0	1189131	580946	33558	4	92	423	4194	0	2	6	10	0.10	
0.50	0.50	0.99	8	SILO	0	276249.01	COMMIT	136404	906570	140272	0	737198	135533	ABORT	28303	3085985	81475	0	2513920	535184	30139	5	147	2266	11220	0	4	11	20	0.16	
0.50	0.50	0.99	12	SILO	0	343237.79	COMMIT	119485	778768	121000	0	631221	119675	ABORT	31954	3303865	86118	0	2691072	573500	31786	5	220	3787	13729	0	5	15	28	0.21	
0.50	0.50	0.99	16	SILO	0	413512.80	COMMIT	102397	675633	105267	0	539201	107264	ABORT	34206	3558276	91085	0	2908719	607364	33287	5	341	4816	12347	0	7	18	35	0.25	
0.50	0.50	0.99	20	SILO	0	467796.11	COMMIT	100144	657027	102382	0	524660	106551	ABORT	37899	3442336	98244	0	2735793	660601	36018	5	535	5915	13433	0	8	22	40	0.28	
0.50	0.50	0.99	24	SILO	0	483877.96	COMMIT	88133	579879	90323	0	462999	94610	ABORT	36196	3410342	93159	0	2738860	628304	33396	5	805	6951	14717	0	9	24	45	0.30	
0.50	0.50	0.99	28	SILO	0	495920.49	COMMIT	78544	514432	80684	0	409560	85130	ABORT	34116	3476162	85865	0	2851113	584542	31107	5	1095	8005	17585	0	10	27	51	0.32	
0.50	0.50	0.99	32	SILO	0	506194.62	COMMIT	70769	465160	72776	0	369399	77434	ABORT	32622	3525631	81993	0	2929601	557602	29429	5	1380	8683	19846	0	10	29	57	0.33	
0.50	0.50	0.99	36	SILO	0	511761.62	COMMIT	62136	414335	64501	0	327745	68901	ABORT	30521	3574773	77588	0	3010466	526775	27777	5	1663	9574	20387	0	11	31	59	0.34	
0.50	0.50	0.99	1	MOCC	0	153069.66	COMMIT	610790	3966546	645611	0	3284604	508760	ABORT	0	0	0	0	0	0	0	3	31	34	38	0	0	0	0	0.00	
0.50	0.50	0.99	4	MOCC	0	218657.55	COMMIT	268838	1822481	318387	0	1432227	313201	ABORT	29418	2164583	114909	0	1531662	574845	49868	5	95	546	6847	0	3	6	11	0.11	
0.50	0.50	0.99	8	MOCC	0	266063.05	COMMIT	150315	1024162	180251	0	795570	186348	ABORT	30056	3315021	106206	0	2721991	538123	47267	5	149	2373	9530	0	4	11	20	0.17	
0.50	0.50	0.99	12	MOCC	0	334785.59	COMMIT	131698	886157	158135	0	680670	167457	ABORT	34248	3104295	116076	0	2455686	586816	52876	5	229	3872	12502	0	6	16	29	0.22	
0.50	0.50	0.99	16	MOCC	0	405937.37	COMMIT	104252	708571	125500	0	535152	139628	ABORT	36781	3287285	119731	0	2604535	616070	56333	5	359	5192	12355	0	7	19	36	0.27	
0.50	0.50	0.99	20	MOCC	0	442139.81	COMMIT	93534	630606	111569	0	474997	128035	ABORT	37599	3360910	120602	0	2677542	615773	57478	5	625	6320	14232	0	8	23	43	0.30	
0.50	0.50	0.99	24	MOCC	0	452202.32	COMMIT	83303	564171	99552	0	423569	115921	ABORT	36067	3427301	113755	0	2775177	587962	54334	5	956	7339	16188	0	9	25	48	0.31	
0.50	0.50	0.99	28	MOCC	0	458675.49	COMMIT	64895	445582	78839	0	333382	91771	ABORT	31702	3544849	99138	0	2970735	517672	47108	5	1285	8369	18076	0	10	28	53	0.33	
0.50	0.50	0.99	32	MOCC	0	463486.69	COMMIT	65235	448436	81643	0	335478	93420	ABORT	32482	3543129	111713	0	2951391	529946	52747	5	1607	9321	19761	0	11	30	57	0.34	
0.50	0.50	0.99	36	MOCC	0	434512.28	COMMIT	46775	332547	68659	0	248413	70126	ABORT	26221	3660653	202734	0	3069688	515838	67583	5	1915	10865	25888	0	12	34	67	0.36	
long tx size = 64
0.50	0.50	0.99	1	NO_WAIT	0	130227.66	COMMIT	519918	3970758	0	0	3602017	246276	ABORT	0	0	0	0	0	0	0	3	49	53	59	0	0	0	0	0.00	
0.50	0.50	0.99	4	NO_WAIT	0	125206.80	COMMIT	138799	1216130	0	0	1099951	83623	ABORT	61380	2772588	0	0	2505082	216062	39419	4	342	2674	6910	0	8	13	20	0.32	
0.50	0.50	0.99	8	NO_WAIT	0	137892.31	COMMIT	68396	610796	0	0	549415	44897	ABORT	58781	3381676	0	0	3125606	206251	38027	4	1400	4904	8727	0	11	20	30	0.46	
0.50	0.50	0.99	12	NO_WAIT	0	141831.37	COMMIT	46491	409456	0	0	366973	32011	ABORT	49611	3584821	0	0	3367089	175490	32686	4	2187	6694	11451	0	13	24	37	0.52	
0.50	0.50	0.99	16	NO_WAIT	0	143617.86	COMMIT	34877	310057	0	0	275393	25370	ABORT	43459	3682998	0	0	3488831	154114	29384	4	2928	8247	14410	0	15	29	44	0.55	
0.50	0.50	0.99	20	NO_WAIT	0	145005.08	COMMIT	28930	255668	0	0	227118	21470	ABORT	39553	3739305	0	0	3568889	136695	25727	5	3608	9626	16437	0	16	32	50	0.58	
0.50	0.50	0.99	24	NO_WAIT	0	145617.16	COMMIT	24825	218985	0	0	193769	18971	ABORT	36768	3775507	0	0	3611896	130555	24927	5	4255	11255	18683	0	18	36	56	0.60	
0.50	0.50	0.99	28	NO_WAIT	0	145417.47	COMMIT	22326	196480	0	0	173605	17238	ABORT	35731	3798863	0	0	3640757	126773	24126	5	4907	12498	20944	0	20	40	64	0.62	
0.50	0.50	0.99	32	NO_WAIT	0	145760.51	COMMIT	17021	149077	0	0	131428	13282	ABORT	30545	3846275	0	0	3708691	109919	21244	5	5493	13878	23899	0	21	43	69	0.64	
0.50	0.50	0.99	36	NO_WAIT	0	144958.34	COMMIT	17059	151704	0	0	133931	13330	ABORT	31416	3843470	0	0	3705262	110609	21121	5	6125	15246	25826	0	23	47	75	0.65	
0.50	0.50	0.99	1	WAIT_DIE	0	130255.41	COMMIT	518104	3971534	0	0	3564139	246387	ABORT	0	0	0	0	0	0	0	3	49	53	58	0	0	0	0	0.00	
0.50	0.50	0.99	4	WAIT_DIE	0	141214.49	COMMIT	144085	1624585	176372	103761	1464140	100970	ABORT	101176	2361373	10073	5804	1961380	316423	55926	5	285	994	2974	0	7	8	11	0.41	
0.50	0.50	0.99	8	WAIT_DIE	0	154743.89	COMMIT	77477	1032988	181344	117941	928900	70742	ABORT	111343	2952984	37665	21924	2464822	393981	65596	5	580	1056	1336	0	8	9	10	0.59	
0.50	0.50	0.99	12	WAIT_DIE	0	155644.73	COMMIT	52009	738666	148343	108280	671559	44778	ABORT	88782	3253427	48898	32426	2826244	353904	51489	5	996	1444	1806	0	9	10	11	0.63	
0.50	0.50	0.99	16	WAIT_DIE	0	154564.52	COMMIT	38531	580242	125039	97695	527667	34511	ABORT	73869	3407789	54600	33087	3024613	318553	44519	5	1314	1856	2240	0	10	11	13	0.66	
0.50	0.50	0.99	20	WAIT_DIE	0	151520.26	COMMIT	30621	469289	108118	78859	428341	27967	ABORT	63092	3523747	53006	36945	3175615	293005	39327	5	1647	2206	2618	0	11	12	14	0.68	
0.50	0.50	0.99	24	WAIT_DIE	0	149072.57	COMMIT	25573	407222	98358	72884	372006	24012	ABORT	55999	3586189	51567	36230	3268520	267823	35236	6	1938	2518	2941	0	11	13	15	0.69	
0.50	0.50	0.99	28	WAIT_DIE	0	147161.85	COMMIT	21422	350020	83485	69492	320539	20368	ABORT	49814	3643656	54743	35437	3349009	250501	31501	6	2225	2835	3274	0	12	14	16	0.70	
0.50	0.50	0.99	32	WAIT_DIE	0	145800.26	COMMIT	18596	311320	78710	62594	285555	17514	ABORT	45490	3682702	55108	40860	3393201	247862	29642	6	2491	3118	3540	0	13	15	17	0.71	
0.50	0.50	0.99	36	WAIT_DIE	0	142805.62	COMMIT	16819	281585	68413	57149	257757	16463	ABORT	42667	3712439	55399	38434	3438502	235455	27663	6	2792	3451	3902	0	14	16	18	0.72	
0.50	0.50	0.99	1	WOUND_WAIT	0	132422.08	COMMIT	526052	3969878	0	0	3562073	252325	ABORT	0	0	0	0	0	0	0	3	48	52	58	0	0	0	0	0.00	
0.50	0.50	0.99	4	WOUND_WAIT	0	159067.13	COMMIT	199886	3034414	765761	458491	2815121	145367	ABORT	14988	968689	127075	73916	557172	370166	35453	4	157	244	6548	0	2	5	21	0.08	
0.50	0.50	0.99	8	WOUND_WAIT	0	162533.04	COMMIT	82735	2782022	1109427	837702	2654262	88552	ABORT	22714	1211723	443449	293538	161443	980075	61920	6	337	557	1116	0	5	7	9	0.22	
0.50	0.50	0.99	12	WOUND_WAIT	0	151052.32	COMMIT	50657	2382949	1010161	859097	2297219	60942	ABORT	22981	1611987	562840	419248	315486	1224171	64141	7	535	1098	1822	0	7	9	11	0.31	
0.50	0.50	0.99	16	WOUND_WAIT	0	141699.49	COMMIT	35824	2146290	948113	835860	2081813	45302	ABORT	21531	1849813	618487	474839	470983	1311684	59809	7	780	1636	2470	0	8	10	12	0.38	
0.50	0.50	0.99	20	WOUND_WAIT	0	131670.25	COMMIT	26806	1948172	894355	781854	1899022	36233	ABORT	19704	2047792	650501	509718	625619	1360094	55921	9	1135	2098	2959	0	9	11	13	0.43	
0.50	0.50	0.99	24	WOUND_WAIT	0	126102.16	COMMIT	21362	1829892	855953	757067	1789334	29555	ABORT	18058	2166314	662807	529893	730882	1378268	51235	10	1490	2469	3396	0	10	12	14	0.46	
0.50	0.50	0.99	28	WOUND_WAIT	0	119977.09	COMMIT	17711	1774294	831942	763265	1739855	25293	ABORT	16600	2221694	677725	528042	797219	1371649	46900	13	1775	2793	3815	0	10	13	15	0.49	
0.50	0.50	0.99	32	WOUND_WAIT	0	115852.32	COMMIT	14955	1670300	789680	727717	1640570	22269	ABORT	15643	2325989	670020	546736	902440	1374609	44102	17	2085	3151	4202	0	11	14	16	0.52	
0.50	0.50	0.99	36	WOUND_WAIT	0	113232.56	COMMIT	12934	1629824	786637	710006	1603548	19659	ABORT	14284	2366541	673344	581688	919508	1401527	41129	22	2338	3436	4496	0	11	14	17	0.54	
0.50	0.50	0.99	1	DLOCK	0	126426.64	COMMIT	503217	3971736	316808	0	3204120	612018	ABORT	0	0	0	0	0	0	0	3	50	55	61	0	0	0	0	0.00	
0.50	0.50	0.99	4	DLOCK	0	175880.26	COMMIT	199293	2568795	337757	578818	1967262	529388	ABORT	17562	1417612	36927	152691	913396	430675	66477	4	138	257	10126	0	2	5	32	0.10	
0.50	0.50	0.99	8	DLOCK	0	212118.63	COMMIT	116069	2490557	273189	1186234	2024618	413860	ABORT	34482	1500439	71380	630232	274369	1088252	125258	5	252	361	5194	0	4	6	19	0.24	
0.50	0.50	0.99	12	DLOCK	0	213419.49	COMMIT	71582	2152410	188505	1322717	1833817	285297	ABORT	36328	1838104	75672	945691	308885	1385377	130974	6	380	538	769	0	6	8	8	0.33	
0.50	0.50	0.99	16	DLOCK	0	207407.80	COMMIT	52104	1882419	139144	1274732	1642546	211765	ABORT	34058	2111765	67845	1089531	499309	1481294	119491	6	528	827	1234	0	7	8	9	0.39	
0.50	0.50	0.99	20	DLOCK	0	201912.22	COMMIT	40504	1704978	109097	1235883	1519052	166379	ABORT	31339	2290170	65200	1151906	670832	1498140	111874	6	710	1170	1482	0	8	9	10	0.43	
0.50	0.50	0.99	24	DLOCK	0	195732.69	COMMIT	32963	1577812	89037	1193504	1424509	136629	ABORT	28617	2417670	66692	1178855	806309	1493102	109327	6	904	1407	1741	0	9	10	11	0.46	
0.50	0.50	0.99	28	DLOCK	0	191371.19	COMMIT	28029	1500035	78370	1172706	1367434	119079	ABORT	25957	2495424	62102	1200927	912411	1474683	100710	6	1153	1592	1950	0	9	10	11	0.48	
0.50	0.50	0.99	32	DLOCK	0	188812.40	COMMIT	24202	1428169	72770	1140762	1307574	108758	ABORT	23966	2567036	58411	1235605	977531	1488309	94216	6	1333	1775	2105	0	9	11	12	0.50	
0.50	0.50	0.99	36	DLOCK	0	185505.80	COMMIT	21089	1394285	66500	1138637	1285313	98281	ABORT	21980	2599566	59310	1202429	1066464	1433172	92428	6	1496	1958	2311	0	10	11	12	0.52	
0.50	0.50	0.99	1	HLOCK	0	113972.68	COMMIT	452229	3974837	0	125635	2980038	857260	ABORT	0	0	0	0	0	0	0	3	57	62	69	0	0	0	0	0.00	
0.50	0.50	0.99	4	HLOCK	0	189962.07	COMMIT	199573	2574463	323942	159820	1506184	991724	ABORT	22187	1413033	114884	17956	668648	551651	184491	5	130	403	6757	0	2	6	20	0.10	
0.50	0.50	0.99	8	HLOCK	0	250614.40	COMMIT	132212	2094761	334844	268666	1043249	993755	ABORT	45024	1895086	193905	150723	537866	906401	433561	6	203	592	4878	0	4	6	16	0.25	
0.50	0.50	0.99	12	HLOCK	0	275339.01	COMMIT	89499	1651542	290688	297723	731911	878493	ABORT	65872	2339267	220857	385596	424763	1162831	728552	7	288	413	567	0	6	7	8	0.40	
0.50	0.50	0.99	16	HLOCK	0	263163.91	COMMIT	63106	1230059	223662	240351	514957	683880	ABORT	67776	2761678	186425	501519	794449	1120281	824309	8	441	691	942	0	7	8	9	0.49	
0.50	0.50	0.99	20	HLOCK	0	250231.43	COMMIT	47176	926435	171139	190596	374831	527812	ABORT	63335	3065334	158340	521518	1235635	994126	812009	8	662	1087	1402	0	8	9	10	0.55	
0.50	0.50	0.99	24	HLOCK	0	238324.80	COMMIT	37633	755953	146877	156179	300534	438412	ABORT	56169	3236768	137042	499694	1581608	879583	759453	8	920	1396	1698	0	9	10	11	0.58	
0.50	0.50	0.99	28	HLOCK	0	229200.85	COMMIT	31209	627913	126162	131099	244985	368497	ABORT	50464	3365481	120667	493258	1850577	774147	726095	8	1226	1620	1977	0	9	10	11	0.60	
0.50	0.50	0.99	32	HLOCK	0	223035.20	COMMIT	26898	544021	110077	111816	213271	318579	ABORT	46391	3448910	106500	469056	2054784	703178	677506	9	1425	1884	2207	0	10	11	12	0.61	
0.50	0.50	0.99	36	HLOCK	0	211192.16	COMMIT	22677	476404	98703	105306	179313	286723	ABORT	40672	3517171	98461	470188	2220190	619508	665750	9	1650	2104	2423	0	10	12	13	0.63	
0.50	0.50	0.99	1	SILO	0	109126.50	COMMIT	434658	3976431	542178	0	3466889	391476	ABORT	0	0	0	0	0	0	0	3	59	63	69	0	0	0	0	0.00	
0.50	0.50	0.99	4	SILO	0	130449.85	COMMIT	139806	1175747	174277	0	960885	180289	ABORT	26634	2814672	155842	0	1702529	1045790	59836	5	228	1763	6662	0	4	10	17	0.16	
0.50	0.50	0.99	8	SILO	0	182881.16	COMMIT	95789	777407	115093	0	624294	128728	ABORT	34750	3214521	174592	0	1909009	1230822	66241	5	577	4649	9407	0	8	18	29	0.27	
0.50	0.50	0.99	12	SILO	0	194967.20	COMMIT	72167	580693	85427	0	464235	97845	ABORT	31190	3412405	147423	0	2286928	1060845	56728	5	1343	6687	12629	0	10	23	38	0.31	
0.50	0.50	0.99	16	SILO	0	202485.51	COMMIT	55593	450143	65941	0	357657	76696	ABORT	27787	3543528	127406	0	2557798	927807	50404	5	2058	8372	15521	0	11	27	44	0.34	
0.50	0.50	0.99	20	SILO	0	207896.33	COMMIT	44929	365302	53982	0	289908	62962	ABORT	25084	3627914	112902	0	2751586	827236	41611	5	2685	9915	18913	0	13	31	52	0.37	
0.50	0.50	0.99	24	SILO	0	212441.40	COMMIT	40444	331947	49279	0	263082	57777	ABORT	24039	3662115	108641	0	2819807	794552	40360	5	3266	11355	20590	0	14	34	57	0.39	
0.50	0.50	0.99	28	SILO	0	215677.32	COMMIT	30519	254134	37296	0	201697	43657	ABORT	21295	3739883	93519	0	2998933	700958	33112	5	3814	12670	24073	0	16	37	66	0.41	
0.50	0.50	0.99	32	SILO	0	221268.30	COMMIT	29874	242536	36107	0	191480	42925	ABORT	21308	3751244	92283	0	3028757	682799	33211	5	4268	13952	26792	0	17	41	72	0.43	
0.50	0.50	0.99	36	SILO	0	223661.37	COMMIT	26804	220296	32928	0	173310	38886	ABORT	20473	3772007	88392	0	3077366	655635	32121	5	4711	15480	28576	0	18	44	78	0.44	
0.50	0.50	0.99	1	MOCC	0	106662.87	COMMIT	425793	3976902	659517	0	3320366	536022	ABORT	0	0	0	0	0	0	0	3	61	66	72	0	0	0	0	0.00	
0.50	0.50	0.99	4	MOCC	0	128217.80	COMMIT	117686	991307	169080	0	755188	201776	ABORT	26227	3000351	185949	0	1946784	966292	80446	5	229	1873	6217	0	4	10	17	0.17	
0.50	0.50	0.99	8	MOCC	0	175580.45	COMMIT	94759	783715	135222	0	585817	170569	ABORT	34667	3208008	220161	0	1946372	1153370	99740	5	601	5134	9776	0	8	19	29	0.28	
0.50	0.50	0.99	12	MOCC	0	184265.54	COMMIT	66501	555561	96607	0	411974	123476	ABORT	29909	3438268	181017	0	2391247	957666	81598	5	1446	7120	13966	0	10	24	40	0.32	
0.50	0.50	0.99	16	MOCC	0	190577.41	COMMIT	53095	448591	77800	0	330476	101283	ABORT	27279	3545171	162277	0	2601686	860172	75716	5	2238	8658	16579	0	12	28	47	0.35	
0.50	0.50	0.99	20	MOCC	0	195387.35	COMMIT	42757	361346	62329	0	266114	81895	ABORT	24915	3632018	144797	0	2786086	770510	67968	5	2882	10663	20242	0	14	33	56	0.38	
0.50	0.50	0.99	24	MOCC	0	198886.22	COMMIT	35708	303609	51990	0	223013	69773	ABORT	23064	3690685	130592	0	2911690	710176	62312	5	3529	11956	22631	0	15	36	62	0.40	
0.50	0.50	0.99	28	MOCC	0	203003.40	COMMIT	34804	296452	51728	0	217417	68181	ABORT	22987	3697626	131011	0	2926653	702631	61653	5	4036	13548	25479	0	16	40	70	0.42	
0.50	0.50	0.99	32	MOCC	0	205575.35	COMMIT	29070	246689	42340	0	180327	57101	ABORT	21178	3747733	117302	0	3046282	639582	56017	5	4600	15064	28949	0	18	44	79	0.44	
0.50	0.50	0.99	36	MOCC	0	208906.27	COMMIT	26758	227718	39015	0	166489	52851	ABORT	20554	3767196	113248	0	3089110	620629	51979	5	5076	16578	32248	0	19	47	87	0.46	
long tx size = 128
0.50	0.50	0.99	1	NO_WAIT	0	82060.76	COMMIT	326265	3982236	0	0	3585477	306468	ABORT	0	0	0	0	0	0	0	3	96	103	116	0	0	0	0	0.00	
0.50	0.50	0.99	4	NO_WAIT	0	70922.57	COMMIT	73800	1016096	0	0	938628	60199	ABORT	37317	2977883	0	0	2801493	142307	26294	4	1266	4795	8451	0	10	19	29	0.35	
0.50	0.50	0.99	8	NO_WAIT	0	72502.85	COMMIT	39043	538325	0	0	495694	33148	ABORT	35517	3457103	0	0	3295128	130830	23967	4	2796	7893	13550	0	14	27	42	0.49	
0.50	0.50	0.99	12	NO_WAIT	0	72586.74	COMMIT	25523	354397	0	0	325913	22590	ABORT	31593	3641992	0	0	3500759	114095	21050	4	4113	10264	16806	0	18	33	51	0.56	
0.50	0.50	0.99	16	NO_WAIT	0	72731.59	COMMIT	18919	265499	0	0	242343	17877	ABORT	28272	3729852	0	0	3594199	108430	20076	4	5337	12676	20460	0	21	39	58	0.61	
0.50	0.50	0.99	20	NO_WAIT	0	72272.15	COMMIT	13856	195115	0	0	177712	13835	ABORT	25453	3801616	0	0	3681434	97123	17951	4	6431	14975	23965	0	24	46	70	0.65	
0.50	0.50	0.99	24	NO_WAIT	0	72330.78	COMMIT	11841	166029	0	0	150830	12072	ABORT	24309	3830642	0	0	3713637	94431	17432	4	7621	17386	27537	0	27	52	82	0.67	
0.50	0.50	0.99	28	NO_WAIT	0	72485.47	COMMIT	11030	153035	0	0	138786	11290	ABORT	23705	3843654	0	0	3732116	89758	16754	4	8732	19467	31669	0	30	58	90	0.69	
0.50	0.50	0.99	32	NO_WAIT	0	72352.09	COMMIT	9007	126004	0	0	114093	9392	ABORT	21839	3870187	0	0	3765885	83542	15588	5	9717	21883	35041	0	33	65	100	0.71	
0.50	0.50	0.99	36	NO_WAIT	0	71385.69	COMMIT	7938	113107	0	0	102690	8243	ABORT	21143	3884004	0	0	3783709	80850	14977	5	11089	25394	39270	0	36	73	112	0.73	
0.50	0.50	0.99	1	WAIT_DIE	0	81531.24	COMMIT	324315	3982263	0	0	3614064	264086	ABORT	0	0	0	0	0	0	0	3	96	103	115	0	0	0	0	0.00	
0.50	0.50	0.99	4	WAIT_DIE	0	74674.25	COMMIT	75917	1414176	203868	127834	1311203	69806	ABORT	77250	2577417	22011	11490	2217861	293148	47334	4	622	1068	1326	0	8	9	10	0.51	
0.50	0.50	0.99	8	WAIT_DIE	0	74583.50	COMMIT	37629	810532	171516	110169	755628	38099	ABORT	61602	3182060	42037	28156	2838286	288703	39736	5	1298	1824	2166	0	10	11	12	0.62	
0.50	0.50	0.99	12	WAIT_DIE	0	73121.27	COMMIT	24446	551518	127601	84879	515566	25660	ABORT	49310	3444010	54593	31170	3135382	264240	32495	5	1862	2433	2805	0	11	13	15	0.67	
0.50	0.50	0.99	16	WAIT_DIE	0	72104.47	COMMIT	18251	423854	97381	71051	395663	19774	ABORT	41315	3570698	55995	35418	3289819	242361	27921	5	2395	3032	3469	0	13	15	16	0.70	
0.50	0.50	0.99	20	WAIT_DIE	0	69972.66	COMMIT	14445	351859	87181	63790	329590	16100	ABORT	36078	3643793	63557	38412	3368700	240493	25544	5	2939	3619	4170	0	14	16	18	0.72	
0.50	0.50	0.99	24	WAIT_DIE	0	69725.82	COMMIT	11733	290515	71228	56708	272044	13285	ABORT	32636	3705280	62018	42069	3446532	227512	22844	5	3405	4095	4565	0	15	18	20	0.74	
0.50	0.50	0.99	28	WAIT_DIE	0	68825.59	COMMIT	10104	246501	58370	50653	230542	11403	ABORT	29858	3748800	57952	41307	3505072	213897	21515	5	3934	4715	5314	0	17	19	22	0.75	
0.50	0.50	0.99	32	WAIT_DIE	0	67994.34	COMMIT	8719	219864	54804	44397	205905	10161	ABORT	27825	3775943	56350	39035	3548540	200220	19795	5	4429	5193	5853	0	18	21	23	0.76	
0.50	0.50	0.99	36	WAIT_DIE	0	67036.58	COMMIT	7696	203652	53415	42479	191058	9160	ABORT	25857	3792010	53413	39322	3571732	194532	19176	5	4996	5811	6431	0	19	23	25	0.78	
0.50	0.50	0.99	1	WOUND_WAIT	0	83613.54	COMMIT	332671	3981868	0	0	3614539	267954	ABORT	0	0	0	0	0	0	0	3	94	101	112	0	0	0	0	0.00	
0.50	0.50	0.99	4	WOUND_WAIT	0	84271.91	COMMIT	85763	3283906	1237452	754407	3148845	93383	ABORT	12189	710533	309103	172146	54085	618954	32414	5	354	509	761	0	3	6	8	0.13	
0.50	0.50	0.99	8	WOUND_WAIT	0	78354.15	COMMIT	39779	2520260	1078368	846247	2448689	52689	ABORT	15735	1476527	599754	404864	237118	1188518	45629	6	757	1388	2036	0	7	9	11	0.29	
0.50	0.50	0.99	12	WOUND_WAIT	0	71670.87	COMMIT	24057	2026647	923591	748182	1980875	34344	ABORT	15777	1970270	723192	508099	505616	1414076	45555	7	1350	2255	3083	0	9	11	13	0.40	
0.50	0.50	0.99	16	WOUND_WAIT	0	65844.16	COMMIT	16511	1660358	744581	674160	1626280	25101	ABORT	15080	2337347	740574	542839	825294	1461965	45328	7	2116	3094	4120	0	11	13	15	0.48	
0.50	0.50	0.99	20	WOUND_WAIT	0	60808.12	COMMIT	12425	1492239	686626	626301	1466450	19721	ABORT	13871	2505501	736909	557650	997581	1461391	42331	8	2746	3806	4808	0	12	15	17	0.53	
0.50	0.50	0.99	24	WOUND_WAIT	0	58489.27	COMMIT	10018	1415848	653912	618588	1394114	16587	ABORT	12414	2581710	711192	539404	1144328	1396546	37117	9	3396	4647	5873	0	13	17	19	0.56	
0.50	0.50	0.99	28	WOUND_WAIT	0	56798.55	COMMIT	8238	1322134	605873	598627	1303971	13883	ABORT	11724	2675070	699366	559081	1241301	1394920	35049	10	3896	5192	6300	0	14	18	21	0.59	
0.50	0.50	0.99	32	WOUND_WAIT	0	55027.17	COMMIT	6955	1296807	619305	576552	1281222	11986	ABORT	10824	2699919	709157	567673	1263837	1400679	32053	11	4489	5896	6994	0	16	20	23	0.61	
0.50	0.50	0.99	36	WOUND_WAIT	0	53398.49	COMMIT	5956	1213910	593416	532970	1200304	10541	ABORT	10202	2783422	674090	613851	1341843	1407520	30989	14	5087	6538	7933	0	17	21	24	0.63	
0.50	0.50	0.99	1	DLOCK	0	80840.40	COMMIT	321854	3981972	314948	0	3289403	589747	ABORT	0	0	0	0	0	0	0	3	97	104	116	0	0	0	0	0.00	
0.50	0.50	0.99	4	DLOCK	0	94509.43	COMMIT	95151	2979212	482167	1155392	2298799	634524	ABORT	16551	1014164	75469	531241	47363	851833	108440	5	326	420	480	0	3	5	6	0.15	
0.50	0.50	0.99	8	DLOCK	0	96659.28	COMMIT	48060	2176084	253357	1252747	1814579	338844	ABORT	23109	1819420	85050	1082372	217592	1467593	126515	6	607	846	1129	0	6	8	9	0.32	
0.50	0.50	0.99	12	DLOCK	0	92088.47	COMMIT	30678	1669011	149648	1108718	1446884	207586	ABORT	23187	2326207	81520	1322895	510640	1685398	122475	6	989	1520	1865	0	8	9	10	0.43	
0.50	0.50	0.99	16	DLOCK	0	87952.42	COMMIT	22216	1386666	101505	992215	1230253	144386	ABORT	20728	2609992	70574	1393380	790692	1705157	107496	6	1508	2015	2362	0	9	11	12	0.48	
0.50	0.50	0.99	20	DLOCK	0	85501.73	COMMIT	17188	1226348	76008	927237	1108388	109648	ABORT	18501	2770654	63924	1399791	997235	1671549	96624	6	1898	2429	2818	0	10	12	13	0.52	
0.50	0.50	0.99	24	DLOCK	0	83206.80	COMMIT	13904	1148543	61024	904132	1052251	89234	ABORT	16762	2848735	54794	1367566	1151242	1608182	84478	6	2276	2825	3236	0	11	13	14	0.55	
0.50	0.50	0.99	28	DLOCK	0	82577.86	COMMIT	11906	1091295	53783	881927	1007353	77900	ABORT	15561	2905914	53789	1364753	1241352	1579719	80222	6	2582	3130	3504	0	12	14	15	0.57	
0.50	0.50	0.99	32	DLOCK	0	81788.20	COMMIT	10452	1058815	48232	875472	983874	69772	ABORT	14528	2937934	53128	1380756	1277341	1578258	78041	6	2888	3447	3852	0	13	15	16	0.58	
0.50	0.50	0.99	36	DLOCK	0	81542.22	COMMIT	9096	1028829	43779	866726	961409	62720	ABORT	13715	2967219	54794	1368925	1331713	1552384	78197	6	3166	3762	4230	0	13	15	17	0.60	
0.50	0.50	0.99	1	HLOCK	0	71142.87	COMMIT	282398	3984847	0	123221	2975899	918378	ABORT	0	0	0	0	0	0	0	3	113	121	134	0	0	0	0	0.00	
0.50	0.50	0.99	4	HLOCK	0	108645.75	COMMIT	121924	2714662	543381	204958	1402853	1258512	ABORT	18546	1277497	222232	33602	61155	879957	328528	5	264	319	3261	0	2	3	13	0.14	
0.50	0.50	0.99	8	HLOCK	0	130071.91	COMMIT	64228	1798852	416587	285090	766665	1002742	ABORT	35554	2195138	335908	235951	192350	1305757	684423	7	436	573	713	0	5	7	8	0.34	
0.50	0.50	0.99	12	HLOCK	0	126398.66	COMMIT	40948	1196249	278279	222370	475728	702062	ABORT	41310	2798686	306781	388366	623273	1341800	820795	8	746	1121	1556	0	7	9	10	0.48	
0.50	0.50	0.99	16	HLOCK	0	123207.74	COMMIT	28960	864473	205059	161070	336755	513222	ABORT	39030	3130445	261656	382974	1184520	1177409	756266	8	1214	1728	2076	0	9	10	11	0.55	
0.50	0.50	0.99	20	HLOCK	0	119111.48	COMMIT	22834	680715	162642	127775	263039	407320	ABORT	35134	3314414	224565	361554	1578384	1033582	692124	8	1686	2182	2498	0	10	11	12	0.59	
0.50	0.50	0.99	24	HLOCK	0	116309.30	COMMIT	18612	560731	132219	107058	215893	336411	ABORT	31654	3434604	190006	350045	1870758	917191	637267	9	2065	2555	2904	0	11	12	13	0.61	
0.50	0.50	0.99	28	HLOCK	0	114718.45	COMMIT	15718	485143	121118	87581	185662	292290	ABORT	29279	3509563	171820	331551	2066933	840119	593976	9	2405	2904	3256	0	12	13	14	0.63	
0.50	0.50	0.99	32	HLOCK	0	111551.24	COMMIT	13401	419699	103956	77605	159597	254034	ABORT	26715	3575524	153668	313955	2255778	759779	551900	9	2735	3231	3592	0	12	14	15	0.65	
0.50	0.50	0.99	36	HLOCK	0	110415.58	COMMIT	11871	374499	91947	70838	141894	227151	ABORT	25214	3621245	134707	310570	2383568	706887	523561	10	3035	3554	3916	0	13	15	16	0.66	
0.50	0.50	0.99	1	SILO	0	68469.07	COMMIT	272417	3985281	538367	0	3474955	436294	ABORT	0	0	0	0	0	0	0	3	116	124	137	0	0	0	0	0.00	
0.50	0.50	0.99	4	SILO	0	85736.54	COMMIT	92283	1034915	143244	0	820902	190401	ABORT	27135	2957686	286484	0	808922	1990371	151452	5	561	3356	7365	0	6	13	22	0.23	
0.50	0.50	0.99	8	SILO	0	93803.42	COMMIT	50072	554033	77806	0	437540	103937	ABORT	23174	3441191	211310	0	1804603	1519648	111466	5	1919	7130	12853	0	10	22	34	0.32	
0.50	0.50	0.99	12	SILO	0	97041.82	COMMIT	37019	411285	57787	0	324355	77451	ABORT	20925	3584629	180899	0	2157469	1327039	94463	5	3327	10179	16967	0	14	29	45	0.38	
0.50	0.50	0.99	16	SILO	0	98183.50	COMMIT	27148	309469	42983	0	241077	60654	ABORT	19051	3686631	157667	0	2403931	1177108	100474	5	4564	12126	20062	0	16	34	52	0.42	
0.50	0.50	0.99	20	SILO	0	101134.34	COMMIT	22183	251811	35532	0	197499	48097	ABORT	17672	3744139	143748	0	2591178	1075658	72295	5	5627	14746	25197	0	19	40	64	0.45	
0.50	0.50	0.99	24	SILO	0	102454.92	COMMIT	19058	218761	30953	0	171470	41979	ABORT	16760	3777016	134716	0	2690057	1015599	66307	5	6600	17277	28886	0	21	46	74	0.48	
0.50	0.50	0.99	28	SILO	0	103318.24	COMMIT	16510	191833	27173	0	150132	36985	ABORT	16032	3804232	127650	0	2769640	967482	62329	5	7654	18944	32843	0	24	50	81	0.51	
0.50	0.50	0.99	32	SILO	0	104088.09	COMMIT	13379	158247	22115	0	123616	30690	ABORT	15039	3837477	118716	0	2860288	915882	56798	5	8518	22087	37937	0	25	57	96	0.53	
0.50	0.50	0.99	36	SILO	0	104161.67	COMMIT	12373	146808	20706	0	114342	28458	ABORT	14555	3847335	116222	0	2897789	888231	56247	5	9562	24491	42466	0	28	63	104	0.55	
0.50	0.50	0.99	1	MOCC	0	65049.53	COMMIT	259453	3985924	676757	0	3292139	619849	ABORT	0	0	0	0	0	0	0	4	123	131	144	0	0	0	0	0.00	
0.50	0.50	0.99	4	MOCC	0	83304.95	COMMIT	91899	1059187	175222	0	758324	273287	ABORT	27063	2934032	361617	0	868397	1863968	194730	5	551	3936	7944	0	6	15	24	0.24	
0.50	0.50	0.99	8	MOCC	0	87584.60	COMMIT	48972	572070	94869	0	404778	152559	ABORT	22669	3423670	268230	0	1848754	1401042	168472	5	2145	8236	15109	0	11	25	41	0.33	
0.50	0.50	0.99	12	MOCC	0	90872.47	COMMIT	32934	386881	65576	0	274653	101900	ABORT	19773	3609691	224117	0	2313775	1166768	124260	5	3655	11274	19680	0	14	32	51	0.39	
0.50	0.50	0.99	16	MOCC	0	92063.08	COMMIT	24006	288473	48990	0	204019	76558	ABORT	17946	3707982	198721	0	2545623	1044732	112669	5	4980	14069	24231	0	17	39	61	0.43	
0.50	0.50	0.99	20	MOCC	0	92981.59	COMMIT	19710	238411	39842	0	167609	64507	ABORT	16799	3758385	181581	0	2689963	953155	111039	5	6092	17049	29720	0	20	46	76	0.47	
0.50	0.50	0.99	24	MOCC	0	93834.16	COMMIT	16234	198212	33166	0	139164	53827	ABORT	15900	3799042	169047	0	2798600	893889	102486	5	7321	18743	32731	0	23	49	81	0.50	
0.50	0.50	0.99	28	MOCC	0	95394.35	COMMIT	15464	189144	31761	0	132649	51627	ABORT	15784	3807645	167759	0	2820981	881320	101466	5	8291	21498	36223	0	25	56	91	0.52	
0.50	0.50	0.99	32	MOCC	0	95603.00	COMMIT	12672	157397	26447	0	109984	43171	ABORT	14930	3839397	157882	0	2905489	835136	94724	5	9351	24034	42158	0	28	62	103	0.55	
0.50	0.50	0.99	36	MOCC	0	97648.80	COMMIT	11999	146391	24507	0	102946	39474	ABORT	14464	3850237	150816	0	2960048	804016	82432	5	10220	27173	51121	0	30	69	126	0.56	
