Rd	Wt	Zip	T	CC	TP	P50	P90	P99	P999	Abt
0.00	1.00	0.10	1	OLOCK	0	289604.83	3	4	4	4	5	0	0	0	0	0	0.00	0.00
0.00	1.00	0.10	4	OLOCK	0	772807.51	5	5	6	6	9	0	0	0	0	0	0.00	0.00
0.00	1.00	0.10	8	OLOCK	0	1541814.76	5	6	6	6	10	0	0	0	0	0	0.00	0.00
0.00	1.00	0.10	12	OLOCK	0	2223325.19	5	6	6	6	11	0	0	0	0	0	0.00	0.00
0.00	1.00	0.10	16	OLOCK	0	2893390.36	5	6	6	6	13	0	0	0	0	0	0.00	0.00
0.00	1.00	0.10	20	OLOCK	0	3096314.12	6	7	7	8	13	0	0	0	0	0	0.00	0.00
0.00	1.00	0.10	24	OLOCK	0	3368817.86	7	8	8	9	13	0	0	0	0	0	0.00	0.00
0.00	1.00	0.10	28	OLOCK	0	3765089.90	7	8	9	9	15	0	0	0	0	0	0.00	0.00
0.00	1.00	0.10	32	OLOCK	0	4054571.00	7	9	9	10	14	0	0	0	0	0	0.00	0.00
0.00	1.00	0.10	36	OLOCK	0	4549965.08	7	9	9	10	15	0	0	0	0	0	0.00	0.00
0.00	1.00	0.10	40	OLOCK	0	4971741.01	8	9	9	10	15	0	0	0	0	0	0.00	0.00
0.00	1.00	0.10	44	OLOCK	0	5329481.27	8	9	10	11	16	0	0	0	0	0	0.00	0.00
0.00	1.00	0.10	48	OLOCK	0	5702712.09	8	10	10	12	16	0	0	0	0	0	0.00	0.00
0.00	1.00	0.10	52	OLOCK	0	6105259.36	8	10	11	12	18	0	0	0	0	0	0.00	0.00
0.00	1.00	0.10	56	OLOCK	0	6380936.44	8	11	11	13	16	0	0	0	0	0	0.00	0.00
0.00	1.00	0.10	60	OLOCK	0	6820691.64	8	11	12	13	16	0	0	0	0	0	0.00	0.00
0.00	1.00	0.10	64	OLOCK	0	6995739.09	8	12	12	14	17	0	0	0	0	0	0.00	0.00
0.00	1.00	0.90	1	OLOCK	0	591227.75	1	1	1	1	4	0	0	0	0	0	0.00	0.00
0.00	1.00	0.90	4	OLOCK	0	1225390.58	3	4	5	7	88	0	0	0	0	1	0.00	0.00
0.00	1.00	0.90	8	OLOCK	0	1986340.23	3	6	9	78	155	0	0	0	1	2	0.03	0.03
0.00	1.00	0.90	12	OLOCK	0	2169226.17	3	11	31	117	433	0	0	0	1	5	0.07	0.05
0.00	1.00	0.90	16	OLOCK	0	2057839.53	4	22	54	124	1189	0	0	1	1	6	0.09	0.06
0.00	1.00	0.90	20	OLOCK	0	1495298.31	4	36	74	154	779	0	0	1	1	5	0.10	0.06
Rd	Wt	Zip	T	CC	TP	P50	P90	P99	P999	Abt
0.00	1.00	0.90	24	OLOCK	0	