Rd	Wt	Zip	T	CC	TP	P50	P90	P99	P999	Abt
0.50	0.50	0.90	4	WOUND_WAIT	0	979796.00	3	5	5	7	66	|	0	0	0	0	1	|	1014
0.50	0.50	0.90	8	WOUND_WAIT	0	1679700.01	4	6	8	28	102	|	0	0	0	1	1	|	9547
0.50	0.50	0.90	12	WOUND_WAIT	0	2041606.50	4	11	15	75	112	|	0	0	0	1	1	|	29700
0.50	0.50	0.90	16	WOUND_WAIT	0	1995608.72	5	19	26	96	130	|	0	0	0	1	2	|	63725
0.50	0.50	0.90	20	WOUND_WAIT	0	1481148.35	6	38	54	124	183	|	0	0	1	1	2	|	113284
0.50	0.50	0.90	24	WOUND_WAIT	0	1273714.18	7	58	83	151	230	|	0	0	1	1	2	|	174945
0.50	0.50	0.90	28	WOUND_WAIT	0	1169466.83	7	78	109	180	272	|	0	0	1	1	2	|	251902
0.50	0.50	0.90	32	WOUND_WAIT	0	1108875.25	8	98	132	211	312	|	0	0	1	2	3	|	341460
0.50	0.50	0.90	36	WOUND_WAIT	0	996506.73	11	126	164	256	375	|	0	1	1	2	3	|	440041
0.50	0.50	0.90	40	WOUND_WAIT	0	919353.52	14	153	195	302	438	|	0	1	1	2	3	|	548874
0.50	0.50	0.90	44	WOUND_WAIT	0	870150.65	17	180	228	348	505	|	0	1	1	2	3	|	670665
0.50	0.50	0.90	48	WOUND_WAIT	0	835559.32	21	207	261	395	569	|	0	1	1	2	3	|	803335
0.50	0.50	0.90	52	WOUND_WAIT	0	769688.45	28	245	306	461	661	|	0	1	1	2	3	|	942812
0.50	0.50	0.90	56	WOUND_WAIT	0	734040.98	33	279	347	519	738	|	0	1	1	2	4	|	1096916
0.50	0.50	0.90	60	WOUND_WAIT	0	705081.76	40	313	388	577	820	|	0	1	1	2	4	|	1253593
0.50	0.50	0.90	64	WOUND_WAIT	0	678453.77	47	350	432	641	902	|	0	1	1	3	4	|	1435443
