bimodal, w/o log (stored procedure)
Rd	Wt	Zip	T	CC	TP	P50	P90	P99	P999	Abt
0.50	0.50	0.99	1	DLOCK	0	93267.34	COMMIT	370546	3979618	21796	0	3696698	172941	ABORT	0	0	0	0	0	0	0	10	15	17	27	0	0	0	0	0.00	
0.50	0.50	0.99	2	DLOCK	0	bimodal, w/o log (stored procedure)
Rd	Wt	Zip	T	CC	TP	P50	P90	P99	P999	Abt
0.50	0.50	0.99	1	DLOCK	0	94124.77	COMMIT	374137	3979281	22098	0	3693947	174768	ABORT	0	0	0	0	0	0	0	10	14	17	26	0	0	0	0	0.00	
0.50	0.50	0.99	2	DLOCK	0	228149.90	COMMIT	310665	3661270	19472	0	3361943	192190	ABORT	30239	319327	0	0	60421	227894	20956	12	22	34	62	0	1	2	3	0.03	
0.50	0.50	0.99	5	DLOCK	0	524241.45	COMMIT	241357	2854337	16084	0	2608689	171418	ABORT	80244	1127812	0	0	494498	562246	45923	13	50	230	1387	0	3	6	8	0.07	
0.50	0.50	0.99	9	DLOCK	0	678293.87	COMMIT	173959	2011442	10441	0	1827714	128466	ABORT	97338	1973411	0	0	1211749	669603	59191	14	98	1128	6083	0	5	9	13	0.10	
0.50	0.50	0.99	13	DLOCK	0	780928.58	COMMIT	160285	1905069	9672	0	1721449	133911	ABORT	118258	2079229	0	0	1093068	862637	84037	15	110	1154	3840	0	5	10	16	0.13	
0.50	0.50	0.99	17	DLOCK	0	817048.16	COMMIT	139006	1815479	8446	0	1626985	141800	ABORT	124597	2169476	0	0	1076566	954827	95607	16	136	1150	3212	0	6	10	15	0.17	
0.50	0.50	0.99	21	DLOCK	0	805420.88	COMMIT	124491	1637829	7605	0	1469056	126928	ABORT	127252	2348522	0	0	1140055	1055977	106507	17	162	1114	3699	0	6	10	16	0.20	
0.50	0.50	0.99	25	DLOCK	0	704575.81	COMMIT	123516	1754615	7509	0	1566620	142744	ABORT	127239	2220322	0	0	846190	1198973	126847	17	182	313	838	0	6	7	9	0.23	
0.50	0.50	0.99	29	DLOCK	0	685084.31	COMMIT	98546	1493765	6104	0	1330348	125995	ABORT	132707	2480691	0	0	957694	1333922	137326	23	218	354	537	1	7	8	8	0.26	
0.50	0.50	0.99	33	DLOCK	0	632286.28	COMMIT	89590	1425283	5600	0	1272674	118449	ABORT	122380	2553356	0	0	1022845	1354384	131334	23	281	474	762	1	7	8	9	0.28	
0.50	0.50	0.99	1	SILO	0	89919.28	COMMIT	358687	3980519	0	0	3758250	128145	ABORT	0	0	0	0	0	0	0	10	15	17	29	0	0	0	0	0.00	
0.50	0.50	0.99	2	SILO	0	226121.73	COMMIT	286040	3377296	0	0	3196409	106730	ABORT	41763	604355	0	0	83045	490424	18867	12	26	37	62	0	1	2	3	0.04	
0.50	0.50	0.99	5	SILO	0	511654.70	COMMIT	218293	2251124	0	0	2115715	83020	ABORT	107666	1733233	0	0	512403	1150448	41808	14	57	218	1031	0	3	5	8	0.10	
0.50	0.50	0.99	9	SILO	0	539808.81	COMMIT	168882	1711256	0	0	1606899	64437	ABORT	100174	2273058	0	0	1161968	1045137	38980	15	80	888	4676	0	4	8	13	0.13	
0.50	0.50	0.99	13	SILO	0	603168.42	COMMIT	136025	1352874	0	0	1269560	53035	ABORT	97178	2635431	0	0	1564414	1008225	38261	16	125	2106	8744	0	5	10	19	0.15	
0.50	0.50	0.99	17	SILO	0	681394.03	COMMIT	112314	1113646	0	0	1043597	43690	ABORT	87879	2886300	0	0	1918435	909840	34618	17	160	2937	9320	0	5	12	21	0.17	
0.50	0.50	0.99	21	SILO	0	758674.53	COMMIT	108534	1077370	0	0	1008803	43201	ABORT	89934	2912829	0	0	1926062	927431	35871	17	179	3364	11688	0	6	14	28	0.19	
0.50	0.50	0.99	25	SILO	0	825323.75	COMMIT	101672	990511	0	0	927966	38994	ABORT	85197	3177478	0	0	2265453	857041	32738	16	164	3417	8618	0	6	16	30	0.20	
0.50	0.50	0.99	29	SILO	0	920369.96	COMMIT	102464	984386	0	0	921020	39290	ABORT	91468	3002107	0	0	2033981	908228	35216	17	233	3854	10346	1	7	16	31	0.22	
0.50	0.50	0.99	33	SILO	0	997615.41	COMMIT	100286	951003	0	0	889080	38338	ABORT	91347	3095922	0	0	2139643	896910	34983	17	222	4212	11731	1	7	18	37	0.23	
bimodal, w/o log (stored procedure)
Rd	Wt	Zip	T	CC	TP	P50	P90	P99	P999	Abt
0.50	0.50	0.99	1	DLOCK	0	97226.57	COMMIT	386447	3978561	0	0	3755693	110332	ABORT	0	0	0	0	0	0	0	10	14	16	26	0	0	0	0	0.00	
0.50	0.50	0.99	2	DLOCK	0	234979.99	COMMIT	329381	3495921	0	0	3291215	97723	ABORT	36536	483998	0	0	70644	383417	17178	11	22	31	51	0	1	2	3	0.04	
0.50	0.50	0.99	5	DLOCK	0	562860.13	COMMIT	252542	2468745	0	0	2318758	77551	ABORT	102143	1511347	0	0	372811	1063828	40916	13	44	121	454	0	3	4	6	0.08	
0.50	0.50	0.99	9	DLOCK	0	702471.90	COMMIT	211201	2004276	0	0	1878321	64102	ABORT	116986	1983792	0	0	672432	1226245	44110	14	64	290	2114	0	3	6	9	0.10	
0.50	0.50	0.99	13	DLOCK	0	790906.23	COMMIT	136732	1313101	0	0	1228475	41893	ABORT	92463	2673723	0	0	1584797	1018799	35813	15	82	441	2346	0	4	7	11	0.13	
0.50	0.50	0.99	17	DLOCK	0	829148.26	COMMIT	146328	1482414	0	0	1389635	45831	ABORT	108353	2501229	0	0	1107089	1309878	42063	17	110	883	5491	0	4	8	12	0.17	
0.50	0.50	0.99	21	DLOCK	0	825464.08	COMMIT	130744	1372836	0	0	1286599	42534	ABORT	99984	2713390	0	0	1285169	1347820	39893	18	119	861	3810	0	4	8	11	0.19	
0.50	0.50	0.99	25	DLOCK	0	747753.72	COMMIT	133623	1488962	0	0	1392463	48503	ABORT	95375	2488762	0	0	946730	1458339	41288	18	131	613	4567	0	4	7	11	0.22	
0.50	0.50	0.99	29	DLOCK	0	686656.74	COMMIT	133396	1558851	0	0	1461562	48226	ABORT	92882	2418910	0	0	760728	1575763	40003	18	151	428	3011	0	4	7	10	0.25	
0.50	0.50	0.99	33	DLOCK	0	651966.43	COMMIT	135702	1628852	0	0	1532303	47181	ABORT	90946	2351851	0	0	580264	1694292	38232	17	167	375	2648	0	4	7	9	0.27	
