Rd	Wt	Zip	T	CC	TP	P50	P90	P99	P999	Abt
0.50	0.50	0.80	1	DLOCK	0	19799.51	46	97	116	169	249	0	0	0	0	0	0.00	0.00	
0.50	0.50	0.80	4	DLOCK	0	126309.02	28	58	70	109	196	0	0	0	0	0	0.00	0.00	
0.50	0.50	0.80	8	DLOCK	0	291577.22	24	41	52	78	144	0	0	0	0	1	0.00	0.00	
0.50	0.50	0.80	12	DLOCK	0	473367.06	22	35	42	65	136	0	0	0	0	1	0.00	0.00	
0.50	0.50	0.80	16	DLOCK	0	584623.30	23	38	47	76	164	0	0	0	0	1	0.00	0.00	
0.50	0.50	0.80	20	DLOCK	0	780258.27	22	40	51	96	225	0	0	0	0	1	0.01	0.01	
0.50	0.50	0.80	24	DLOCK	0	896606.11	23	47	62	126	265	0	0	0	0	1	0.01	0.01	
0.50	0.50	0.80	28	DLOCK	0	932091.30	24	55	79	154	305	0	0	0	1	1	0.01	0.01	
0.50	0.50	0.80	32	DLOCK	0	986545.64	24	65	99	192	406	0	0	0	1	2	0.02	0.02	
0.50	0.50	0.80	36	DLOCK	0	943239.86	26	92	142	281	753	0	0	0	1	2	0.02	0.02	
0.50	0.50	0.80	40	DLOCK	0	841718.93	28	126	200	416	1397	0	0	0	1	2	0.03	0.02	
0.50	0.50	0.80	44	DLOCK	0	842247.75	28	150	237	473	1467	0	0	0	1	3	0.03	0.03	
0.50	0.50	0.80	48	DLOCK	0	770338.98	30	195	304	620	1948	0	0	0	1	3	0.04	0.03	
0.50	0.50	0.80	52	DLOCK	0	757405.28	30	228	353	721	2289	0	0	0	1	4	0.05	0.04	
0.50	0.50	0.80	56	DLOCK	0	634624.28	35	308	471	958	2972	0	0	0	2	4	0.06	0.04	
0.50	0.50	0.80	60	DLOCK	0	667604.94	33	329	495	1033	3215	0	0	0	2	5	0.06	0.04	
0.50	0.50	0.80	64	DLOCK	0	472805.31	73	498	753	1541	4743	0	0	0	2	5	0.07	0.05	
0.95	0.05	0.80	1	DLOCK	0	27898.07	30	74	93	142	223	0	0	0	0	0	0.00	0.00	
0.95	0.05	0.80	4	DLOCK	0	176653.11	18	40	53	84	157	0	0	0	0	0	0.00	0.00	
0.95	0.05	0.80	8	DLOCK	0	395769.00	17	27	33	55	114	0	0	0	0	0	0.00	0.00	
0.95	0.05	0.80	12	DLOCK	0	599936.79	17	26	29	51	86	0	0	0	0	0	0.00	0.00	
0.95	0.05	0.80	16	DLOCK	0	800831.72	18	25	28	50	101	0	0	0	0	1	0.00	0.00	
0.95	0.05	0.80	20	DLOCK	0	1092378.57	17	24	28	45	118	0	0	0	0	1	0.00	0.00	
0.95	0.05	0.80	24	DLOCK	0	1304450.71	17	24	30	50	135	0	0	0	0	1	0.01	0.00	
0.95	0.05	0.80	28	DLOCK	0	1540821.46	17	24	35	61	172	0	0	0	0	1	0.01	0.01	
0.95	0.05	0.80	32	DLOCK	0	1764284.25	17	24	39	67	199	0	0	0	0	1	0.01	0.01	
0.95	0.05	0.80	36	DLOCK	0	1834276.59	18	26	45	88	287	0	0	0	0	1	0.01	0.01	
0.95	0.05	0.80	40	DLOCK	0	1870568.82	19	28	50	98	308	0	0	0	1	2	0.02	0.01	
0.95	0.05	0.80	44	DLOCK	0	1927168.68	20	44	55	112	384	0	0	0	1	2	0.02	0.01	
0.95	0.05	0.80	48	DLOCK	0	1965472.35	21	49	59	121	462	0	0	0	1	3	0.03	0.02	
0.95	0.05	0.80	52	DLOCK	0	2068559.32	21	53	63	131	476	0	0	0	1	3	0.03	0.02	
0.95	0.05	0.80	56	DLOCK	0	1911714.65	23	64	79	207	871	0	0	0	1	4	0.04	0.02	
0.95	0.05	0.80	60	DLOCK	0	2136174.57	23	63	77	197	809	0	0	0	1	3	0.03	0.02	
0.95	0.05	0.80	64	DLOCK	0	2380652.59	23	62	75	166	749	0	0	0	1	4	0.04	0.03	
0.50	0.50	0.85	1	DLOCK	0	24008.69	37	83	101	151	231	0	0	0	0	0	0.00	0.00	
0.50	0.50	0.85	4	DLOCK	0	139990.14	25	54	66	104	187	0	0	0	0	1	0.00	0.00	
0.50	0.50	0.85	8	DLOCK	0	305185.88	22	42	55	89	166	0	0	0	0	1	0.01	0.01	
0.50	0.50	0.85	12	DLOCK	0	496016.55	21	36	48	92	172	0	0	0	1	1	0.01	0.01	
0.50	0.50	0.85	16	DLOCK	0	635665.38	21	40	57	117	225	0	0	0	1	2	0.02	0.02	
0.50	0.50	0.85	20	DLOCK	0	691087.99	22	60	91	158	322	0	0	0	1	2	0.03	0.03	
0.50	0.50	0.85	24	DLOCK	0	682595.67	23	96	136	229	508	0	0	0	1	2	0.04	0.04	
0.50	0.50	0.85	28	DLOCK	0	687703.98	24	130	179	306	772	0	0	1	1	2	0.06	0.05	
0.50	0.50	0.85	32	DLOCK	0	657133.65	25	169	232	409	943	0	0	1	2	3	0.07	0.06	
0.50	0.50	0.85	36	DLOCK	0	544196.29	32	245	335	646	2195	0	0	1	2	4	0.08	0.07	
0.50	0.50	0.85	40	DLOCK	0	493254.47	47	309	419	775	1768	0	0	1	2	4	0.10	0.08	
0.50	0.50	0.85	44	DLOCK	0	417324.68	56	414	564	1137	3685	0	0	1	2	4	0.11	0.09	
0.50	0.50	0.85	48	DLOCK	0	338196.26	67	572	771	1499	3957	0	0	1	3	5	0.13	0.10	
0.50	0.50	0.85	52	DLOCK	0	397424.14	63	538	730	1654	3858	0	1	1	3	5	0.13	0.10	
0.50	0.50	0.85	56	DLOCK	0	371315.75	66	624	870	1851	3965	0	1	1	3	5	0.14	0.11	
0.50	0.50	0.85	60	DLOCK	0	361431.88	71	699	968	2220	5108	0	1	1	3	6	0.15	0.12	
0.50	0.50	0.85	64	DLOCK	0	247999.12	115	1103	1531	3202	8340	0	1	1	3	7	0.17	0.12	
0.95	0.05	0.85	1	DLOCK	0	25312.02	36	89	111	163	226	0	0	0	0	0	0.00	0.00	
0.95	0.05	0.85	4	DLOCK	0	197642.16	17	35	47	75	144	0	0	0	0	0	0.00	0.00	
0.95	0.05	0.85	8	DLOCK	0	430123.88	16	25	34	57	118	0	0	0	0	1	0.00	0.00	
0.95	0.05	0.85	12	DLOCK	0	653047.19	16	24	28	53	119	0	0	0	0	1	0.00	0.00	
0.95	0.05	0.85	16	DLOCK	0	924587.75	15	23	26	52	122	0	0	0	0	1	0.01	0.01	
0.95	0.05	0.85	20	DLOCK	0	1201288.30	15	22	27	61	135	0	0	0	1	1	0.01	0.01	
0.95	0.05	0.85	24	DLOCK	0	1416617.40	15	22	33	85	176	0	0	0	1	2	0.02	0.02	
0.95	0.05	0.85	28	DLOCK	0	1665267.80	16	23	38	100	206	0	0	0	1	2	0.03	0.02	
0.95	0.05	0.85	32	DLOCK	0	1910587.45	16	23	42	110	261	0	0	0	1	2	0.04	0.03	
0.95	0.05	0.85	36	DLOCK	0	1981354.71	17	30	50	127	339	0	0	0	1	3	0.05	0.04	
0.95	0.05	0.85	40	DLOCK	0	2072678.89	17	43	61	152	477	0	0	0	1	4	0.06	0.05	
0.95	0.05	0.85	44	DLOCK	0	2086008.22	18	49	74	179	719	0	0	1	2	5	0.08	0.06	
0.95	0.05	0.85	48	DLOCK	0	2127002.93	19	56	91	224	1043	0	0	1	2	7	0.10	0.07	
0.95	0.05	0.85	52	DLOCK	0	2249790.59	20	61	104	257	1139	0	0	1	3	8	0.12	0.08	
0.95	0.05	0.85	56	DLOCK	0	2039739.13	22	80	135	368	1631	0	0	1	3	11	0.16	0.10	
0.95	0.05	0.85	60	DLOCK	0	2270330.24	22	85	141	368	1535	0	1	1	3	9	0.16	0.10	
0.95	0.05	0.85	64	DLOCK	0	2370248.00	22	93	153	399	1787	0	1	1	4	10	0.18	0.11	
0.50	0.50	0.90	1	DLOCK	0	19509.22	49	108	132	188	280	0	0	0	0	0	0.00	0.00	
0.50	0.50	0.90	4	DLOCK	0	144054.07	23	57	72	121	215	0	0	0	0	1	0.01	0.01	
0.50	0.50	0.90	8	DLOCK	0	338263.91	20	43	58	117	197	0	0	0	1	2	0.03	0.03	
0.50	0.50	0.90	12	DLOCK	0	443274.61	21	57	84	152	307	0	0	1	1	2	0.05	0.05	
0.50	0.50	0.90	16	DLOCK	0	532439.55	22	82	115	185	379	0	0	1	1	2	0.08	0.08	
0.50	0.50	0.90	20	DLOCK	0	489287.60	26	136	175	270	459	0	1	1	2	3	0.10	0.10	
0.50	0.50	0.90	24	DLOCK	0	462823.30	31	192	249	405	808	0	1	1	2	3	0.13	0.12	
0.50	0.50	0.90	28	DLOCK	0	425497.16	39	259	336	612	1979	0	1	1	2	4	0.15	0.14	
0.50	0.50	0.90	32	DLOCK	0	426381.54	42	313	406	767	1982	0	1	1	2	4	0.17	0.16	
0.50	0.50	0.90	36	DLOCK	0	351570.11	54	431	561	961	1972	0	1	1	3	4	0.19	0.17	
0.50	0.50	0.90	40	DLOCK	0	308730.85	73	555	739	1465	3154	0	1	2	3	5	0.21	0.18	
0.50	0.50	0.90	44	DLOCK	0	240983.11	105	775	1058	2447	5335	0	1	2	3	6	0.23	0.20	
0.50	0.50	0.90	48	DLOCK	0	207317.15	136	1017	1355	2562	4989	0	1	2	4	6	0.25	0.21	
0.50	0.50	0.90	52	DLOCK	0	193963.63	159	1199	1613	3242	7361	0	1	2	4	6	0.26	0.22	
0.50	0.50	0.90	56	DLOCK	0	160453.32	214	1580	2108	4185	7859	0	1	2	4	7	0.28	0.23	
0.50	0.50	0.90	60	DLOCK	0	155759.37	234	1754	2382	5037	11885	0	1	2	4	7	0.29	0.24	
0.50	0.50	0.90	64	DLOCK	0	140201.15	281	2110	2873	5887	10766	0	2	2	5	8	0.31	0.25	
0.95	0.05	0.90	1	DLOCK	0	43497.92	17	51	67	107	173	0	0	0	0	0	0.00	0.00	
0.95	0.05	0.90	4	DLOCK	0	219106.06	14	35	49	81	165	0	0	0	0	1	0.00	0.00	
0.95	0.05	0.90	8	DLOCK	0	488996.50	14	23	32	59	126	0	0	0	0	1	0.01	0.01	
0.95	0.05	0.90	12	DLOCK	0	782655.10	13	21	26	69	133	0	0	0	1	2	0.02	0.01	
0.95	0.05	0.90	16	DLOCK	0	1048056.15	14	21	25	88	150	0	0	0	1	2	0.03	0.02	
0.95	0.05	0.90	20	DLOCK	0	1327300.22	14	23	38	111	219	0	0	0	1	3	0.05	0.04	
0.95	0.05	0.90	24	DLOCK	0	1582117.47	14	28	56	127	319	0	0	1	1	3	0.07	0.06	
0.95	0.05	0.90	28	DLOCK	0	1797999.74	14	38	80	165	512	0	0	1	2	5	0.10	0.08	
0.95	0.05	0.90	32	DLOCK	0	2029860.26	15	47	97	201	677	0	0	1	2	6	0.12	0.10	
0.95	0.05	0.90	36	DLOCK	0	2090782.59	15	74	119	273	951	0	1	1	3	8	0.18	0.13	
0.95	0.05	0.90	40	DLOCK	0	2085702.02	17	95	146	347	1218	0	1	2	4	9	0.22	0.16	
0.95	0.05	0.90	44	DLOCK	0	2053038.20	18	120	196	464	1651	0	1	2	5	11	0.27	0.19	
0.95	0.05	0.90	48	DLOCK	0	1908566.45	19	156	256	635	2311	0	2	3	6	16	0.33	0.22	
0.95	0.05	0.90	52	DLOCK	0	2293776.99	19	149	243	573	2160	0	2	3	6	13	0.33	0.22	
0.95	0.05	0.90	56	DLOCK	0	1937125.39	21	215	345	820	2670	0	2	4	8	17	0.39	0.26	
0.95	0.05	0.90	60	DLOCK	0	1957695.34	22	239	380	882	2772	0	2	4	8	17	0.41	0.28	
0.95	0.05	0.90	64	DLOCK	0	2230043.29	22	229	360	855	3355	0	2	4	8	18	0.41	0.28	
0.50	0.50	0.99	1	DLOCK	0	37836.87	20	62	76	112	158	0	0	0	0	0	0.00	0.00	
0.50	0.50	0.99	4	DLOCK	0	179537.05	18	55	76	136	216	0	0	0	1	2	0.05	0.05	
0.50	0.50	0.99	8	DLOCK	0	
0.50	0.50	0.99	12	DLOCK	0	342328.12	31	146	182	260	391	0	1	1	2	3	0.22	0.24	
0.50	0.50	0.99	16	DLOCK	0	341269.08	47	205	254	362	594	0	1	2	3	4	0.28	0.30	
0.50	0.50	0.99	20	DLOCK	0	284897.46	81	330	413	622	1100	0	2	2	3	4	0.32	0.34	
0.50	0.50	0.99	24	DLOCK	0	247663.52	120	474	604	994	2046	0	2	2	4	5	0.36	0.37	
0.50	0.50	0.99	28	DLOCK	0	
0.50	0.50	0.99	32	DLOCK	0	206187.27	199	785	1008	1751	3397	0	2	3	4	6	0.42	0.41	
0.50	0.50	0.99	36	DLOCK	0	177903.69	261	1034	1355	2319	5115	0	2	3	5	7	0.44	0.43	
0.50	0.50	0.99	40	DLOCK	0	156826.12	335	1314	1733	2982	5563	0	3	4	5	8	0.46	0.45	
0.50	0.50	0.99	44	DLOCK	0	144606.61	410	1578	2072	3675	6718	0	3	4	6	8	0.48	0.46	
0.50	0.50	0.99	48	DLOCK	0	132723.56	490	1898	2507	4406	7856	0	3	4	6	9	0.50	0.48	
0.50	0.50	0.99	52	DLOCK	0	105340.64	677	2547	3328	5900	10466	0	3	4	7	10	0.52	0.49	
0.50	0.50	0.99	56	DLOCK	0	89984.50	865	3187	4077	6892	11632	1	3	5	7	10	0.53	0.50	
0.50	0.50	0.99	60	DLOCK	0	96537.58	819	3384	4813	8192	12705	1	3	5	8	11	0.54	0.51	
0.50	0.50	0.99	64	DLOCK	0	78988.39	1138	4242	5476	9531	16212	1	4	5	8	12	0.56	0.52	
0.95	0.05	0.99	1	DLOCK	0	74707.14	9	37	46	75	124	0	0	0	0	0	0.00	0.00	
0.95	0.05	0.99	4	DLOCK	0	305242.30	10	24	40	69	132	0	0	0	1	1	0.02	0.01	
0.95	0.05	0.99	8	DLOCK	0	659464.62	10	20	42	106	179	0	0	0	1	2	0.05	0.05	
0.95	0.05	0.99	12	DLOCK	0	996595.22	10	33	75	127	241	0	0	1	2	3	0.10	0.09	
0.95	0.05	0.99	16	DLOCK	0	1329052.02	11	54	95	162	288	0	1	1	2	4	0.15	0.14	
0.95	0.05	0.99	20	DLOCK	0	1623523.74	11	97	132	258	607	0	1	2	4	7	0.25	0.22	
0.95	0.05	0.99	24	DLOCK	0	1828642.27	12	123	188	374	958	0	2	3	5	10	0.34	0.28	
0.95	0.05	0.99	28	DLOCK	0	1964305.30	14	161	240	499	1302	0	2	3	6	12	0.40	0.33	
0.95	0.05	0.99	32	DLOCK	0	1994101.69	15	208	309	641	1779	0	3	4	7	14	0.46	0.38	
0.95	0.05	0.99	36	DLOCK	0	1865819.01	22	262	383	780	2147	0	3	5	8	17	0.51	0.43	
0.95	0.05	0.99	40	DLOCK	0	1717829.15	39	315	460	953	2805	0	4	5	10	19	0.55	0.46	
0.95	0.05	0.99	44	DLOCK	0	1609514.15	50	379	552	1169	3606	0	4	6	11	23	0.58	0.48	
0.95	0.05	0.99	48	DLOCK	0	1551257.51	58	423	611	1259	4026	0	4	6	11	22	0.59	0.50	
0.95	0.05	0.99	52	DLOCK	0	
0.95	0.05	0.99	56	DLOCK	0	1238709.58	105	668	965	2005	5294	1	5	8	15	30	0.66	0.55	
0.95	0.05	0.99	60	DLOCK	0	1346193.74	100	672	963	1998	5920	1	5	8	15	30	0.66	0.54	
0.95	0.05	0.99	64	DLOCK	0	1216317.33	123	825	1192	2484	6980	1	6	9	16	33	0.68	0.57	
Rd	Wt	Zip	T	CC	TP	P50	P90	P99	P999	Abt
0.50	0.50	0.80	1	SILO	0	21202.60	45	79	91	116	151	0	0	0	0	0	0.00	0.00	
0.50	0.50	0.80	4	SILO	0	130669.34	28	54	67	123	178	0	0	0	1	1	0.03	0.03	
0.50	0.50	0.80	8	SILO	0	300559.65	25	46	70	131	177	0	0	1	1	2	0.06	0.06	
0.50	0.50	0.80	12	SILO	0	498884.18	22	46	87	133	193	0	0	1	1	2	0.09	0.09	
0.50	0.50	0.80	16	SILO	0	662825.44	22	58	99	138	209	0	1	1	1	2	0.11	0.12	
0.50	0.50	0.80	20	SILO	0	736966.60	25	80	115	158	244	0	1	1	1	2	0.13	0.14	
0.50	0.50	0.80	24	SILO	0	781109.80	28	98	129	186	290	0	1	1	2	3	0.15	0.16	
0.50	0.50	0.80	28	SILO	0	872862.64	30	112	141	223	397	0	1	1	2	3	0.16	0.18	
0.50	0.50	0.80	32	SILO	0	884955.21	32	122	152	236	391	0	1	1	2	3	0.18	0.20	
0.50	0.50	0.80	36	SILO	0	930371.51	34	135	173	301	614	0	1	1	2	3	0.19	0.21	
0.50	0.50	0.80	40	SILO	0	993241.55	35	141	185	330	703	0	1	1	2	3	0.20	0.23	
0.50	0.50	0.80	44	SILO	0	1018402.66	38	149	200	374	838	0	1	1	2	3	0.21	0.24	
0.50	0.50	0.80	48	SILO	0	990309.05	40	159	214	404	931	0	1	1	2	3	0.22	0.25	
0.50	0.50	0.80	52	SILO	0	1055296.77	41	171	238	511	1230	0	1	1	2	3	0.23	0.26	
0.50	0.50	0.80	56	SILO	0	1138130.30	42	174	242	500	1158	0	1	1	2	4	0.24	0.28	
0.50	0.50	0.80	60	SILO	0	1165513.04	45	179	246	448	922	0	1	1	2	4	0.24	0.28	
0.50	0.50	0.80	64	SILO	0	1117021.42	50	199	280	639	1646	0	1	1	2	4	0.25	0.29	
0.95	0.05	0.80	1	SILO	0	25822.18	36	66	77	101	136	0	0	0	0	0	0.00	0.00	
0.95	0.05	0.80	4	SILO	0	121324.41	30	55	65	90	138	0	0	0	0	1	0.00	0.00	
0.95	0.05	0.80	8	SILO	0	280548.81	25	46	55	80	139	0	0	0	0	1	0.01	0.01	
0.95	0.05	0.80	12	SILO	0	515617.86	21	34	40	66	132	0	0	0	1	1	0.01	0.01	
0.95	0.05	0.80	16	SILO	0	702354.17	21	31	37	72	133	0	0	0	1	1	0.01	0.01	
0.95	0.05	0.80	20	SILO	0	830131.38	22	39	48	100	158	0	0	0	1	1	0.02	0.02	
0.95	0.05	0.80	24	SILO	0	912215.92	23	46	57	117	187	0	0	0	1	1	0.02	0.02	
0.95	0.05	0.80	28	SILO	0	1052332.04	24	53	76	147	297	0	0	0	1	1	0.02	0.02	
0.95	0.05	0.80	32	SILO	0	1063894.88	26	62	91	163	325	0	0	0	1	1	0.03	0.03	
0.95	0.05	0.80	36	SILO	0	1088239.90	28	67	98	171	325	0	0	0	1	1	0.03	0.03	
0.95	0.05	0.80	40	SILO	0	1175521.34	29	76	117	227	504	0	0	0	1	1	0.03	0.03	
0.95	0.05	0.80	44	SILO	0	1145131.04	31	88	135	305	710	0	0	0	1	1	0.04	0.04	
0.95	0.05	0.80	48	SILO	0	1272714.94	32	88	133	275	649	0	0	0	1	1	0.04	0.04	
0.95	0.05	0.80	52	SILO	0	1320682.70	33	93	139	283	632	0	0	0	1	1	0.04	0.04	
0.95	0.05	0.80	56	SILO	0	1382907.88	33	100	150	328	753	0	0	0	1	1	0.05	0.05	
0.95	0.05	0.80	60	SILO	0	1353693.89	36	109	167	385	913	0	0	1	1	1	0.05	0.05	
0.95	0.05	0.80	64	SILO	0	1455847.63	35	112	167	366	828	0	0	1	1	1	0.05	0.05	
0.50	0.50	0.85	1	SILO	0	18773.39	47	84	95	120	158	0	0	0	0	0	0.00	0.00	
0.50	0.50	0.85	4	SILO	0	140270.28	27	59	87	144	198	0	0	1	1	2	0.06	0.07	
0.50	0.50	0.85	8	SILO	0	328495.65	24	75	110	147	217	0	1	1	1	2	0.13	0.14	
0.50	0.50	0.85	12	SILO	0	534055.88	21	92	118	155	237	0	1	1	2	3	0.18	0.21	
0.50	0.50	0.85	16	SILO	0	716390.37	22	103	123	175	263	0	1	1	2	3	0.23	0.26	
0.50	0.50	0.85	20	SILO	0	767629.71	26	118	138	209	316	0	1	1	2	4	0.25	0.30	
0.50	0.50	0.85	24	SILO	0	852939.48	29	129	156	242	389	0	1	1	2	4	0.28	0.33	
0.50	0.50	0.85	28	SILO	0	904776.96	33	141	178	284	502	0	1	2	3	4	0.30	0.36	
0.50	0.50	0.85	32	SILO	0	887881.69	39	158	205	331	607	0	1	2	3	5	0.32	0.39	
0.50	0.50	0.85	36	SILO	0	917385.37	56	172	224	361	639	0	1	2	3	5	0.33	0.40	
0.50	0.50	0.85	40	SILO	0	968456.34	62	187	247	425	849	0	1	2	3	5	0.35	0.42	
0.50	0.50	0.85	44	SILO	0	1105210.24	62	191	254	439	860	0	1	2	3	6	0.37	0.44	
0.50	0.50	0.85	48	SILO	0	1048852.97	71	205	266	434	763	0	1	2	3	6	0.37	0.46	
0.50	0.50	0.85	52	SILO	0	1105459.15	76	221	295	517	1022	0	2	2	4	7	0.39	0.47	
0.50	0.50	0.85	56	SILO	0	1107532.00	82	240	325	593	1212	0	2	2	4	7	0.40	0.48	
0.50	0.50	0.85	60	SILO	0	1167545.16	85	261	363	707	1538	0	2	3	5	11	0.43	0.50	
0.50	0.50	0.85	64	SILO	0	1185825.43	89	271	378	740	1617	1	2	2	5	10	0.42	0.51	
0.95	0.05	0.85	1	SILO	0	23993.71	41	77	90	118	152	0	0	0	0	0	0.00	0.00	
0.95	0.05	0.85	4	SILO	0	154272.04	24	45	54	83	143	0	0	0	0	1	0.01	0.01	
0.95	0.05	0.85	8	SILO	0	367621.51	19	34	42	85	139	0	0	0	1	1	0.02	0.02	
0.95	0.05	0.85	12	SILO	0	566514.62	19	32	40	99	140	0	0	0	1	1	0.03	0.03	
0.95	0.05	0.85	16	SILO	0	771853.66	19	30	40	107	141	0	0	0	1	1	0.03	0.04	
0.95	0.05	0.85	20	SILO	0	920553.73	20	39	57	121	178	0	0	0	1	1	0.04	0.04	
0.95	0.05	0.85	24	SILO	0	992087.35	21	48	74	132	207	0	0	1	1	1	0.05	0.05	
0.95	0.05	0.85	28	SILO	0	1125875.67	23	58	93	154	296	0	0	1	1	2	0.06	0.06	
0.95	0.05	0.85	32	SILO	0	1183462.78	24	66	104	173	349	0	0	1	1	2	0.07	0.07	
0.95	0.05	0.85	36	SILO	0	1167287.32	26	76	115	189	349	0	0	1	1	2	0.07	0.08	
0.95	0.05	0.85	40	SILO	0	1215748.94	27	93	134	266	610	0	0	1	1	2	0.08	0.09	
0.95	0.05	0.85	44	SILO	0	1343041.23	28	87	127	217	426	0	0	1	1	2	0.09	0.09	
0.95	0.05	0.85	48	SILO	0	1411856.56	29	99	140	273	639	0	1	1	1	2	0.09	0.10	
0.95	0.05	0.85	52	SILO	0	1393409.59	31	111	156	343	872	0	1	1	1	2	0.10	0.11	
0.95	0.05	0.85	56	SILO	0	1456497.63	32	116	162	346	825	0	1	1	1	2	0.11	0.12	
0.95	0.05	0.85	60	SILO	0	1517712.63	33	118	164	333	765	0	1	1	1	2	0.11	0.12	
0.95	0.05	0.85	64	SILO	0	1505438.82	34	130	186	457	1177	0	1	1	1	2	0.12	0.13	
0.50	0.50	0.90	1	SILO	0	25684.49	37	70	82	109	144	0	0	0	0	0	0.00	0.00	
0.50	0.50	0.90	4	SILO	0	167531.03	23	81	114	153	219	0	1	1	1	2	0.13	0.15	
0.50	0.50	0.90	8	SILO	0	364653.88	23	108	127	176	259	0	1	1	2	3	0.24	0.29	
0.50	0.50	0.90	12	SILO	0	571314.34	24	117	136	209	309	0	1	2	2	4	0.32	0.39	
0.50	0.50	0.90	16	SILO	0	757586.48	28	125	153	236	365	0	1	2	3	5	0.37	0.47	
0.50	0.50	0.90	20	SILO	0	786746.72	46	146	191	293	464	1	2	2	4	6	0.41	0.52	
0.50	0.50	0.90	24	SILO	0	802007.49	59	171	221	346	570	1	2	2	4	7	0.44	0.55	
0.50	0.50	0.90	28	SILO	0	837679.55	73	198	255	409	703	1	2	3	5	9	0.46	0.59	
0.50	0.50	0.90	32	SILO	0	871896.81	83	222	291	487	899	1	2	3	6	11	0.49	0.61	
0.50	0.50	0.90	36	SILO	0	869662.76	97	268	360	631	1189	1	2	4	7	14	0.52	0.63	
0.50	0.50	0.90	40	SILO	0	907152.64	104	288	391	716	1546	1	3	4	8	19	0.55	0.65	
0.50	0.50	0.90	44	SILO	0	852460.30	117	359	515	1131	3637	1	3	5	14	46	0.61	0.65	
0.50	0.50	0.90	48	SILO	0	775263.32	129	411	602	1445	5703	1	3	5	16	69	0.63	0.66	
0.50	0.50	0.90	52	SILO	0	719745.80	129	447	670	1906	11690	1	3	6	20	128	0.67	0.65	
0.50	0.50	0.90	56	SILO	0	745095.29	133	483	729	2095	13617	1	3	6	21	143	0.68	0.65	
0.50	0.50	0.90	60	SILO	0	643667.19	135	496	741	2113	19618	1	3	5	16	147	0.66	0.63	
0.50	0.50	0.90	64	SILO	0	575223.81	135	548	833	2445	30180	1	3	4	16	211	0.67	0.62	
0.95	0.05	0.90	1	SILO	0	30553.21	29	58	67	87	115	0	0	0	0	0	0.00	0.00	
0.95	0.05	0.90	4	SILO	0	176192.31	20	40	49	89	148	0	0	0	1	1	0.02	0.02	
0.95	0.05	0.90	8	SILO	0	444829.63	15	33	46	109	148	0	0	0	1	1	0.04	0.04	
0.95	0.05	0.90	12	SILO	0	691559.03	15	30	52	115	147	0	0	1	1	2	0.06	0.06	
0.95	0.05	0.90	16	SILO	0	959226.11	15	32	69	118	156	0	0	1	1	2	0.08	0.08	
0.95	0.05	0.90	20	SILO	0	1042410.73	17	49	89	131	203	0	1	1	1	2	0.09	0.10	
0.95	0.05	0.90	24	SILO	0	1161160.11	19	67	103	150	260	0	1	1	1	2	0.11	0.12	
0.95	0.05	0.90	28	SILO	0	1199040.99	21	83	115	172	298	0	1	1	1	2	0.12	0.14	
0.95	0.05	0.90	32	SILO	0	1273457.37	22	94	124	196	391	0	1	1	1	2	0.14	0.15	
0.95	0.05	0.90	36	SILO	0	1310455.05	24	106	136	233	517	0	1	1	1	2	0.15	0.17	
0.95	0.05	0.90	40	SILO	0	1337918.41	25	114	145	258	575	0	1	1	1	2	0.16	0.18	
0.95	0.05	0.90	44	SILO	0	1501560.55	25	116	147	268	630	0	1	1	1	2	0.17	0.20	
0.95	0.05	0.90	48	SILO	0	1529170.68	26	124	161	312	734	0	1	1	2	2	0.18	0.21	
0.95	0.05	0.90	52	SILO	0	1609310.67	27	128	169	338	777	0	1	1	2	2	0.19	0.23	
0.95	0.05	0.90	56	SILO	0	1664564.85	28	133	178	362	838	0	1	1	2	2	0.20	0.24	
0.95	0.05	0.90	60	SILO	0	1699711.07	30	137	184	384	932	0	1	1	2	3	0.21	0.25	
0.95	0.05	0.90	64	SILO	0	1824545.28	30	139	189	418	1172	0	1	1	2	3	0.22	0.26	
0.50	0.50	0.99	1	SILO	0	51712.61	15	37	46	63	86	0	0	0	0	0	0.00	0.00	
0.50	0.50	0.99	4	SILO	0	234196.04	19	112	130	188	271	0	1	1	2	3	0.30	0.39	
0.50	0.50	0.99	8	SILO	0	431018.73	56	143	185	274	417	1	2	2	4	6	0.46	0.63	
0.50	0.50	0.99	12	SILO	0	652329.28	77	198	255	402	645	1	3	4	6	10	0.56	0.75	
0.50	0.50	0.99	16	SILO	0	790570.32	93	255	339	563	952	1	4	5	8	15	0.63	0.81	
0.50	0.50	0.99	20	SILO	0	668862.19	117	373	524	998	2129	1	5	7	15	32	0.70	0.84	
0.50	0.50	0.99	24	SILO	0	568791.09	142	510	756	1661	4377	1	7	10	23	62	0.75	0.85	
0.50	0.50	0.99	28	SILO	0	502596.30	169	645	994	2442	7189	2	8	12	33	100	0.78	0.86	
0.50	0.50	0.99	32	SILO	0	441811.43	190	762	1249	3643	11851	2	8	15	46	161	0.81	0.85	
0.50	0.50	0.99	36	SILO	0	379918.44	209	889	1524	4861	17295	2	9	16	56	211	0.82	0.84	
0.50	0.50	0.99	40	SILO	0	341036.93	220	977	1729	5901	23876	1	8	16	61	251	0.83	0.84	
0.50	0.50	0.99	44	SILO	0	369670.12	234	1062	1911	6936	23595	2	9	17	70	260	0.84	0.85	
0.50	0.50	0.99	48	SILO	0	290181.58	218	1095	2016	9164	44204	1	7	15	72	384	0.84	0.82	
0.50	0.50	0.99	52	SILO	0	266676.81	228	1159	2167	10075	56243	1	7	15	71	418	0.84	0.82	
0.50	0.50	0.99	56	SILO	0	273036.00	264	1286	2369	10230	56899	1	8	15	71	407	0.84	0.84	
0.50	0.50	0.99	60	SILO	0	235335.23	269	1383	2607	11276	75492	1	8	16	73	468	0.85	0.82	
0.50	0.50	0.99	64	SILO	0	254249.59	294	1520	2928	14684	55399	1	7	16	99	411	0.85	0.83	
0.95	0.05	0.99	1	SILO	0	55726.82	13	35	43	59	82	0	0	0	0	0	0.00	0.00	
0.95	0.05	0.99	4	SILO	0	281404.11	11	34	55	114	155	0	0	1	1	1	0.06	0.06	
0.95	0.05	0.99	8	SILO	0	581673.93	12	50	89	123	173	0	1	1	1	2	0.12	0.13	
0.95	0.05	0.99	12	SILO	0	923731.04	11	73	100	128	198	0	1	1	1	2	0.17	0.19	
0.95	0.05	0.99	16	SILO	0	1179601.28	13	86	107	136	211	0	1	1	2	3	0.21	0.25	
0.95	0.05	0.99	20	SILO	0	1324419.78	14	98	116	167	245	0	1	1	2	3	0.24	0.30	
0.95	0.05	0.99	24	SILO	0	1408970.38	17	109	127	195	306	0	1	1	2	3	0.27	0.34	
0.95	0.05	0.99	28	SILO	0	1541115.85	19	116	140	216	354	0	1	1	2	3	0.30	0.38	
0.95	0.05	0.99	32	SILO	0	1581063.27	21	123	153	235	396	0	1	1	2	3	0.32	0.41	
0.95	0.05	0.99	36	SILO	0	1652569.99	24	132	167	258	427	0	1	2	2	4	0.33	0.44	
0.95	0.05	0.99	40	SILO	0	1723313.10	35	141	179	284	521	0	1	2	3	4	0.35	0.47	
0.95	0.05	0.99	44	SILO	0	1755065.59	43	151	193	314	621	0	1	2	3	4	0.36	0.49	
0.95	0.05	0.99	48	SILO	0	1985754.93	46	153	197	323	654	1	1	2	3	4	0.38	0.52	
0.95	0.05	0.99	52	SILO	0	1941508.88	54	167	216	362	725	1	1	2	3	5	0.39	0.53	
0.95	0.05	0.99	56	SILO	0	1986823.18	60	175	227	385	777	1	2	2	3	5	0.41	0.56	
0.95	0.05	0.99	60	SILO	0	2044961.64	65	184	239	413	841	1	2	2	3	5	0.42	0.58	
0.95	0.05	0.99	64	SILO	0	2003373.42	71	200	264	465	954	1	2	2	3	5	0.43	0.59	
