Rd	Wt	Zip	T	CC	TP	P50	P90	P99	P999	Abt
0.90	0.10	0.90	1	SILO	310595.15	3	4	4	5	6	|	0	0	0	0	0	|	0
0.90	0.10	0.90	4	SILO	1292076.86	3	4	4	25	70	|	0	0	0	1	1	|	5567
0.90	0.10	0.90	8	SILO	2574122.55	3	4	4	54	2352	|	0	0	0	1	2	|	27174
0.90	0.10	0.90	12	SILO	3831285.28	3	4	6	61	5591	|	0	0	1	1	2	|	65655
0.90	0.10	0.90	16	SILO	5116476.85	3	4	22	65	5230	|	0	0	1	1	3	|	116651
0.90	0.10	0.90	20	SILO	5625582.27	3	5	33	67	7689	|	0	0	1	2	3	|	184385
0.90	0.10	0.90	24	SILO	6270943.71	3	7	41	68	6397	|	0	1	1	2	4	|	281454
0.90	0.10	0.90	28	SILO	6989039.15	3	14	46	69	9150	|	0	1	1	2	4	|	395077
0.90	0.10	0.90	32	SILO	7473753.52	4	21	49	70	9798	|	0	1	1	3	5	|	518451
0.90	0.10	0.90	36	SILO	8044053.82	4	28	53	71	7839	|	0	1	1	3	5	|	666824
0.90	0.10	0.90	40	SILO	8390272.69	4	33	55	73	7935	|	0	1	1	3	6	|	872564
0.90	0.10	0.90	44	SILO	8682898.96	4	37	57	75	9168	|	0	1	2	3	6	|	1042194
0.90	0.10	0.90	48	SILO	9242461.62	4	40	58	77	9119	|	0	1	2	4	7	|	1290272
0.90	0.10	0.90	52	SILO	9125013.02	5	43	60	82	9768	|	0	1	2	4	8	|	1555291
0.90	0.10	0.90	56	SILO	9408408.96	5	46	61	86	10530	|	0	1	2	5	8	|	1836572
0.90	0.10	0.90	60	SILO	9513888.59	5	48	63	89	9410	|	0	1	2	5	9	|	2209719
0.90	0.10	0.90	64	SILO	9583991.91	5	50	65	94	10559	|	0	1	2	5	10	|	2475059
