bimodal, w/o log (stored procedure)
Rd	Wt	Zip	T	CC	TP	P50	P90	P99	P999	Abt
0.95	0.05	0.80	1	DLOCK	0	183595.77	COMMIT	729182	3958454	78323	3442826	301461	ABORT	0	0	0	0	0	0	4	17	19	22	0	0	0	0	0.00	
0.95	0.05	0.80	4	DLOCK	0	625650.16	COMMIT	690759	3959576	78434	3443893	298289	ABORT	60	718	7	92	542	43	4	22	25	29	0	0	0	1	0.00	
0.95	0.05	0.80	8	DLOCK	0	1245537.89	COMMIT	688504	3958141	79606	3461282	303562	ABORT	183	2050	4	272	1567	119	4	22	25	31	0	0	0	1	0.00	
0.95	0.05	0.80	12	DLOCK	0	1821208.96	COMMIT	670904	3949661	79157	3443552	301023	ABORT	296	3335	25	442	2505	223	5	22	26	32	0	0	0	1	0.00	
0.95	0.05	0.80	16	DLOCK	0	2415465.05	COMMIT	652681	3958997	79230	3360297	298963	ABORT	203	2228	34	300	1621	170	5	22	26	34	0	0	0	1	0.00	
0.95	0.05	0.80	20	DLOCK	0	2950156.60	COMMIT	652754	3950091	82897	3441571	304067	ABORT	643	7219	103	1021	5406	478	5	23	27	36	0	0	0	1	0.00	
0.95	0.05	0.80	24	DLOCK	0	3495793.37	COMMIT	641540	3950098	81822	3438914	305587	ABORT	732	8232	92	1150	6213	534	5	23	28	39	0	0	1	1	0.00	
0.95	0.05	0.80	28	DLOCK	0	4018687.22	COMMIT	633535	3946222	83102	3430682	308746	ABORT	965	10875	220	1605	8012	790	5	24	29	41	0	0	1	1	0.00	
0.95	0.05	0.80	32	DLOCK	0	4498814.94	COMMIT	620744	3943378	83080	3440399	301649	ABORT	1154	14012	274	1937	10565	948	5	25	30	44	0	0	1	1	0.00	
0.95	0.05	0.80	36	DLOCK	0	5110009.00	COMMIT	621583	3950459	84252	3436522	308890	ABORT	770	9303	104	1208	6976	621	5	24	31	49	0	0	1	1	0.00	
bimodal, w/o log (stored procedure)
Rd	Wt	Zip	T	CC	TP	P50	P90	P99	P999	Abt
0.50	0.50	0.99	1	DLOCK	0	217211.98	COMMIT	863919	3949299	327393	3015571	673543	ABORT	0	0	0	0	0	0	3	14	17	20	0	0	0	0	0.00	
0.50	0.50	0.99	4	DLOCK	0	497925.45	COMMIT	532232	3199923	455317	2391336	637547	ABORT	27836	767770	45418	508093	205583	45511	4	31	88	762	0	1	3	5	0.04	
0.50	0.50	0.99	8	DLOCK	0	667130.23	COMMIT	478865	3036852	616019	2297908	595947	ABORT	35014	931880	80036	604479	263920	52311	4	46	134	2139	0	2	4	8	0.07	
0.50	0.50	0.99	12	DLOCK	0	783727.96	COMMIT	349810	2771013	887016	2148195	506549	ABORT	40202	1216279	147208	769892	368889	63638	5	76	218	4745	0	2	5	14	0.11	
0.50	0.50	0.99	16	DLOCK	0	817163.07	COMMIT	199768	2402510	1162536	1930402	377440	ABORT	35217	1608023	228731	1085768	437859	69168	5	110	303	7549	0	3	6	20	0.15	
0.50	0.50	0.99	20	DLOCK	0	767022.20	COMMIT	168362	2653512	1546734	2216258	367234	ABORT	35332	1337848	286159	731358	511223	82086	6	151	348	7497	0	4	6	20	0.18	
0.50	0.50	0.99	24	DLOCK	0	722258.72	COMMIT	140076	2967495	1969450	2536942	364828	ABORT	35035	1020219	388155	287579	626864	91906	6	191	321	2772	0	5	7	13	0.21	
0.50	0.50	0.99	28	DLOCK	0	659958.87	COMMIT	94915	3008808	2249925	2640343	320270	ABORT	30589	981590	449619	209852	665541	94381	7	236	320	463	0	5	7	8	0.24	
0.50	0.50	0.99	32	DLOCK	0	627312.33	COMMIT	78758	2935017	2276623	2601514	293712	ABORT	28501	1056163	505148	232815	713075	99551	7	280	377	580	0	6	7	8	0.26	
0.50	0.50	0.99	36	DLOCK	0	614588.34	COMMIT	67970	2872430	2286430	2566693	269966	ABORT	26795	1114443	547418	255015	747150	100213	7	319	441	644	0	6	8	9	0.27	
