Rd	Wt	Zip	T	CC	TP	P50	P90	P99	P999	Abt
0.10	0.90	0.50	1	WAIT_DIE	163209.21	6	6	7	7	10	|	0	0	0	0	0	|	0
0.10	0.90	0.50	4	WAIT_DIE	728319.05	5	6	6	6	10	|	0	0	0	0	0	|	73
0.10	0.90	0.50	8	WAIT_DIE	1307862.93	6	6	7	7	11	|	0	0	0	0	0	|	399
0.10	0.90	0.50	12	WAIT_DIE	1906743.86	6	7	7	7	13	|	0	0	0	0	0	|	914
0.10	0.90	0.50	16	WAIT_DIE	2497042.86	6	7	7	7	36	|	0	0	0	0	1	|	1647
0.10	0.90	0.50	20	WAIT_DIE	2867676.95	6	8	8	9	196	|	0	0	0	0	1	|	2525
0.10	0.90	0.50	24	WAIT_DIE	3279219.53	7	8	8	9	340	|	0	0	0	0	1	|	3920
0.10	0.90	0.50	28	WAIT_DIE	3419821.91	8	9	9	10	452	|	0	0	0	0	1	|	5647
0.10	0.90	0.50	32	WAIT_DIE	3662328.13	8	10	10	11	493	|	0	0	0	0	1	|	7507
0.10	0.90	0.50	36	WAIT_DIE	4124813.03	8	10	10	11	553	|	0	0	0	0	1	|	9463
0.10	0.90	0.50	1	SILO	184232.55	5	6	6	6	9	|	0	0	0	0	0	|	0
0.10	0.90	0.50	4	SILO	764495.79	5	5	6	6	9	|	0	0	0	0	0	|	113
0.10	0.90	0.50	8	SILO	1509846.29	5	6	6	6	11	|	0	0	0	0	0	|	462
0.10	0.90	0.50	12	SILO	2217727.30	5	6	6	6	18	|	0	0	0	0	0	|	1172
0.10	0.90	0.50	16	SILO	2942437.68	5	6	6	7	266	|	0	0	0	0	1	|	2016
0.10	0.90	0.50	20	SILO	3567339.31	5	6	6	7	377	|	0	0	0	0	1	|	3040
0.10	0.90	0.50	24	SILO	3867208.27	6	7	7	8	480	|	0	0	0	0	1	|	4334
0.10	0.90	0.50	28	SILO	4246896.90	6	7	8	8	546	|	0	0	0	0	1	|	6094
0.10	0.90	0.50	32	SILO	4519029.16	7	8	8	9	599	|	0	0	0	0	1	|	7907
0.10	0.90	0.50	36	SILO	5076886.15	7	8	8	9	634	|	0	0	0	0	1	|	10546
0.50	0.50	0.50	1	WAIT_DIE	175142.66	5	6	6	7	9	|	0	0	0	0	0	|	0
0.50	0.50	0.50	4	WAIT_DIE	689357.47	5	6	6	7	10	|	0	0	0	0	0	|	60
0.50	0.50	0.50	8	WAIT_DIE	1360743.11	5	6	6	7	10	|	0	0	0	0	0	|	309
0.50	0.50	0.50	12	WAIT_DIE	1993819.45	6	6	6	7	10	|	0	0	0	0	0	|	678
0.50	0.50	0.50	16	WAIT_DIE	2634250.59	6	6	7	7	14	|	0	0	0	0	0	|	1214
0.50	0.50	0.50	20	WAIT_DIE	3116798.54	6	7	7	8	21	|	0	0	0	0	0	|	1917
0.50	0.50	0.50	24	WAIT_DIE	3439154.60	6	8	8	9	145	|	0	0	0	0	1	|	2828
0.50	0.50	0.50	28	WAIT_DIE	3674187.54	7	8	9	9	258	|	0	0	0	0	1	|	3961
0.50	0.50	0.50	32	WAIT_DIE	4007131.94	7	9	9	10	369	|	0	0	0	0	1	|	5608
0.50	0.50	0.50	36	WAIT_DIE	4499090.31	7	9	9	10	429	|	0	0	0	0	1	|	6868
0.50	0.50	0.50	1	SILO	185176.70	5	6	6	6	9	|	0	0	0	0	0	|	0
0.50	0.50	0.50	4	SILO	770827.86	5	5	6	6	9	|	0	0	0	0	0	|	61
0.50	0.50	0.50	8	SILO	1509391.76	5	6	6	6	9	|	0	0	0	0	0	|	255
0.50	0.50	0.50	12	SILO	2218795.96	5	6	6	6	10	|	0	0	0	0	0	|	665
0.50	0.50	0.50	16	SILO	2928633.31	5	6	6	6	12	|	0	0	0	0	0	|	1179
0.50	0.50	0.50	20	SILO	3402276.26	5	6	7	7	18	|	0	0	0	0	0	|	1754
0.50	0.50	0.50	24	SILO	3804320.04	6	7	7	8	140	|	0	0	0	0	1	|	2562
0.50	0.50	0.50	28	SILO	4121722.07	6	7	8	9	246	|	0	0	0	0	1	|	3480
0.50	0.50	0.50	32	SILO	4540683.09	6	8	8	9	329	|	0	0	0	0	1	|	4556
0.50	0.50	0.50	36	SILO	5019117.96	7	8	8	9	395	|	0	0	0	0	1	|	5811
0.90	0.10	0.50	1	WAIT_DIE	207893.99	4	5	5	5	8	|	0	0	0	0	0	|	0
0.90	0.10	0.50	4	WAIT_DIE	815344.52	4	5	5	5	9	|	0	0	0	0	0	|	13
0.90	0.10	0.50	8	WAIT_DIE	1418653.52	5	6	6	6	10	|	0	0	0	0	0	|	83
0.90	0.10	0.50	12	WAIT_DIE	2334369.88	5	5	5	6	10	|	0	0	0	0	0	|	170
0.90	0.10	0.50	16	WAIT_DIE	2799799.79	5	6	6	7	10	|	0	0	0	0	0	|	329
0.90	0.10	0.50	20	WAIT_DIE	3409917.19	5	6	7	7	11	|	0	0	0	0	0	|	440
0.90	0.10	0.50	24	WAIT_DIE	3610959.92	6	7	7	8	11	|	0	0	0	0	0	|	691
0.90	0.10	0.50	28	WAIT_DIE	4129285.64	6	7	8	8	12	|	0	0	0	0	0	|	963
0.90	0.10	0.50	32	WAIT_DIE	4499069.63	7	8	8	9	12	|	0	0	0	0	0	|	1293
0.90	0.10	0.50	36	WAIT_DIE	4955371.40	7	8	8	9	15	|	0	0	0	0	0	|	1609
0.90	0.10	0.50	1	SILO	196003.97	5	5	5	6	8	|	0	0	0	0	0	|	0
0.90	0.10	0.50	4	SILO	920678.99	4	4	5	5	8	|	0	0	0	0	0	|	11
0.90	0.10	0.50	8	SILO	1603076.32	4	5	5	6	9	|	0	0	0	0	0	|	56
0.90	0.10	0.50	12	SILO	2725160.98	4	4	5	5	8	|	0	0	0	0	0	|	118
0.90	0.10	0.50	16	SILO	3152354.12	5	5	6	6	9	|	0	0	0	0	0	|	218
0.90	0.10	0.50	20	SILO	3599669.32	5	6	6	7	11	|	0	0	0	0	0	|	355
0.90	0.10	0.50	24	SILO	4049454.43	5	7	7	8	11	|	0	0	0	0	0	|	521
0.90	0.10	0.50	28	SILO	4595586.43	6	7	7	8	12	|	0	0	0	0	0	|	707
0.90	0.10	0.50	32	SILO	4749021.71	6	7	8	9	12	|	0	0	0	0	0	|	902
0.90	0.10	0.50	36	SILO	5513820.30	6	7	8	8	13	|	0	0	0	0	0	|	1141
0.10	0.90	0.80	1	WAIT_DIE	207645.64	4	5	6	6	9	|	0	0	0	0	0	|	0
0.10	0.90	0.80	4	WAIT_DIE	897522.52	4	5	5	517	890	|	0	0	0	1	6	|	15743
0.10	0.90	0.80	8	WAIT_DIE	1669298.91	4	5	40	758	3231	|	0	0	1	4	25	|	137776
0.10	0.90	0.80	12	WAIT_DIE	2267507.37	4	6	365	788	5620	|	0	0	1	10	40	|	424932
0.10	0.90	0.80	16	WAIT_DIE	2432218.10	5	64	501	840	8117	|	0	1	1	16	54	|	905798
0.10	0.90	0.80	20	WAIT_DIE	2226138.52	5	357	634	1033	10883	|	0	1	2	19	60	|	1459127
0.10	0.90	0.80	24	WAIT_DIE	1989238.45	6	578	845	1322	2036	|	0	1	5	22	69	|	2399086
0.10	0.90	0.80	28	WAIT_DIE	1745056.82	6	717	1040	1771	3325	|	0	2	8	25	78	|	3540807
0.10	0.90	0.80	32	WAIT_DIE	1484041.41	6	810	1313	2300	3953	|	0	4	11	29	91	|	5241514
0.10	0.90	0.80	36	WAIT_DIE	1238542.90	6	965	1742	3066	6195	|	0	5	13	32	121	|	7539228
0.10	0.90	0.80	1	SILO	250718.32	3	4	5	5	7	|	0	0	0	0	0	|	0
0.10	0.90	0.80	4	SILO	971483.74	4	5	5	590	891	|	0	0	0	1	3	|	13488
0.10	0.90	0.80	8	SILO	2029434.65	3	4	139	774	5822	|	0	0	1	3	7	|	81379
0.10	0.90	0.80	12	SILO	2750925.37	4	5	387	806	8856	|	0	0	1	5	13	|	230943
0.10	0.90	0.80	16	SILO	3473893.79	4	60	477	803	9496	|	0	1	2	9	22	|	494164
0.10	0.90	0.80	20	SILO	3441033.51	4	210	509	801	9885	|	0	1	2	10	24	|	771483
0.10	0.90	0.80	24	SILO	3539942.55	4	284	522	829	9184	|	0	1	2	11	25	|	1078172
0.10	0.90	0.80	28	SILO	3546630.61	5	319	529	904	12051	|	0	1	3	12	27	|	1451652
0.10	0.90	0.80	32	SILO	3472295.27	5	338	556	976	10069	|	0	1	3	13	29	|	1899296
0.10	0.90	0.80	36	SILO	3210716.87	5	387	669	1259	14157	|	0	1	4	14	31	|	2177879
0.50	0.50	0.80	1	WAIT_DIE	242307.67	4	4	5	5	7	|	0	0	0	0	0	|	0
0.50	0.50	0.80	4	WAIT_DIE	942551.08	4	5	5	403	885	|	0	0	0	1	3	|	10276
0.50	0.50	0.80	8	WAIT_DIE	1650029.80	4	5	6	700	928	|	0	0	0	2	19	|	88587
0.50	0.50	0.80	12	WAIT_DIE	2317953.96	4	6	186	768	965	|	0	0	1	5	33	|	264431
0.50	0.50	0.80	16	WAIT_DIE	2998170.58	4	6	391	789	9113	|	0	0	1	8	43	|	522057
0.50	0.50	0.80	20	WAIT_DIE	2604529.55	5	83	515	843	1248	|	0	1	1	11	54	|	930209
0.50	0.50	0.80	24	WAIT_DIE	2472392.10	5	331	620	981	1569	|	0	1	2	14	67	|	1525868
0.50	0.50	0.80	28	WAIT_DIE	2444079.49	6	457	743	1164	2239	|	0	1	2	18	86	|	2314693
0.50	0.50	0.80	32	WAIT_DIE	2295677.41	6	578	864	1415	2327	|	0	1	3	21	119	|	3537075
0.50	0.50	0.80	36	WAIT_DIE	1962228.43	6	678	989	1884	3328	|	0	2	5	27	191	|	5759930
0.50	0.50	0.80	1	SILO	262098.77	3	4	4	5	7	|	0	0	0	0	0	|	0
0.50	0.50	0.80	4	SILO	974363.67	4	5	5	338	870	|	0	0	0	1	2	|	6620
0.50	0.50	0.80	8	SILO	1954744.96	4	5	5	669	903	|	0	0	0	1	3	|	37169
0.50	0.50	0.80	12	SILO	2856543.35	4	5	48	761	6076	|	0	0	1	2	5	|	96275
0.50	0.50	0.80	16	SILO	3677839.06	4	5	252	792	6505	|	0	0	1	3	8	|	198001
0.50	0.50	0.80	20	SILO	4019703.20	4	6	368	786	5210	|	0	0	1	5	12	|	355484
0.50	0.50	0.80	24	SILO	4223308.36	5	7	440	789	7056	|	0	0	1	6	14	|	552099
0.50	0.50	0.80	28	SILO	4542423.76	5	97	481	796	7310	|	0	1	1	7	16	|	741043
0.50	0.50	0.80	32	SILO	4662026.69	5	183	509	812	9600	|	0	1	2	8	18	|	1008038
0.50	0.50	0.80	36	SILO	4653751.24	5	242	517	836	8841	|	0	1	2	8	19	|	1247474
0.90	0.10	0.80	1	WAIT_DIE	265143.38	3	4	4	5	7	|	0	0	0	0	0	|	0
0.90	0.10	0.80	4	WAIT_DIE	1003044.68	3	4	4	5	704	|	0	0	0	0	1	|	1990
0.90	0.10	0.80	8	WAIT_DIE	1976378.97	3	4	5	27	879	|	0	0	0	1	3	|	14417
0.90	0.10	0.80	12	WAIT_DIE	2645648.06	4	5	5	360	886	|	0	0	0	1	8	|	47877
0.90	0.10	0.80	16	WAIT_DIE	3386025.26	4	5	5	541	891	|	0	0	0	1	13	|	97702
0.90	0.10	0.80	20	WAIT_DIE	3731078.66	4	6	7	694	904	|	0	0	0	1	17	|	164185
0.90	0.10	0.80	24	WAIT_DIE	3949479.58	5	6	9	750	932	|	0	0	0	1	21	|	267217
0.90	0.10	0.80	28	WAIT_DIE	4201033.24	5	7	11	763	967	|	0	0	0	1	27	|	422360
0.90	0.10	0.80	32	WAIT_DIE	4298468.04	5	7	17	772	998	|	0	0	0	2	36	|	642918
0.90	0.10	0.80	36	WAIT_DIE	4272265.89	5	9	166	794	1083	|	0	0	1	2	44	|	894674
0.90	0.10	0.80	1	SILO	256892.50	3	4	5	5	7	|	0	0	0	0	0	|	0
0.90	0.10	0.80	4	SILO	1086194.40	3	4	4	5	644	|	0	0	0	0	1	|	1209
0.90	0.10	0.80	8	SILO	2168135.33	3	4	4	6	819	|	0	0	0	0	1	|	5942
0.90	0.10	0.80	12	SILO	3236520.60	3	4	5	147	853	|	0	0	0	1	1	|	14360
0.90	0.10	0.80	16	SILO	4277961.75	3	4	5	333	880	|	0	0	0	1	2	|	26443
0.90	0.10	0.80	20	SILO	4783777.00	4	5	5	462	888	|	0	0	0	1	2	|	42679
0.90	0.10	0.80	24	SILO	5422821.93	4	5	6	545	891	|	0	0	0	1	2	|	64760
0.90	0.10	0.80	28	SILO	6148699.49	4	5	6	600	894	|	0	0	0	1	3	|	90211
0.90	0.10	0.80	32	SILO	6616478.53	4	6	7	641	896	|	0	0	0	1	3	|	120254
0.90	0.10	0.80	36	SILO	7279072.47	4	6	7	673	901	|	0	0	0	1	3	|	163748
0.10	0.90	0.90	1	WAIT_DIE	260801.09	3	4	5	6	7	|	0	0	0	0	0	|	0
0.10	0.90	0.90	4	WAIT_DIE	893483.04	4	8	478	807	10218	|	0	0	1	6	20	|	96189
0.10	0.90	0.90	8	WAIT_DIE	1353446.61	4	505	661	972	12520	|	0	2	5	18	46	|	722938
0.10	0.90	0.90	12	WAIT_DIE	1589922.13	4	839	1062	1492	2102	|	0	4	9	24	71	|	1814767
0.10	0.90	0.90	16	WAIT_DIE	1323459.62	5	1269	1636	2250	3734	|	0	8	13	33	97	|	4071768
0.10	0.90	0.90	20	WAIT_DIE	773650.99	16	2271	2930	3977	6931	|	0	12	17	40	137	|	7687862
0.10	0.90	0.90	24	WAIT_DIE	565053.09	307	3462	4434	5912	7838	|	1	15	23	52	232	|	13286763
0.10	0.90	0.90	28	WAIT_DIE	455032.41	434	4825	6159	8165	10082	|	1	20	30	68	371	|	22172496
0.10	0.90	0.90	32	WAIT_DIE	376230.87	537	6444	8202	10923	13651	|	1	27	38	91	625	|	34797196
0.10	0.90	0.90	36	WAIT_DIE	285131.42	652	8794	11149	14868	18705	|	2	34	49	125	1037	|	53781387
0.10	0.90	0.90	1	SILO	291932.66	3	4	4	5	7	|	0	0	0	0	0	|	0
0.10	0.90	0.90	4	SILO	1070092.95	3	126	523	830	10293	|	0	1	1	3	5	|	65727
0.10	0.90	0.90	8	SILO	1911485.98	3	472	656	870	10389	|	0	2	3	8	13	|	371958
0.10	0.90	0.90	12	SILO	2409500.23	3	518	650	998	14522	|	0	2	6	14	26	|	1067311
0.10	0.90	0.90	16	SILO	2750269.27	4	513	647	1018	13993	|	0	4	8	20	39	|	2077044
0.10	0.90	0.90	20	SILO	1998289.51	4	869	1267	6969	25432	|	0	4	9	21	45	|	2641084
0.10	0.90	0.90	24	SILO	1739420.58	5	962	1423	8631	33678	|	0	5	10	22	50	|	3266344
0.10	0.90	0.90	28	SILO	1592318.13	5	1021	1508	9239	40295	|	0	5	11	28	72	|	4659808
0.10	0.90	0.90	32	SILO	1473037.36	5	1106	1676	5746	36932	|	0	6	12	32	89	|	6554869
0.10	0.90	0.90	36	SILO	1130182.99	6	1328	2208	9617	48540	|	0	6	13	36	98	|	4602923
0.50	0.50	0.90	1	WAIT_DIE	281222.83	3	4	4	5	7	|	0	0	0	0	0	|	0
0.50	0.50	0.90	4	WAIT_DIE	955682.28	3	5	342	793	7735	|	0	0	1	3	14	|	62040
0.50	0.50	0.90	8	WAIT_DIE	1551781.95	4	400	611	841	7050	|	0	1	2	13	37	|	441062
0.50	0.50	0.90	12	WAIT_DIE	1768653.04	4	543	696	1003	6503	|	0	2	5	21	61	|	1223190
0.50	0.50	0.90	16	WAIT_DIE	1786350.61	4	830	1067	1541	2924	|	0	3	7	26	84	|	2441161
0.50	0.50	0.90	20	WAIT_DIE	1122807.35	5	1278	1795	2773	3928	|	0	6	11	30	129	|	4753323
0.50	0.50	0.90	24	WAIT_DIE	787183.19	7	1834	2642	4317	6369	|	0	9	16	46	287	|	9776544
0.50	0.50	0.90	28	WAIT_DIE	567242.25	16	2611	3845	6620	10691	|	0	15	26	83	558	|	19463606
0.50	0.50	0.90	32	WAIT_DIE	275084.12	112	3656	5606	10792	26284	|	1	23	41	159	1121	|	50146443
0.50	0.50	0.90	36	WAIT_DIE	106471.13	245	5488	8906	21752	99999	|	1	35	69	354	3811	|	145651857
0.50	0.50	0.90	1	SILO	294156.90	3	4	4	5	7	|	0	0	0	0	0	|	0
0.50	0.50	0.90	4	SILO	1186144.57	3	4	257	790	8267	|	0	0	1	2	3	|	33689
0.50	0.50	0.90	8	SILO	2144421.36	3	269	585	831	10384	|	0	1	2	4	6	|	177953
0.50	0.50	0.90	12	SILO	2924985.58	3	436	650	860	12091	|	0	1	3	6	12	|	496487
0.50	0.50	0.90	16	SILO	3592314.13	3	496	656	880	10613	|	0	2	4	9	18	|	940995
0.50	0.50	0.90	20	SILO	3045392.38	4	486	633	996	14398	|	0	2	5	12	25	|	1598268
0.50	0.50	0.90	24	SILO	2982737.54	4	530	716	1242	16181	|	0	3	6	14	30	|	2276613
0.50	0.50	0.90	28	SILO	2755871.26	5	763	1048	1698	14238	|	0	3	7	16	38	|	2958805
0.50	0.50	0.90	32	SILO	2571057.21	5	797	1148	1941	18843	|	0	4	7	18	42	|	4037505
0.50	0.50	0.90	36	SILO	2323747.01	6	851	1182	2481	26065	|	0	4	8	20	54	|	4542435
0.90	0.10	0.90	1	WAIT_DIE	313218.72	3	4	4	5	6	|	0	0	0	0	0	|	0
0.90	0.10	0.90	4	WAIT_DIE	1057936.08	3	4	5	468	885	|	0	0	0	1	4	|	12064
0.90	0.10	0.90	8	WAIT_DIE	1887022.98	3	5	7	760	900	|	0	0	0	2	17	|	90152
0.90	0.10	0.90	12	WAIT_DIE	2576171.89	4	5	289	791	931	|	0	0	1	4	28	|	235461
0.90	0.10	0.90	16	WAIT_DIE	3049634.96	4	8	479	788	971	|	0	0	1	6	40	|	483084
0.90	0.10	0.90	20	WAIT_DIE	2540840.70	4	289	605	871	1123	|	0	1	1	8	57	|	879584
0.90	0.10	0.90	24	WAIT_DIE	2152519.47	5	457	703	1062	1687	|	0	1	1	12	100	|	1694815
0.90	0.10	0.90	28	WAIT_DIE	1397360.54	5	546	799	1491	3919	|	0	1	2	22	238	|	5037247
0.90	0.10	0.90	32	WAIT_DIE	681668.23	5	620	907	2274	8346	|	0	1	3	43	456	|	15035668
0.90	0.10	0.90	36	WAIT_DIE	63173.71	6	731	1250	5017	71582	|	0	2	8	98	1688	|	154989401
0.90	0.10	0.90	1	SILO	303792.48	3	4	4	5	7	|	0	0	0	0	0	|	0
0.90	0.10	0.90	4	SILO	1312320.91	2	4	4	295	865	|	0	0	0	1	1	|	5812
0.90	0.10	0.90	8	SILO	2572712.43	3	4	4	656	3271	|	0	0	0	1	2	|	28848
0.90	0.10	0.90	12	SILO	4209347.12	2	3	7	745	5168	|	0	0	0	1	3	|	67174
0.90	0.10	0.90	16	SILO	5101784.05	3	4	240	788	6321	|	0	0	1	2	3	|	127147
0.90	0.10	0.90	20	SILO	5466835.64	3	5	369	805	6114	|	0	0	1	2	4	|	217128
0.90	0.10	0.90	24	SILO	6188415.03	3	6	458	819	10030	|	0	0	1	3	5	|	322410
0.90	0.10	0.90	28	SILO	6824032.42	3	112	508	819	10361	|	0	1	1	3	6	|	463552
0.90	0.10	0.90	32	SILO	7339625.38	3	199	541	814	8881	|	0	1	1	4	8	|	621764
0.90	0.10	0.90	36	SILO	7432113.23	4	272	565	814	10182	|	0	1	2	4	9	|	799492
