w/o log
	T	CC	TP	P50	P90	P99	P999	Abt
TPCC	NO_WAIT	1	49277.60	COMMIT	194320	3991504	0	0	0	ABORT	0	0	0	0	0	0	8	174	194	209	0	0	0	0	0.00	
TPCC	NO_WAIT	4	102658.40	COMMIT	100745	2616434	0	0	0	ABORT	26544	1443312	0	369730	0	0	15	540	1388	3607	0	4	8	12	0.21	
TPCC	NO_WAIT	8	133524.66	COMMIT	58503	1613752	0	0	0	ABORT	28470	2374515	0	936262	0	0	18	904	4955	10264	0	6	15	24	0.32	
TPCC	NO_WAIT	12	150592.14	COMMIT	46216	1311863	0	0	0	ABORT	27830	2681373	0	1252886	0	0	20	1216	8159	15718	0	7	20	34	0.37	
TPCC	NO_WAIT	16	156025.35	COMMIT	33402	990761	0	0	0	ABORT	24878	3003442	0	1545765	0	0	21	1926	10592	20517	0	9	25	42	0.41	
TPCC	NO_WAIT	20	168158.86	COMMIT	29741	909878	0	0	0	ABORT	24752	3084567	0	1670727	0	0	22	2234	14026	24782	0	10	31	50	0.45	
TPCC	NO_WAIT	24	168134.53	COMMIT	21613	685341	0	0	0	ABORT	20837	3308861	0	1891594	0	0	23	3330	16055	29895	0	12	35	59	0.47	
TPCC	NO_WAIT	28	171087.51	COMMIT	19978	640459	0	0	0	ABORT	21082	3354169	0	1937568	0	0	24	4073	18116	34529	0	13	39	68	0.49	
TPCC	NO_WAIT	32	176584.42	COMMIT	17905	583146	0	0	0	ABORT	19924	3410939	0	2012097	0	0	24	4772	20202	38778	0	14	43	75	0.51	
TPCC	NO_WAIT	36	189947.50	COMMIT	17961	583106	0	0	0	ABORT	21128	3409571	0	2062657	0	0	24	4521	23809	44891	0	14	49	89	0.53	
TPCC	WAIT_DIE	1	48713.60	COMMIT	191442	3985100	0	0	0	ABORT	0	0	0	0	0	0	9	174	194	207	0	0	0	0	0.00	
TPCC	WAIT_DIE	4	104718.21	COMMIT	102830	2805228	22103	0	0	ABORT	24092	1185464	11096	132759	0	0	15	520	1140	2223	0	4	6	9	0.19	
TPCC	WAIT_DIE	8	146848.10	COMMIT	67133	1971495	31692	0	0	ABORT	31132	1997929	30524	457278	0	0	18	842	3396	8447	0	5	10	18	0.31	
TPCC	WAIT_DIE	12	161421.29	COMMIT	48553	1459681	29978	0	0	ABORT	29029	2531475	46125	746117	0	0	20	1261	6361	12391	0	6	15	24	0.37	
TPCC	WAIT_DIE	16	175813.54	COMMIT	37579	1192736	30136	0	0	ABORT	27555	2801708	53583	983634	0	0	22	1589	9251	17493	0	7	19	32	0.41	
TPCC	WAIT_DIE	20	180406.49	COMMIT	28320	949662	26583	0	0	ABORT	23765	3045210	61021	1174650	0	0	23	2059	11791	23051	0	8	23	39	0.44	
TPCC	WAIT_DIE	24	188238.64	COMMIT	25220	864354	28989	0	0	ABORT	23597	3128569	63915	1263380	0	0	24	2395	14674	28028	0	8	27	45	0.47	
TPCC	WAIT_DIE	28	194116.21	COMMIT	21682	744714	27118	0	0	ABORT	22366	3247819	77929	1399212	0	0	25	2953	16495	31820	0	9	29	52	0.49	
TPCC	WAIT_DIE	32	190720.66	COMMIT	19020	669098	24978	0	0	ABORT	20435	3323838	78602	1352330	0	0	25	4162	17816	31886	0	11	31	52	0.51	
TPCC	WAIT_DIE	36	195392.16	COMMIT	17496	620858	26326	0	0	ABORT	20000	3372529	82909	1435192	0	0	26	4816	19452	34916	0	12	33	56	0.52	
TPCC	WOUND_WAIT	1	48761.67	COMMIT	191959	3984984	0	0	0	ABORT	0	0	0	0	0	0	9	175	195	209	0	0	0	0	0.00	
TPCC	WOUND_WAIT	4	105408.59	COMMIT	103810	2928319	101605	0	0	ABORT	6327	1054546	17234	37836	0	0	13	504	1148	2508	0	2	5	9	0.06	
TPCC	WOUND_WAIT	8	141377.55	COMMIT	66150	2030439	134580	0	0	ABORT	9974	1957231	41891	319590	0	0	15	871	3787	8674	0	3	10	18	0.13	
TPCC	WOUND_WAIT	12	157231.21	COMMIT	46470	1503672	123605	0	0	ABORT	10959	2490879	61969	637727	0	0	17	1226	7037	14519	0	5	15	27	0.18	
TPCC	WOUND_WAIT	16	165988.49	COMMIT	35398	1236601	123324	0	0	ABORT	11299	2757644	87416	813471	0	0	18	1604	9538	19224	0	6	19	34	0.23	
TPCC	WOUND_WAIT	20	175012.68	COMMIT	28754	1042475	124141	0	0	ABORT	11192	2953241	118582	999757	0	0	20	1999	12158	23592	0	7	23	40	0.26	
TPCC	WOUND_WAIT	24	176386.33	COMMIT	25143	962266	130754	0	0	ABORT	10986	3032764	124017	1093213	0	0	21	2433	16043	32478	0	8	28	52	0.29	
TPCC	WOUND_WAIT	28	175976.46	COMMIT	21805	846034	116005	0	0	ABORT	11515	3146790	140032	1143014	0	0	22	3268	17361	34426	0	9	30	55	0.33	
TPCC	WOUND_WAIT	32	186303.82	COMMIT	19771	783749	124097	0	0	ABORT	11623	3211078	159564	1209460	0	0	23	3736	19062	36523	0	10	32	59	0.36	
TPCC	WOUND_WAIT	36	174888.03	COMMIT	16919	673148	110857	0	0	ABORT	12378	3320561	178892	1202908	0	0	23	5005	20119	37278	0	12	34	59	0.41	
TPCC	DLOCK	1	46952.51	COMMIT	184887	3985920	130708	0	0	ABORT	0	0	0	0	0	0	9	171	192	206	0	0	0	0	0.00	
TPCC	DLOCK	4	128565.63	COMMIT	128197	3903326	314544	0	0	ABORT	3936	77843	15684	8802	0	0	15	265	326	367	0	1	3	4	0.02	
TPCC	DLOCK	8	221255.65	COMMIT	110189	3891414	555652	0	0	ABORT	4125	93618	30944	10359	0	0	20	295	367	453	0	1	3	5	0.03	
TPCC	DLOCK	12	291951.98	COMMIT	96210	3884438	871118	0	0	ABORT	3491	107957	39800	27619	0	0	26	296	382	1553	0	1	2	9	0.03	
TPCC	DLOCK	16	326494.03	COMMIT	79447	3836928	1184261	0	0	ABORT	4677	155867	49915	55355	0	0	34	310	402	2385	0	1	2	11	0.05	
TPCC	DLOCK	20	335236.20	COMMIT	65090	3820525	1559232	0	0	ABORT	4620	172086	52208	74568	0	0	46	329	426	3321	0	1	2	12	0.06	
TPCC	DLOCK	24	337298.72	COMMIT	54629	3809558	1854482	0	0	ABORT	4614	182746	55763	83212	0	0	58	340	444	4123	0	1	2	14	0.07	
TPCC	DLOCK	28	337782.73	COMMIT	46608	3820584	2094765	0	0	ABORT	4162	173737	48776	84904	0	0	71	348	457	4812	0	1	3	16	0.08	
TPCC	DLOCK	32	332074.72	COMMIT	40321	3820488	2411711	0	0	ABORT	4043	173078	49618	89166	0	0	88	335	446	5684	0	1	3	18	0.09	
TPCC	DLOCK	36	325207.39	COMMIT	34933	3822170	2613120	0	0	ABORT	3714	168387	44179	92667	0	0	102	327	437	5861	0	2	3	19	0.10	
TPCC	HLOCK	1	45323.14	COMMIT	177376	3989398	327217	0	0	ABORT	0	0	0	0	0	0	9	164	183	197	0	0	0	0	0.00	
TPCC	HLOCK	4	105840.77	COMMIT	102882	2934643	256809	0	0	ABORT	17184	1043006	7056	63662	0	0	11	450	889	1382	0	4	6	8	0.14	
TPCC	HLOCK	8	161657.76	COMMIT	78489	2237267	211842	0	0	ABORT	27611	1746596	15569	141795	0	0	11	739	1678	2707	0	5	9	15	0.26	
TPCC	HLOCK	12	195205.85	COMMIT	63365	1867637	179916	0	0	ABORT	31595	2124723	23027	212355	0	0	12	1063	2620	4170	0	7	13	22	0.33	
TPCC	HLOCK	16	214905.58	COMMIT	51066	1578434	151948	0	0	ABORT	33333	2414259	23283	333522	0	0	13	1380	3505	5799	0	8	17	28	0.39	
TPCC	HLOCK	20	231708.44	COMMIT	43441	1420062	135887	0	0	ABORT	34266	2569526	25690	448894	0	0	13	1682	4538	7761	0	9	21	37	0.43	
TPCC	HLOCK	24	240902.02	COMMIT	38190	1311237	118122	0	0	ABORT	34191	2681313	30559	504519	0	0	13	1984	5292	8861	0	10	23	39	0.47	
TPCC	HLOCK	28	244966.35	COMMIT	33021	1173336	106504	0	0	ABORT	33318	2819104	29725	588115	0	0	14	2371	6486	10806	0	11	27	46	0.50	
TPCC	HLOCK	32	271420.43	COMMIT	31018	1116226	99742	0	0	ABORT	34604	2875752	37482	733219	0	0	14	2373	6817	11229	0	11	28	50	0.52	
TPCC	HLOCK	36	263856.75	COMMIT	25816	925468	87596	0	0	ABORT	31727	3064675	29406	682081	0	0	14	2916	7577	11808	0	13	32	52	0.54	
TPCC	SILO	1	56047.76	COMMIT	220894	3989937	0	0	0	ABORT	0	0	0	0	0	0	8	148	166	176	0	0	0	0	0.00	
TPCC	SILO	4	134474.21	COMMIT	135018	2914973	0	0	0	ABORT	25857	1075385	0	67963	0	0	13	370	774	1173	0	3	5	8	0.16	
TPCC	SILO	8	204824.46	COMMIT	102456	2300924	0	0	0	ABORT	42742	1686828	0	166907	0	0	16	585	1462	2456	0	5	10	16	0.29	
TPCC	SILO	12	258729.95	COMMIT	85997	2024326	0	0	0	ABORT	54139	1963812	0	273253	0	0	18	671	2196	3869	0	6	14	25	0.39	
TPCC	SILO	16	263334.98	COMMIT	64644	1550560	0	0	0	ABORT	50862	2436350	0	328878	0	0	19	1142	2999	5050	0	8	19	31	0.44	
TPCC	SILO	20	278468.59	COMMIT	53114	1442371	0	0	0	ABORT	50173	2548703	0	424236	0	0	22	1328	4278	7198	0	8	25	40	0.48	
TPCC	SILO	24	270067.33	COMMIT	41938	1196810	0	0	0	ABORT	45794	2791279	0	460447	0	0	23	1814	5362	9112	0	10	29	48	0.52	
TPCC	SILO	28	261615.06	COMMIT	36755	1071383	0	0	0	ABORT	41884	2920236	0	379527	0	0	24	2359	6241	10736	0	12	32	51	0.53	
TPCC	SILO	32	279619.57	COMMIT	33957	982727	0	0	0	ABORT	43032	3009056	0	468030	0	0	24	2591	7255	12351	0	13	38	63	0.56	
TPCC	SILO	36	281280.07	COMMIT	28219	839468	0	0	0	ABORT	40000	3150608	0	540265	0	0	25	2890	7749	13675	0	14	39	65	0.58	
