bimodal, w/ log1
Rd	Wt	Zip	T	CC	TP	P50	P90	P99	P999	Abt
0.50	0.50	0.99	1	MOCC	0	51189.91	COMMIT	193203	3992365	0	0	0	0	ABORT	0	0	0	0	0	0	0	9	55	266	289	0	0	0	0	0.00	
0.50	0.50	0.99	2	MOCC	0	72337.20	COMMIT	142708	3153734	0	0	0	0	ABORT	36854	837555	0	0	187374	0	0	13	126	316	599	0	4	6	8	0.21	
0.50	0.50	0.99	4	MOCC	0	101071.23	COMMIT	96556	3145297	0	0	0	0	ABORT	34964	846740	0	0	334147	0	0	33	181	699	2176	0	5	8	12	0.26	
0.50	0.50	0.99	8	MOCC	0	99768.09	COMMIT	38830	3287377	0	0	0	0	ABORT	21122	707174	0	0	371353	0	0	50	560	1735	3949	0	6	11	16	0.31	
0.50	0.50	0.99	12	MOCC	0	94950.01	COMMIT	27672	3342075	0	0	0	0	ABORT	15373	653970	0	0	371240	0	0	62	938	2614	5882	0	7	13	21	0.34	
0.50	0.50	0.99	16	MOCC	0	87473.99	COMMIT	19006	3385215	0	0	0	0	ABORT	12137	611765	0	0	348009	0	0	71	1473	3561	7559	0	7	14	22	0.36	
0.50	0.50	0.99	20	MOCC	0	81101.07	COMMIT	13660	3393620	0	0	0	0	ABORT	10003	603475	0	0	346666	0	0	81	2133	4809	9728	0	8	16	27	0.38	
0.50	0.50	0.99	24	MOCC	0	
0.50	0.50	0.99	28	MOCC	0	
0.50	0.50	0.99	32	MOCC	0	
0.50	0.50	0.99	36	MOCC	0	64149.53	COMMIT	6022	3422629	0	0	0	0	ABORT	5487	574237	0	0	304111	0	0	118	4810	10807	25180	0	10	23	39	0.44	
bimodal, w/ log2
Rd	Wt	Zip	T	CC	TP	P50	P90	P99	P999	Abt
0.50	0.50	0.99	1	MOCC	0	61753.89	COMMIT	235035	3990599	0	0	0	0	ABORT	0	0	0	0	0	0	0	8	44	224	246	0	0	0	0	0.00	
0.50	0.50	0.99	2	MOCC	0	77878.13	COMMIT	153312	2915974	0	0	0	0	ABORT	36285	1074725	0	0	224893	0	0	16	145	430	1175	0	4	6	9	0.19	
0.50	0.50	0.99	4	MOCC	0	101901.37	COMMIT	90355	3069285	0	0	0	0	ABORT	29202	923263	0	0	338035	0	0	31	207	978	2949	0	5	9	13	0.23	
0.50	0.50	0.99	8	MOCC	0	103953.08	COMMIT	35545	3238897	0	0	0	0	ABORT	16725	755440	0	0	367103	0	0	43	664	2207	5471	0	6	12	18	0.26	
0.50	0.50	0.99	12	MOCC	0	100326.73	COMMIT	27139	3257274	0	0	0	0	ABORT	12762	739142	0	0	420070	0	0	52	958	3356	9708	0	6	14	23	0.29	
0.50	0.50	0.99	16	MOCC	0	
0.50	0.50	0.99	20	MOCC	0	89133.53	COMMIT	13763	3305837	0	0	0	0	ABORT	8562	691420	0	0	401805	0	0	69	1973	5674	20538	0	7	19	40	0.34	
0.50	0.50	0.99	24	MOCC	0	83680.38	COMMIT	11426	3322514	0	0	0	0	ABORT	7031	674729	0	0	411418	0	0	80	2425	6434	26581	0	8	21	48	0.36	
0.50	0.50	0.99	28	MOCC	0	79483.53	COMMIT	9131	3309048	0	0	0	0	ABORT	6060	688019	0	0	413909	0	0	87	3066	8040	34057	0	9	24	60	0.38	
0.50	0.50	0.99	32	MOCC	0	
0.50	0.50	0.99	36	MOCC	0	69915.25	COMMIT	5986	3340164	0	0	0	0	ABORT	4689	656622	0	0	387680	0	0	103	4530	10692	54115	0	10	28	81	0.41	
bimodal, w/ log1
Rd	Wt	Zip	T	CC	TP	P50	P90	P99	P999	Abt
0.50	0.50	0.99	1	MOCC	0	51494.26	COMMIT	194355	3991903	0	0	0	0	ABORT	0	0	0	0	0	0	0	0.00	
0.50	0.50	0.99	2	MOCC	0	72548.32	COMMIT	143330	3164354	0	0	0	0	ABORT	36637	826933	0	0	180943	0	0	0.21	
0.50	0.50	0.99	4	MOCC	0	100916.30	COMMIT	95324	3144713	0	0	0	0	ABORT	35361	846956	0	0	328916	0	0	37	126	211	321	0	4	6	7	0.26	
0.50	0.50	0.99	8	MOCC	0	101766.92	COMMIT	41547	3281296	0	0	0	0	ABORT	22290	713099	0	0	356762	0	0	54	483	850	1282	0	5	7	8	0.31	
0.50	0.50	0.99	12	MOCC	0	91984.05	COMMIT	25351	3362254	0	0	0	0	ABORT	15410	634435	0	0	343700	0	0	68	940	1667	2486	0	5	7	8	0.34	
0.50	0.50	0.99	16	MOCC	0	87691.56	COMMIT	20117	3383737	0	0	0	0	ABORT	12628	612888	0	0	348437	0	0	80	1327	2267	3306	0	5	7	8	0.36	
0.50	0.50	0.99	20	MOCC	0	81619.58	COMMIT	14696	3386436	0	0	0	0	ABORT	9687	610402	0	0	357517	0	0	98	1836	3049	4306	0	6	7	8	0.38	
0.50	0.50	0.99	24	MOCC	0	
0.50	0.50	0.99	28	MOCC	0	
0.50	0.50	0.99	32	MOCC	0	
0.50	0.50	0.99	36	MOCC	0	64171.10	COMMIT	6497	3428180	0	0	0	0	ABORT	5717	568648	0	0	317131	0	0	173	4494	7600	10672	0	6	8	10	0.44	
bimodal, w/ log2
Rd	Wt	Zip	T	CC	TP	P50	P90	P99	P999	Abt
0.50	0.50	0.99	1	MOCC	0	61716.45	COMMIT	234880	3990618	0	0	0	0	ABORT	0	0	0	0	0	0	0	0.00	
0.50	0.50	0.99	2	MOCC	0	78019.61	COMMIT	154587	2938815	0	0	0	0	ABORT	36605	1051680	0	0	194027	0	0	22	67	102	175	0	3	4	6	0.19	
0.50	0.50	0.99	4	MOCC	0	101405.38	COMMIT	88759	3060164	0	0	0	0	ABORT	29208	930346	0	0	332881	0	0	35	151	254	441	0	4	5	7	0.23	
0.50	0.50	0.99	8	MOCC	0	103782.31	COMMIT	37221	3221406	0	0	0	0	ABORT	16755	773638	0	0	391218	0	0	46	571	1068	1553	0	4	6	7	0.27	
0.50	0.50	0.99	12	MOCC	0	
0.50	0.50	0.99	16	MOCC	0	94261.46	COMMIT	19243	3294729	0	0	0	0	ABORT	10048	701829	0	0	411996	0	0	68	1291	2222	3244	0	5	6	8	0.32	
0.50	0.50	0.99	20	MOCC	0	88664.02	COMMIT	14618	3321909	0	0	0	0	ABORT	8486	674956	0	0	407106	0	0	82	1752	2994	4280	0	5	7	8	0.34	
0.50	0.50	0.99	24	MOCC	0	83015.91	COMMIT	11099	3312304	0	0	0	0	ABORT	6795	685110	0	0	420167	0	0	96	2279	3880	5479	0	5	7	8	0.36	
0.50	0.50	0.99	28	MOCC	0	
0.50	0.50	0.99	32	MOCC	0	75174.48	COMMIT	7350	3338052	0	0	0	0	ABORT	5324	658997	0	0	390810	0	0	126	3461	5889	8673	0	5	7	9	0.39	
0.50	0.50	0.99	36	MOCC	0	
bimodal, w/ log1
Rd	Wt	Zip	T	CC	TP	P50	P90	P99	P999	Abt
0.50	0.50	0.99	1	MOCC	0	51398.21	COMMIT	193807	3992582	0	0	0	0	ABORT	0	0	0	0	0	0	0	0.00	
0.50	0.50	0.99	2	MOCC	0	76038.69	COMMIT	148659	3801974	0	0	0	0	ABORT	12134	182116	0	0	58175	0	0	23	79	250	429	0	3	5	6	0.08	bimodal, w/ log1
Rd	Wt	Zip	T	CC	TP	P50	P90	P99	P999	Abt
0.50	0.50	0.99	1	MOCC	0	51227.28	COMMIT	193498	3992285	0	0	0	0	ABORT	0	0	0	0	0	0	0	8	55	261	282	0	0	0	0	0.00	
0.50	0.50	0.99	2	MOCC	0	75758.85	COMMIT	148452	3811100	0	0	0	0	ABORT	11823	181534	0	0	57511	0	0	23	86	290	483	0	3	5	6	0.07	
0.50	0.50	0.99	4	MOCC	0	100207.74	COMMIT	94079	3680378	0	0	0	0	ABORT	18679	313454	0	0	112163	0	0	37	136	332	754	0	4	6	7	0.16	
0.50	0.50	0.99	8	MOCC	0	101144.60	COMMIT	37972	3755102	0	0	0	0	ABORT	11483	240966	0	0	79609	0	0	54	492	914	1895	0	5	7	9	0.21	
0.50	0.50	0.99	12	MOCC	0	
0.50	0.50	0.99	16	MOCC	0	87980.40	COMMIT	17512	3807966	0	0	0	0	ABORT	6284	190022	0	0	57420	0	0	81	1346	2346	3587	0	5	7	11	0.25	
0.50	0.50	0.99	20	MOCC	0	
0.50	0.50	0.99	24	MOCC	0	77595.74	COMMIT	11047	3823041	0	0	0	0	ABORT	4801	174945	0	0	46381	0	0	113	2358	4008	6349	0	6	8	13	0.28	
0.50	0.50	0.99	28	MOCC	0	
0.50	0.50	0.99	32	MOCC	0	68759.18	COMMIT	6539	3836701	0	0	0	0	ABORT	3127	161400	0	0	34246	0	0	149	3719	6579	10145	0	6	8	15	0.30	
0.50	0.50	0.99	36	MOCC	0	65314.69	COMMIT	5931	3823149	0	0	0	0	ABORT	2937	174536	0	0	44063	0	0	167	4391	7534	12303	0	6	8	17	0.31	
bimodal, w/ log2
Rd	Wt	Zip	T	CC	TP	P50	P90	P99	P999	Abt
0.50	0.50	0.99	1	MOCC	0	61852.57	COMMIT	235443	3990787	0	0	0	0	ABORT	0	0	0	0	0	0	0	8	44	222	244	0	0	0	0	0.00	
0.50	0.50	0.99	2	MOCC	0	85067.57	COMMIT	167272	3796789	0	0	0	0	ABORT	10954	190760	0	0	43104	0	0	22	72	297	550	0	3	4	5	0.06	
0.50	0.50	0.99	4	MOCC	0	104449.41	COMMIT	91671	3699073	0	0	0	0	ABORT	15254	295298	0	0	76231	0	0	34	156	463	1105	0	4	5	7	0.13	
0.50	0.50	0.99	8	MOCC	0	105778.80	COMMIT	36231	3725483	0	0	0	0	ABORT	8813	270722	0	0	86268	0	0	46	543	1094	4097	0	4	6	12	0.17	
0.50	0.50	0.99	12	MOCC	0	98330.41	COMMIT	25142	3737502	0	0	0	0	ABORT	6791	260538	0	0	90964	0	0	56	921	1809	7450	0	4	7	18	0.19	
0.50	0.50	0.99	16	MOCC	0	94992.06	COMMIT	17377	3747893	0	0	0	0	ABORT	5619	249997	0	0	92636	0	0	66	1334	2683	10062	0	5	7	22	0.21	
0.50	0.50	0.99	20	MOCC	0	88881.19	COMMIT	14248	3766830	0	0	0	0	ABORT	4953	231044	0	0	72724	0	0	81	1732	3148	10801	0	5	7	24	0.23	
0.50	0.50	0.99	24	MOCC	0	
0.50	0.50	0.99	28	MOCC	0	77995.64	COMMIT	7917	3796960	0	0	0	0	ABORT	3033	201095	0	0	64452	0	0	109	2975	5574	13086	0	5	8	26	0.25	
0.50	0.50	0.99	32	MOCC	0	74843.87	COMMIT	7556	3803449	0	0	0	0	ABORT	2913	193535	0	0	59350	0	0	125	3443	6212	14036	0	5	8	28	0.27	
0.50	0.50	0.99	36	MOCC	0	71092.21	COMMIT	6164	3783656	0	0	0	0	ABORT	2668	214124	0	0	71157	0	0	140	4099	7443	21728	0	5	8	37	0.27	
