Rd	Wt	Zip	T	CC	TP	P50	P90	P99	P999	Abt
0.00	1.00	0.10	1	DLOCK	0	200242.72	5	5	5	6	9	0	0	0	0	0	0.00	0.00	
0.00	1.00	0.10	4	DLOCK	0	645618.43	6	7	7	8	11	0	0	0	0	0	0.00	0.00	
0.00	1.00	0.10	8	DLOCK	0	1301311.86	6	6	7	7	11	0	0	0	0	0	0.00	0.00	
0.00	1.00	0.10	12	DLOCK	0	1934278.24	6	6	6	7	12	0	0	0	0	0	0.00	0.00	
0.00	1.00	0.10	16	DLOCK	0	2432621.52	6	7	7	8	14	0	0	0	0	0	0.00	0.00	
0.00	1.00	0.10	20	DLOCK	0	2638595.57	7	8	9	10	14	0	0	0	0	0	0.00	0.00	
0.00	1.00	0.10	24	DLOCK	0	2863881.88	8	9	10	10	14	0	0	0	0	0	0.00	0.00	
0.00	1.00	0.10	28	DLOCK	0	3164837.50	8	10	10	11	16	0	0	0	0	0	0.00	0.00	
0.00	1.00	0.10	32	DLOCK	0	3513834.64	9	10	11	12	16	0	0	0	0	0	0.00	0.00	
0.00	1.00	0.10	36	DLOCK	0	3899733.68	9	10	11	12	15	0	0	0	0	0	0.00	0.00	
0.00	1.00	0.10	40	DLOCK	0	4307110.01	9	11	11	12	17	0	0	0	0	0	0.00	0.00	
0.00	1.00	0.10	44	DLOCK	0	4587508.51	9	12	13	14	18	0	0	0	0	0	0.00	0.00	
0.00	1.00	0.10	48	DLOCK	0	4850517.07	9	12	12	13	18	0	0	0	0	0	0.00	0.00	
0.00	1.00	0.10	52	DLOCK	0	5249936.89	9	12	13	14	19	0	0	0	0	0	0.00	0.00	
0.00	1.00	0.10	56	DLOCK	0	5603786.97	9	12	13	14	18	0	0	0	0	0	0.00	0.00	
0.00	1.00	0.10	60	DLOCK	0	5882114.65	10	13	14	15	18	0	0	0	0	0	0.00	0.00	
0.00	1.00	0.10	64	DLOCK	0	6351896.09	9	14	15	16	19	0	0	0	0	0	0.00	0.00	
0.50	0.50	0.10	1	DLOCK	0	303096.59	3	3	3	4	6	0	0	0	0	0	0.00	0.00	
0.50	0.50	0.10	4	DLOCK	0	684112.71	5	6	6	7	9	0	0	0	0	0	0.00	0.00	
0.50	0.50	0.10	8	DLOCK	0	1372958.34	5	6	6	7	10	0	0	0	0	0	0.00	0.00	
0.50	0.50	0.10	12	DLOCK	0	2062020.38	5	6	6	6	11	0	0	0	0	0	0.00	0.00	
0.50	0.50	0.10	16	DLOCK	0	2615270.74	6	6	7	7	12	0	0	0	0	0	0.00	0.00	
0.50	0.50	0.10	20	DLOCK	0	2852460.57	6	8	8	9	13	0	0	0	0	0	0.00	0.00	
0.50	0.50	0.10	24	DLOCK	0	3098769.30	7	9	9	10	14	0	0	0	0	0	0.00	0.00	
0.50	0.50	0.10	28	DLOCK	0	3369614.18	8	9	9	10	14	0	0	0	0	0	0.00	0.00	
0.50	0.50	0.10	32	DLOCK	0	3782062.72	8	9	10	10	15	0	0	0	0	0	0.00	0.00	
0.50	0.50	0.10	36	DLOCK	0	4184330.65	8	10	10	11	15	0	0	0	0	0	0.00	0.00	
0.50	0.50	0.10	40	DLOCK	0	4444181.42	9	10	11	12	16	0	0	0	0	0	0.00	0.00	
0.50	0.50	0.10	44	DLOCK	0	4769767.84	9	10	11	12	16	0	0	0	0	0	0.00	0.00	
0.50	0.50	0.10	48	DLOCK	0	5125898.65	9	11	11	12	17	0	0	0	0	0	0.00	0.00	
0.50	0.50	0.10	52	DLOCK	0	5591479.31	9	11	11	12	17	0	0	0	0	0	0.00	0.00	
0.50	0.50	0.10	56	DLOCK	0	5748686.29	9	12	13	14	17	0	0	0	0	0	0.00	0.00	
0.50	0.50	0.10	60	DLOCK	0	6279020.52	9	11	12	13	17	0	0	0	0	0	0.00	0.00	
0.50	0.50	0.10	64	DLOCK	0	6643090.14	9	12	13	15	17	0	0	0	0	0	0.00	0.00	
0.90	0.10	0.10	1	DLOCK	0	529892.80	1	2	2	2	5	0	0	0	0	0	0.00	0.00	
0.90	0.10	0.10	4	DLOCK	0	746793.46	5	6	6	7	9	0	0	0	0	0	0.00	0.00	
0.90	0.10	0.10	8	DLOCK	0	1485171.23	5	5	6	6	10	0	0	0	0	0	0.00	0.00	
0.90	0.10	0.10	12	DLOCK	0	2180451.41	5	6	6	6	10	0	0	0	0	0	0.00	0.00	
0.90	0.10	0.10	16	DLOCK	0	2797844.65	5	6	6	7	12	0	0	0	0	0	0.00	0.00	
0.90	0.10	0.10	20	DLOCK	0	3080738.49	6	7	8	9	12	0	0	0	0	0	0.00	0.00	
0.90	0.10	0.10	24	DLOCK	0	3364638.40	7	8	8	9	13	0	0	0	0	0	0.00	0.00	
0.90	0.10	0.10	28	DLOCK	0	3729980.16	7	8	9	9	13	0	0	0	0	0	0.00	0.00	
0.90	0.10	0.10	32	DLOCK	0	4107593.14	7	8	9	9	14	0	0	0	0	0	0.00	0.00	
0.90	0.10	0.10	36	DLOCK	0	4624707.24	7	9	9	10	14	0	0	0	0	0	0.00	0.00	
0.90	0.10	0.10	40	DLOCK	0	5010512.47	8	9	9	10	14	0	0	0	0	0	0.00	0.00	
0.90	0.10	0.10	44	DLOCK	0	5362902.12	8	9	10	10	14	0	0	0	0	0	0.00	0.00	
0.90	0.10	0.10	48	DLOCK	0	5723640.38	8	9	10	11	15	0	0	0	0	0	0.00	0.00	
0.90	0.10	0.10	52	DLOCK	0	6247679.40	8	9	10	11	16	0	0	0	0	0	0.00	0.00	
0.90	0.10	0.10	56	DLOCK	0	6603050.56	8	10	10	11	15	0	0	0	0	0	0.00	0.00	
0.90	0.10	0.10	60	DLOCK	0	6960543.75	8	10	10	11	15	0	0	0	0	0	0.00	0.00	
0.90	0.10	0.10	64	DLOCK	0	7314454.64	8	10	11	12	15	0	0	0	0	0	0.00	0.00	
1.00	0.00	0.10	1	DLOCK	0	560368.76	1	1	2	3	6	0	0	0	0	0	0.00	0.00	
1.00	0.00	0.10	4	DLOCK	0	753400.88	5	6	6	6	9	0	0	0	0	0	0.00	0.00	
1.00	0.00	0.10	8	DLOCK	0	1488061.25	5	6	6	6	10	0	0	0	0	0	0.00	0.00	
1.00	0.00	0.10	12	DLOCK	0	2151269.71	5	6	6	7	10	0	0	0	0	0	0.00	0.00	
1.00	0.00	0.10	16	DLOCK	0	2826266.87	5	6	6	7	11	0	0	0	0	0	0.00	0.00	
1.00	0.00	0.10	20	DLOCK	0	3198033.54	6	7	8	8	12	0	0	0	0	0	0.00	0.00	
1.00	0.00	0.10	24	DLOCK	0	3498749.04	6	8	8	9	13	0	0	0	0	0	0.00	0.00	
1.00	0.00	0.10	28	DLOCK	0	3819799.92	7	8	8	9	14	0	0	0	0	0	0.00	0.00	
1.00	0.00	0.10	32	DLOCK	0	4217325.97	7	8	9	10	14	0	0	0	0	0	0.00	0.00	
1.00	0.00	0.10	36	DLOCK	0	4760115.74	7	8	9	10	14	0	0	0	0	0	0.00	0.00	
1.00	0.00	0.10	40	DLOCK	0	5217517.47	7	8	9	10	14	0	0	0	0	0	0.00	0.00	
1.00	0.00	0.10	44	DLOCK	0	5571457.70	7	9	9	10	14	0	0	0	0	0	0.00	0.00	
1.00	0.00	0.10	48	DLOCK	0	5948071.77	8	9	9	10	15	0	0	0	0	0	0.00	0.00	
1.00	0.00	0.10	52	DLOCK	0	6449873.49	8	9	10	11	16	0	0	0	0	0	0.00	0.00	
1.00	0.00	0.10	56	DLOCK	0	6777941.33	8	9	10	11	14	0	0	0	0	0	0.00	0.00	
1.00	0.00	0.10	60	DLOCK	0	7285969.51	8	9	10	11	14	0	0	0	0	0	0.00	0.00	
1.00	0.00	0.10	64	DLOCK	0	7657339.92	8	9	10	11	14	0	0	0	0	0	0.00	0.00	
0.00	1.00	0.90	1	DLOCK	0	491335.95	1	2	2	2	5	0	0	0	0	0	0.00	0.00	
0.00	1.00	0.90	4	DLOCK	0	1022361.55	3	5	5	8	87	0	0	0	0	1	0.00	0.00	
0.00	1.00	0.90	8	DLOCK	0	1694181.53	4	6	9	74	146	0	0	0	1	2	0.03	0.02	
0.00	1.00	0.90	12	DLOCK	0	1959092.97	4	13	27	106	320	0	0	0	1	4	0.06	0.05	
0.00	1.00	0.90	16	DLOCK	0	1890728.97	4	24	60	159	757	0	0	1	2	6	0.09	0.06	
0.00	1.00	0.90	20	DLOCK	0	1457454.76	4	32	59	127	1371	0	0	1	1	4	0.10	0.06	
0.00	1.00	0.90	24	DLOCK	0	1378553.76	5	39	74	150	1448	0	0	1	1	4	0.11	0.06	
0.00	1.00	0.90	28	DLOCK	0	1231297.13	5	50	89	172	1281	0	0	1	2	5	0.11	0.07	
0.00	1.00	0.90	32	DLOCK	0	1193116.45	6	59	99	180	737	0	0	1	2	4	0.11	0.07	
0.00	1.00	0.90	36	DLOCK	0	1083807.55	6	58	109	220	1705	0	0	1	2	6	0.12	0.07	
0.00	1.00	0.90	40	DLOCK	0	
0.00	1.00	0.90	44	DLOCK	0	1041174.98	6	74	129	229	1235	0	0	1	2	5	0.12	0.07	
0.00	1.00	0.90	48	DLOCK	0	1036614.20	6	79	137	232	535	0	0	1	1	3	0.11	0.08	
0.00	1.00	0.90	52	DLOCK	0	993654.95	6	82	150	273	883	0	0	1	2	4	0.11	0.08	
0.00	1.00	0.90	56	DLOCK	0	999152.92	6	86	164	299	1008	0	0	1	2	4	0.12	0.08	
0.00	1.00	0.90	60	DLOCK	0	945878.15	7	100	186	333	623	0	0	1	2	3	0.12	0.08	
0.00	1.00	0.90	64	DLOCK	0	943478.06	6	105	224	386	1465	0	0	1	2	4	0.13	0.08	
0.50	0.50	0.90	1	DLOCK	0	594741.25	1	1	1	2	4	0	0	0	0	0	0.00	0.00	
0.50	0.50	0.90	4	DLOCK	0	1167692.04	3	4	4	5	9	0	0	0	0	0	0.00	0.00	
0.50	0.50	0.90	8	DLOCK	0	2142626.70	3	4	5	8	82	0	0	0	0	1	0.00	0.00	
0.50	0.50	0.90	12	DLOCK	0	2956821.48	3	5	6	19	107	0	0	0	0	1	0.01	0.01	
0.50	0.50	0.90	16	DLOCK	0	3598199.05	3	5	9	62	138	0	0	0	1	2	0.02	0.02	
0.50	0.50	0.90	20	DLOCK	0	2763601.56	4	9	22	112	754	0	0	0	1	5	0.04	0.03	
0.50	0.50	0.90	24	DLOCK	0	2409286.68	5	11	34	131	1133	0	0	0	1	5	0.07	0.03	
0.50	0.50	0.90	28	DLOCK	0	2213210.99	5	17	51	134	561	0	0	0	1	3	0.07	0.03	
0.50	0.50	0.90	32	DLOCK	0	2158552.86	5	17	59	150	576	0	0	0	1	3	0.08	0.03	
0.50	0.50	0.90	36	DLOCK	0	2102040.41	5	17	57	140	467	0	0	0	1	3	0.07	0.03	
0.50	0.50	0.90	40	DLOCK	0	2050552.09	5	19	58	140	413	0	0	0	1	3	0.07	0.03	
0.50	0.50	0.90	44	DLOCK	0	1947505.37	5	20	66	156	535	0	0	0	1	3	0.08	0.03	
0.50	0.50	0.90	48	DLOCK	0	1829146.12	6	29	79	172	383	0	0	0	1	3	0.08	0.03	
0.50	0.50	0.90	52	DLOCK	0	1786959.91	6	21	74	191	589	0	0	0	1	3	0.09	0.03	
0.50	0.50	0.90	56	DLOCK	0	1700447.82	6	18	72	214	1275	0	0	0	1	4	0.09	0.03	
0.50	0.50	0.90	60	DLOCK	0	1782176.96	5	20	74	224	775	0	0	0	1	3	0.07	0.03	
0.50	0.50	0.90	64	DLOCK	0	1679020.92	6	35	90	239	463	0	0	0	1	3	0.09	0.04	
0.90	0.10	0.90	1	DLOCK	0	709599.59	1	1	1	1	4	0	0	0	0	0	0.00	0.00	
0.90	0.10	0.90	4	DLOCK	0	1348880.70	2	3	4	4	6	0	0	0	0	0	0.00	0.00	
0.90	0.10	0.90	8	DLOCK	0	2564043.80	3	4	4	4	7	0	0	0	0	0	0.00	0.00	
0.90	0.10	0.90	12	DLOCK	0	3494312.09	3	4	4	5	8	0	0	0	0	0	0.00	0.00	
0.90	0.10	0.90	16	DLOCK	0	4745575.75	3	4	4	5	10	0	0	0	0	0	0.00	0.00	
0.90	0.10	0.90	20	DLOCK	0	4978149.65	3	5	5	7	13	0	0	0	0	0	0.00	0.00	
0.90	0.10	0.90	24	DLOCK	0	5200236.82	4	5	6	9	19	0	0	0	0	0	0.00	0.00	
0.90	0.10	0.90	28	DLOCK	0	5763938.49	4	6	6	10	34	0	0	0	0	0	0.00	0.00	
0.90	0.10	0.90	32	DLOCK	0	6329678.03	4	6	7	11	62	0	0	0	0	1	0.00	0.00	
0.90	0.10	0.90	36	DLOCK	0	6558617.89	5	6	7	14	96	0	0	0	0	1	0.00	0.00	
0.90	0.10	0.90	40	DLOCK	0	6673433.01	5	7	8	19	145	0	0	0	0	1	0.00	0.00	
0.90	0.10	0.90	44	DLOCK	0	6724177.08	5	7	8	28	191	0	0	0	0	1	0.01	0.00	
0.90	0.10	0.90	48	DLOCK	0	6721093.98	5	7	9	48	213	0	0	0	0	2	0.01	0.00	
0.90	0.10	0.90	52	DLOCK	0	6109533.53	5	7	9	58	343	0	0	0	0	2	0.02	0.00	
0.90	0.10	0.90	56	DLOCK	0	5736023.30	5	7	9	69	312	0	0	0	0	2	0.02	0.00	
0.90	0.10	0.90	60	DLOCK	0	
0.90	0.10	0.90	64	DLOCK	0	5325889.19	5	8	9	78	339	0	0	0	0	2	0.03	0.01	
1.00	0.00	0.90	1	DLOCK	0	741284.05	1	1	1	1	4	0	0	0	0	0	0.00	0.00	
1.00	0.00	0.90	4	DLOCK	0	1477045.37	2	3	3	4	5	0	0	0	0	0	0.00	0.00	
1.00	0.00	0.90	8	DLOCK	0	2532827.71	3	4	4	4	6	0	0	0	0	0	0.00	0.00	
1.00	0.00	0.90	12	DLOCK	0	3650537.34	3	4	4	5	6	0	0	0	0	0	0.00	0.00	
1.00	0.00	0.90	16	DLOCK	0	5239069.50	2	3	4	4	5	0	0	0	0	0	0.00	0.00	
1.00	0.00	0.90	20	DLOCK	0	5326977.65	3	4	5	6	8	0	0	0	0	0	0.00	0.00	
1.00	0.00	0.90	24	DLOCK	0	5857137.71	3	5	5	6	9	0	0	0	0	0	0.00	0.00	
1.00	0.00	0.90	28	DLOCK	0	6525178.80	4	5	6	7	9	0	0	0	0	0	0.00	0.00	
1.00	0.00	0.90	32	DLOCK	0	7237826.09	4	5	6	7	10	0	0	0	0	0	0.00	0.00	
1.00	0.00	0.90	36	DLOCK	0	7879662.30	4	5	6	7	10	0	0	0	0	0	0.00	0.00	
1.00	0.00	0.90	40	DLOCK	0	8211369.14	4	6	6	7	9	0	0	0	0	0	0.00	0.00	
1.00	0.00	0.90	44	DLOCK	0	8741211.14	4	6	6	7	10	0	0	0	0	0	0.00	0.00	
1.00	0.00	0.90	48	DLOCK	0	8638708.12	5	7	7	8	11	0	0	0	0	0	0.00	0.00	
1.00	0.00	0.90	52	DLOCK	0	9227391.45	5	7	7	8	11	0	0	0	0	0	0.00	0.00	
1.00	0.00	0.90	56	DLOCK	0	9086920.40	6	8	8	10	12	0	0	0	0	0	0.00	0.00	
1.00	0.00	0.90	60	DLOCK	0	9340179.12	6	8	9	10	12	0	0	0	0	0	0.00	0.00	
1.00	0.00	0.90	64	DLOCK	0	9443410.03	6	9	10	12	15	0	0	0	0	0	0.00	0.00	
