YCSB-A w/ 10% RO

(16 records per RO)
bimodal, w/o log (stored procedure)
Rd	Wt	Zip	T	CC	TP	P50	P90	P99	P999	Abt
0.50	0.50	0.99	1	SILO	0	201053.73	COMMIT	802157	3955756	0	0	3441496	330228	ABORT	0	0	0	0	0	0	0	11	15	18	28	0	0	0	0	0.00	
0.50	0.50	0.99	2	SILO	0	287846.52	COMMIT	629589	3705005	0	0	3130967	421357	ABORT	18677	258570	0	0	44365	195948	12737	14	29	47	103	0	1	2	3	0.03	
0.50	0.50	0.99	4	SILO	0	484824.37	COMMIT	539829	3082236	0	0	2567136	386515	ABORT	46727	884349	0	0	388091	456493	27499	15	65	289	2116	0	2	4	5	0.09	
0.50	0.50	0.99	8	SILO	0	546807.04	COMMIT	281785	1592192	0	0	1310966	213419	ABORT	44220	2392789	0	0	1947015	409044	25270	17	114	1104	17635	0	4	6	10	0.13	
0.50	0.50	0.99	12	SILO	0	608942.09	COMMIT	267873	1523896	0	0	1250281	209398	ABORT	48928	2460035	0	0	1975682	444094	27850	19	178	2159	18967	0	5	9	14	0.16	
0.50	0.50	0.99	16	SILO	0	682482.16	COMMIT	203599	1159930	0	0	936806	162894	ABORT	47290	2882513	0	0	2426826	414629	27101	20	294	3407	29301	1	6	11	19	0.19	
0.50	0.50	0.99	20	SILO	0	768600.25	COMMIT	162440	910196	0	0	736737	134764	ABORT	44973	3076608	0	0	2652456	386906	25800	21	547	4517	36541	1	7	14	23	0.21	
0.50	0.50	0.99	24	SILO	0	833947.83	COMMIT	153280	860324	0	0	692428	129293	ABORT	46928	3321729	0	0	2883704	398576	26676	21	780	5344	45925	1	8	16	26	0.23	
0.50	0.50	0.99	28	SILO	0	904124.15	COMMIT	181123	1028643	0	0	829221	153132	ABORT	53388	2955905	0	0	2456640	454822	30198	22	1062	5921	39950	1	9	18	29	0.25	
0.50	0.50	0.99	32	SILO	0	973668.18	COMMIT	128925	728756	0	0	582501	113654	ABORT	48328	3285895	0	0	2842324	402837	28178	23	1308	6454	43612	1	9	19	32	0.27	
0.50	0.50	0.99	36	SILO	0	1059260.82	COMMIT	113182	649670	0	0	518869	102194	ABORT	47145	3361945	0	0	2927503	394360	27598	23	1674	7056	39311	1	10	21	34	0.29	
0.50	0.50	0.99	1	DLOCK	0	189239.31	COMMIT	752813	3958909	257961	0	3170390	581041	ABORT	0	0	0	0	0	0	0	11	15	18	31	0	0	0	0	0.00	
0.50	0.50	0.99	2	DLOCK	0	279605.21	COMMIT	598873	3868438	296301	36478	3004892	678778	ABORT	8741	96835	1607	2161	17516	65298	11251	14	24	34	64	0	1	2	3	0.02	
0.50	0.50	0.99	4	DLOCK	0	470156.57	COMMIT	485588	3371599	310043	122062	2552111	659583	ABORT	29669	665050	15386	24466	383491	225115	46994	14	33	85	335	0	2	3	5	0.05	
0.50	0.50	0.99	8	DLOCK	0	656705.73	COMMIT	423755	3158151	297030	280443	2388483	637224	ABORT	40969	815769	18061	57682	427598	315952	58947	15	52	168	822	0	3	4	6	0.09	
0.50	0.50	0.99	12	DLOCK	0	
0.50	0.50	0.99	16	DLOCK	0	780587.80	COMMIT	198583	2547398	192395	891135	2030409	424834	ABORT	44697	1438330	20855	169178	840282	502749	76454	19	115	273	1532	0	4	6	8	0.19	
0.50	0.50	0.99	20	DLOCK	0	777504.91	COMMIT	157296	2670961	187837	1281623	2213095	395062	ABORT	46579	1314915	26450	259563	585997	623251	88715	21	154	349	881	0	5	6	7	0.22	
0.50	0.50	0.99	24	DLOCK	0	743031.24	COMMIT	124557	2673878	170850	1488522	2269318	347372	ABORT	44006	1312711	31427	323409	513141	687416	94730	22	165	357	1041	0	6	7	8	0.25	
0.50	0.50	0.99	28	DLOCK	0	713534.56	COMMIT	98489	2787038	180593	1750626	2406019	334093	ABORT	41754	1202416	38044	381151	329994	755399	101186	24	185	309	503	1	6	7	8	0.28	
0.50	0.50	0.99	32	DLOCK	0	
0.50	0.50	0.99	36	DLOCK	0	645422.78	COMMIT	70629	2807240	161481	1962198	2487350	283573	ABORT	33868	1181706	44985	431058	287271	778633	101303	25	261	444	632	1	7	8	9	0.31	
bimodal, w/o log (stored procedure)
Rd	Wt	Zip	T	CC	TP	P50	P90	P99	P999	Abt
0.50	0.50	0.99	1	DLOCK	0	189441.41	COMMIT	753966	3958500	253699	0	3181153	570979	ABORT	0	0	0	0	0	0	0	10	15	17	33	0	0	0	0	0.00	
0.50	0.50	0.99	2	DLOCK	0	280712.46	COMMIT	606018	3821361	269965	35731	2994539	640917	ABORT	11086	144217	1811	2045	23825	104924	11675	13	27	41	75	0	1	2	3	0.02	
0.50	0.50	0.99	4	DLOCK	0	485172.24	COMMIT	517152	3415032	264483	113135	2627443	619681	ABORT	33098	554270	8617	20795	202027	302845	38590	14	48	153	600	0	2	3	5	0.06	
0.50	0.50	0.99	8	DLOCK	0	649336.13	COMMIT	397907	2781392	223914	233506	2129966	524529	ABORT	47927	1193940	13279	68345	675676	445901	57071	15	82	493	4020	0	3	5	7	0.11	
0.50	0.50	0.99	12	DLOCK	0	745651.09	COMMIT	315923	2570826	195470	444115	1988007	466462	ABORT	49497	1408648	14121	125148	808874	519056	62566	17	119	1148	11299	0	4	7	10	0.14	
0.50	0.50	0.99	16	DLOCK	0	798416.98	COMMIT	223087	2501919	169558	812133	2001573	402055	ABORT	47124	1485538	17780	221360	771163	623703	71108	20	121	988	10491	1	4	7	11	0.18	
0.50	0.50	0.99	20	DLOCK	0	808428.28	COMMIT	163854	2582335	162143	1233386	2155334	361074	ABORT	41817	1403600	22342	248144	687815	624636	75047	20	114	698	5992	1	4	7	10	0.21	
0.50	0.50	0.99	24	DLOCK	0	781646.26	COMMIT	130533	2621276	158808	1460421	2232562	328290	ABORT	38347	1362942	29199	314193	581013	683560	80518	20	117	479	2772	1	4	7	10	0.23	
0.50	0.50	0.99	28	DLOCK	0	746511.39	COMMIT	110819	2822104	163363	1759736	2452457	316676	ABORT	36591	1167623	36205	373772	317096	747578	88196	21	131	318	1554	1	4	7	10	0.25	
0.50	0.50	0.99	32	DLOCK	0	692217.30	COMMIT	86225	2898247	164706	1979498	2559151	296404	ABORT	32418	1092348	44586	398099	222241	763064	93979	21	155	276	1161	1	4	7	10	0.27	
0.50	0.50	0.99	36	DLOCK	0	679637.31	COMMIT	75255	2845166	149132	2016474	2541790	265868	ABORT	30669	1145894	42705	450690	237537	805858	90048	21	170	284	1156	1	4	7	10	0.28	


(48 records per RO)
bimodal, w/o log (stored procedure)
Rd	Wt	Zip	T	CC	TP	P50	P90	P99	P999	Abt
0.50	0.50	0.99	1	DLOCK	0	139952.14	COMMIT	555924	3969754	183972	0	3384977	426715	ABORT	0	0	0	0	0	0	0	30	37	42	89	0	0	0	0	0.00	
0.50	0.50	0.99	2	DLOCK	0	192503.51	COMMIT	421714	3324016	187161	17498	2727404	462780	ABORT	19760	650816	793	975	101118	527327	15470	41	107	259	969	0	3	4	6	0.05	
0.50	0.50	0.99	4	DLOCK	0	250775.93	COMMIT	238178	1815023	117265	28636	1439570	285827	ABORT	28061	2169749	1621	3183	1485068	653831	20904	51	303	2235	22891	1	5	8	11	0.10	
0.50	0.50	0.99	8	DLOCK	0	308253.82	COMMIT	200363	1520050	101703	34617	1193940	251811	ABORT	32196	2530092	915	1591	1789952	708138	20847	58	1294	7714	84011	1	8	14	22	0.15	
0.50	0.50	0.99	12	DLOCK	0	375865.97	COMMIT	119227	933176	67505	40954	712413	163784	ABORT	30571	3100683	929	1934	2464980	604435	20105	65	2404	9940	99999	1	11	19	29	0.19	
0.50	0.50	0.99	16	DLOCK	0	451441.47	COMMIT	118891	959090	69227	52076	729412	169389	ABORT	35190	3194595	1082	2435	2465685	694207	21595	72	3245	10234	73379	2	14	23	35	0.23	
0.50	0.50	0.99	20	DLOCK	0	526509.25	COMMIT	104195	835814	63274	57707	632459	154414	ABORT	36207	3169107	1306	2844	2462123	671538	22416	73	3885	9678	86939	2	16	27	43	0.26	
0.50	0.50	0.99	24	DLOCK	0	604807.34	COMMIT	101008	833845	63841	66181	626657	155479	ABORT	38743	3151083	1379	3418	2407006	703504	24240	77	4542	10026	25160	2	18	30	46	0.28	
0.50	0.50	0.99	28	DLOCK	0	648661.00	COMMIT	95500	801938	61472	72005	601387	150023	ABORT	39982	3175996	1403	4380	2421191	713105	25185	81	5207	10592	16925	2	20	34	49	0.30	
0.50	0.50	0.99	32	DLOCK	0	665258.19	COMMIT	88620	751509	57656	73878	566422	141661	ABORT	38397	3235425	1302	3981	2511426	685728	24380	85	5797	11425	18695	3	21	36	54	0.31	
0.50	0.50	0.99	36	DLOCK	0	682247.27	COMMIT	75385	657936	51776	70324	496679	124486	ABORT	35718	3330311	1467	4648	2663317	631311	22934	88	6271	12107	19123	3	23	38	56	0.32	
bimodal, w/o log (stored procedure)
Rd	Wt	Zip	T	CC	TP	P50	P90	P99	P999	Abt
0.50	0.50	0.99	1	DLOCK	0	136507.57	COMMIT	542231	3969970	185456	0	3369768	440178	ABORT	0	0	0	0	0	0	0	31	38	44	59	0	0	0	0	0.00	
0.50	0.50	0.99	2	DLOCK	0	189544.10	COMMIT	390069	3602443	456060	23101	2731061	745533	ABORT	16798	374128	2188	1588	97551	250306	21389	40	91	222	1103	0	3	5	7	0.03	
0.50	0.50	0.99	4	DLOCK	0	297940.41	COMMIT	308227	3304537	560233	129506	2369758	823294	ABORT	24032	676883	27026	13303	313793	301868	53736	42	150	1193	8860	0	4	8	11	0.06	
0.50	0.50	0.99	8	DLOCK	0	408221.71	COMMIT	210619	2980790	543203	424799	2131680	771865	ABORT	31923	1005017	32369	43956	479091	445366	69642	51	216	2818	12216	0	5	11	20	0.13	
0.50	0.50	0.99	12	DLOCK	0	
0.50	0.50	0.99	16	DLOCK	0	465985.83	COMMIT	100013	2335359	368195	858192	1766904	512456	ABORT	44718	1654978	32961	145873	741605	802057	93192	89	408	4452	18462	2	6	14	33	0.26	
0.50	0.50	0.99	20	DLOCK	0	
0.50	0.50	0.99	24	DLOCK	0	501932.64	COMMIT	80620	2483533	311864	1277504	1995269	449431	ABORT	51454	1506255	40032	209120	375424	990683	122509	132	276	373	515	4	7	7	8	0.36	
0.50	0.50	0.99	28	DLOCK	0	
0.50	0.50	0.99	32	DLOCK	0	
0.50	0.50	0.99	36	DLOCK	0	
bimodal, w/o log (stored procedure)
Rd	Wt	Zip	T	CC	TP	P50	P90	P99	P999	Abt
0.50	0.50	0.99	1	SILO	0	141462.80	COMMIT	563880	3968686	0	0	3581981	254667	ABORT	0	0	0	0	0	0	0	31	39	45	62	0	0	0	0	0.00	
0.50	0.50	0.99	2	SILO	0	189389.51	COMMIT	423692	3220238	0	0	2784155	328390	ABORT	23055	754759	0	0	108391	624215	15336	45	124	294	755	0	3	5	6	0.06	
0.50	0.50	0.99	4	SILO	0	238224.73	COMMIT	298245	2114602	0	0	1798608	241551	ABORT	35194	1866166	0	0	990676	845445	20812	56	392	3738	35929	1	5	9	12	0.12	
0.50	0.50	0.99	8	SILO	0	290103.66	COMMIT	133522	896315	0	0	747727	114850	ABORT	30475	3130636	0	0	2462064	643206	17320	64	1494	7223	99999	1	9	16	22	0.18	
0.50	0.50	0.99	12	SILO	0	359050.07	COMMIT	154138	1037242	0	0	863971	134995	ABORT	38850	2949956	0	0	2130047	787864	21931	70	2745	9804	99999	1	12	21	31	0.22	
0.50	0.50	0.99	16	SILO	0	430632.26	COMMIT	105370	688735	0	0	560136	97219	ABORT	37537	3298485	0	0	2548232	716843	21922	76	3629	10188	88280	2	15	26	37	0.26	
0.50	0.50	0.99	20	SILO	0	510368.82	COMMIT	100511	644265	0	0	524732	94180	ABORT	40661	3633284	0	0	2840834	759235	22263	81	4363	10035	27885	2	17	30	43	0.29	
0.50	0.50	0.99	24	SILO	0	571462.26	COMMIT	100140	641249	0	0	519913	95076	ABORT	43848	3404033	0	0	2559665	807368	24089	87	5163	10848	16802	2	20	34	48	0.31	
0.50	0.50	0.99	28	SILO	0	590793.97	COMMIT	85020	551326	0	0	445657	82484	ABORT	41109	3437020	0	0	2649655	752247	22904	90	5830	11685	17518	3	21	36	51	0.33	
0.50	0.50	0.99	32	SILO	0	610011.27	COMMIT	83214	535291	0	0	431708	80922	ABORT	40964	3451453	0	0	2675403	740508	23364	93	6427	12965	20565	3	23	39	58	0.34	
0.50	0.50	0.99	36	SILO	0	625299.01	COMMIT	72764	470145	0	0	378737	71286	ABORT	37856	3519428	0	0	2805180	682305	20932	95	6971	14213	24149	3	24	43	67	0.35	
bimodal, w/o log (stored procedure)
Rd	Wt	Zip	T	CC	TP	P50	P90	P99	P999	Abt
0.50	0.50	0.99	1	DLOCK	0	135960.58	COMMIT	540425	3968492	185900	0	3368684	441759	ABORT	0	0	0	0	0	0	0	31	38	44	60	0	0	0	0	0.00	
0.50	0.50	0.99	2	DLOCK	0	189591.53	COMMIT	389445	3608121	458337	22821	2732014	747516	ABORT	17032	367686	1211	1722	86251	255790	20770	40	91	228	1506	0	3	5	7	0.03	
0.50	0.50	0.99	4	DLOCK	0	291353.37	COMMIT	301399	3212888	544296	122624	2300275	803333	ABORT	26983	768438	28194	14668	348121	352818	59176	42	161	1092	10454	0	4	8	10	0.06	
0.50	0.50	0.99	8	DLOCK	0	407746.82	COMMIT	199305	2931445	546192	433783	2087215	770869	ABORT	29924	1093504	28492	39822	607557	412214	63229	51	184	2266	11658	0	5	11	18	0.12	
0.50	0.50	0.99	12	DLOCK	0	455140.71	COMMIT	153542	2692759	463408	664097	1968709	655195	ABORT	41645	1295528	38189	95526	515605	673492	90505	68	391	3978	11798	1	6	13	22	0.20	
0.50	0.50	0.99	16	DLOCK	0	466263.74	COMMIT	118855	2577585	400907	894119	1948519	567225	ABORT	46477	1411982	36307	129536	475805	818288	99062	89	391	4259	25927	2	6	13	24	0.26	
0.50	0.50	0.99	20	DLOCK	0	
0.50	0.50	0.99	24	DLOCK	0	
0.50	0.50	0.99	28	DLOCK	0	
0.50	0.50	0.99	32	DLOCK	0	485236.44	COMMIT	57688	2281732	242357	1381354	1906082	348680	ABORT	46903	1708505	44215	280418	555750	1010834	127545	178	418	592	852	5	8	8	9	0.42	
0.50	0.50	0.99	36	DLOCK	0	
bimodal, w/o log (stored procedure)
Rd	Wt	Zip	T	CC	TP	P50	P90	P99	P999	Abt
0.50	0.50	0.99	1	DLOCK	0	140045.00	COMMIT	556375	3969320	184533	0	3394544	427331	ABORT	0	0	0	0	0	0	0	30	37	42	84	0	0	0	0	0.00	
0.50	0.50	0.99	2	DLOCK	0	193494.07	COMMIT	420537	3323070	188557	17497	2731104	464593	ABORT	20185	650623	770	1133	88757	539477	15625	41	107	218	802	0	3	4	5	0.05	
0.50	0.50	0.99	4	DLOCK	0	288725.11	COMMIT	312182	2371251	159296	37194	1881925	382729	ABORT	37606	1608979	2596	4242	683290	884060	29459	54	337	1907	8044	1	4	6	9	0.11	
0.50	0.50	0.99	8	DLOCK	0	406677.34	COMMIT	221850	1751288	146251	76992	1342161	329487	ABORT	47011	2233003	4585	10102	1191661	990010	36415	69	695	4418	20347	1	5	8	12	0.18	
0.50	0.50	0.99	12	DLOCK	0	523703.18	COMMIT	188952	1680594	162483	171433	1257237	344961	ABORT	52842	2305041	6802	20827	1175207	1066284	45171	82	955	3909	14552	2	6	9	12	0.22	
0.50	0.50	0.99	16	DLOCK	0	592176.38	COMMIT	156450	1725466	167372	358458	1310734	340125	ABORT	53063	2261214	9836	43614	1107568	1083790	49763	96	1082	4416	17590	2	6	9	12	0.25	
0.50	0.50	0.99	20	DLOCK	0	642614.12	COMMIT	132027	1932783	181518	695239	1528648	347524	ABORT	52200	2053158	14621	94703	884127	1090659	59244	103	1024	4538	16370	3	6	9	13	0.28	
0.50	0.50	0.99	24	DLOCK	0	
0.50	0.50	0.99	28	DLOCK	0	652989.23	COMMIT	93509	2456588	186303	1413334	2078877	329702	ABORT	47650	1522251	28140	228593	252678	1169969	78179	119	245	318	395	3	6	7	7	0.33	
0.50	0.50	0.99	32	DLOCK	0	632914.25	COMMIT	78309	2437045	179887	1509402	2090817	307105	ABORT	44116	1550217	30572	283326	291389	1160813	80905	126	285	394	546	3	6	7	8	0.35	
0.50	0.50	0.99	36	DLOCK	0	611372.23	COMMIT	67455	2401227	169468	1571192	2085626	283838	ABORT	41077	1589326	35981	329583	325898	1161010	87257	133	336	460	631	3	7	8	8	0.37	
