Rd	Wt	Zip	T	CC	TP	P50	P90	P99	P999	Abt
0.50	0.50	0.00	36	WAIT_DIE	4115408.92	8	9	10	10	15	|	0	0	0	0	0	|	894
0.50	0.50	0.10	36	WAIT_DIE	4136195.56	8	9	10	10	15	|	0	0	0	0	0	|	839
0.50	0.50	0.20	36	WAIT_DIE	4116965.94	8	9	10	10	15	|	0	0	0	0	0	|	918
0.50	0.50	0.30	36	WAIT_DIE	4154781.14	8	9	10	10	15	|	0	0	0	0	0	|	1051
0.50	0.50	0.40	36	WAIT_DIE	4237423.15	8	9	10	10	18	|	0	0	0	0	0	|	1537
0.50	0.50	0.50	36	WAIT_DIE	4437856.57	8	9	9	10	58	|	0	0	0	0	1	|	3009
0.50	0.50	0.60	36	WAIT_DIE	4643596.55	7	9	9	11	98	|	0	0	0	0	1	|	11499
0.50	0.50	0.70	36	WAIT_DIE	4815542.77	7	9	11	96	178	|	0	0	0	1	3	|	82051
0.50	0.50	0.75	36	WAIT_DIE	4333866.53	6	29	97	306	846	|	0	1	1	5	14	|	400567
0.50	0.50	0.80	36	WAIT_DIE	2397365.92	6	118	279	1179	9124	|	0	1	3	11	26	|	968922
0.50	0.50	0.85	36	WAIT_DIE	1759193.87	6	140	302	4359	13526	|	0	2	3	9	18	|	789426
0.50	0.50	0.90	36	WAIT_DIE	1236682.83	6	150	370	7154	16894	|	0	2	3	6	12	|	730637
0.50	0.50	0.95	36	WAIT_DIE	866936.89	6	175	1887	9329	18904	|	0	2	3	5	9	|	718844
0.50	0.50	0.99	36	WAIT_DIE	674632.94	5	231	3358	10873	20132	|	0	2	2	4	7	|	594845
0.50	0.50	0.00	36	NO_WAIT	4204529.24	8	9	10	10	15	|	0	0	0	0	0	|	1259
0.50	0.50	0.10	36	NO_WAIT	4214181.72	8	9	9	10	16	|	0	0	0	0	0	|	1327
0.50	0.50	0.20	36	NO_WAIT	4188926.74	8	9	10	10	15	|	0	0	0	0	0	|	1470
0.50	0.50	0.30	36	NO_WAIT	4263521.98	8	9	9	10	19	|	0	0	0	0	0	|	1596
0.50	0.50	0.40	36	NO_WAIT	4322607.21	8	9	9	10	36	|	0	0	0	0	1	|	2161
0.50	0.50	0.50	36	NO_WAIT	4517956.78	7	9	9	10	76	|	0	0	0	0	1	|	4570
0.50	0.50	0.60	36	NO_WAIT	4748904.88	7	8	9	16	106	|	0	0	0	1	1	|	18779
0.50	0.50	0.70	36	NO_WAIT	5008288.54	7	8	21	116	317	|	0	0	1	2	5	|	141323
0.50	0.50	0.75	36	NO_WAIT	4094493.02	6	39	108	606	3276	|	0	1	2	10	36	|	712842
0.50	0.50	0.80	36	NO_WAIT	2751068.63	6	82	174	1146	13521	|	0	1	3	11	29	|	767109
0.50	0.50	0.85	36	NO_WAIT	1821343.16	6	102	221	4762	18379	|	0	2	3	9	20	|	651877
0.50	0.50	0.90	36	NO_WAIT	1164002.97	5	125	344	8405	21175	|	0	2	3	8	16	|	754919
0.50	0.50	0.95	36	NO_WAIT	774592.01	5	163	2007	11183	24785	|	0	2	3	7	13	|	692741
0.50	0.50	0.99	36	NO_WAIT	594536.94	5	212	3747	13337	26687	|	0	2	3	6	12	|	678100
0.50	0.50	0.00	36	DL_DETECT	4162241.71	8	9	10	10	14	|	0	0	0	0	0	|	0
0.50	0.50	0.10	36	DL_DETECT	4116864.64	8	9	10	10	13	|	0	0	0	0	0	|	0
0.50	0.50	0.20	36	DL_DETECT	4143468.02	8	9	10	10	14	|	0	0	0	0	0	|	0
0.50	0.50	0.30	36	DL_DETECT	4195553.07	8	9	10	10	14	|	0	0	0	0	0	|	0
0.50	0.50	0.40	36	DL_DETECT	4317868.96	8	9	9	10	14	|	0	0	0	0	0	|	0
0.50	0.50	0.50	36	DL_DETECT	4447083.67	8	9	9	10	15	|	0	0	0	0	0	|	0
0.50	0.50	0.60	36	DL_DETECT	4422136.23	7	9	10	16	24	|	0	0	0	0	0	|	0
0.50	0.50	0.70	36	DL_DETECT	2318174.80	14	23	26	47	110	|	0	0	0	0	0	|	135
0.50	0.50	0.75	36	DL_DETECT	1102906.00	19	42	120	281	785	|	0	0	0	0	1	|	6456
0.50	0.50	0.80	36	DL_DETECT	362242.07	12	348	547	1449	3759	|	0	0	0	2	5	|	89890
0.50	0.50	0.85	36	DL_DETECT	120009.71	11	949	1872	5479	15595	|	0	0	1	5	17	|	457468
0.50	0.50	0.90	36	DL_DETECT	47727.10	199	2582	5028	16813	56797	|	0	2	4	16	56	|	1522135
0.50	0.50	0.95	36	DL_DETECT	23734.18	569	5145	10557	37706	99999	|	0	4	9	36	144	|	3593137
0.50	0.50	0.99	36	DL_DETECT	15152.53	791	8119	17288	63259	99999	|	0	6	15	61	256	|	6295707
0.50	0.50	0.00	36	MVCC	2610305.93	12	14	15	17	529	|	0	0	0	0	0	|	314
0.50	0.50	0.10	36	MVCC	2614965.65	12	14	15	17	525	|	0	0	0	0	0	|	307
0.50	0.50	0.20	36	MVCC	2609505.28	12	14	15	17	539	|	0	0	0	0	0	|	294
0.50	0.50	0.30	36	MVCC	2634456.25	12	14	14	17	523	|	0	0	0	0	0	|	377
0.50	0.50	0.40	36	MVCC	2695561.86	12	14	14	17	476	|	0	0	0	0	0	|	469
0.50	0.50	0.50	36	MVCC	2772955.15	11	13	14	16	474	|	0	0	0	0	0	|	1037
0.50	0.50	0.60	36	MVCC	2836511.02	11	13	14	16	534	|	0	0	0	0	1	|	3604
0.50	0.50	0.70	36	MVCC	2898511.56	10	13	13	48	589	|	0	0	0	1	1	|	18674
0.50	0.50	0.75	36	MVCC	2796050.16	10	13	15	95	671	|	0	0	0	1	1	|	40602
0.50	0.50	0.80	36	MVCC	2508061.58	9	20	39	148	772	|	0	0	0	1	4	|	88268
0.50	0.50	0.85	36	MVCC	905068.09	8	67	117	798	8041	|	0	0	0	4	48	|	485183
0.50	0.50	0.90	36	MVCC	470555.32	8	107	244	2429	14818	|	0	0	1	12	80	|	984335
0.50	0.50	0.95	36	MVCC	290721.98	27	211	606	4487	22933	|	0	1	2	22	121	|	1763143
0.50	0.50	0.99	36	MVCC	198937.28	56	416	1217	6436	32656	|	0	1	5	31	172	|	2644008
0.50	0.50	0.00	36	OCC	3711548.49	9	10	11	11	22	|	0	0	0	0	1	|	1744
0.50	0.50	0.10	36	OCC	3710698.80	9	10	11	11	22	|	0	0	0	0	0	|	1711
0.50	0.50	0.20	36	OCC	3727014.33	9	10	11	11	24	|	0	0	0	0	1	|	1825
0.50	0.50	0.30	36	OCC	3802381.13	9	10	10	11	32	|	0	0	0	0	1	|	2017
0.50	0.50	0.40	36	OCC	3849191.89	9	10	10	11	51	|	0	0	0	0	1	|	2642
0.50	0.50	0.50	36	OCC	3962441.38	9	10	10	11	88	|	0	0	0	0	1	|	5867
0.50	0.50	0.60	36	OCC	4082421.14	8	10	10	37	110	|	0	0	0	1	1	|	22551
0.50	0.50	0.70	36	OCC	3993161.47	8	10	44	114	230	|	0	0	1	2	3	|	135518
0.50	0.50	0.75	36	OCC	2538209.93	10	62	119	349	826	|	0	1	1	4	10	|	433490
0.50	0.50	0.80	36	OCC	1338216.39	11	142	356	1057	2249	|	0	1	4	11	24	|	1048002
0.50	0.50	0.85	36	OCC	873791.14	9	330	683	1632	3367	|	0	3	6	15	31	|	1679164
0.50	0.50	0.90	36	OCC	569414.06	9	616	1054	2243	4643	|	0	5	8	19	40	|	2579782
0.50	0.50	0.95	36	OCC	366702.59	18	968	1509	3055	6050	|	0	6	10	23	47	|	3643706
0.50	0.50	0.99	36	OCC	273670.69	81	1303	1951	3747	7125	|	1	8	13	26	52	|	4689191
