1 storage working thread
Rd	Wt	Zip	T	CC	TP	P50	P90	P99	P999	Abt
0.50	0.50	0.99	1	NO_WAIT	0	78504.46	5	38	57	110	246	0	0	0	0	0	0.00	0.00	
0.50	0.50	0.99	4	NO_WAIT	0	74910.05	18	127	213	638	2814	0	3	6	8	13	0.40	0.15	
0.50	0.50	0.99	8	NO_WAIT	0	170846.52	6	67	137	930	4328	0	3	5	9	17	0.44	0.19	
0.50	0.50	0.99	12	NO_WAIT	0	63731.65	26	285	656	3842	10428	0	6	8	16	31	0.59	0.25	
0.50	0.50	0.99	16	NO_WAIT	0	161203.93	6	87	214	2277	7458	0	4	6	12	25	0.52	0.23	
0.50	0.50	0.99	20	NO_WAIT	0	218485.96	6	65	156	2279	7839	0	4	6	13	26	0.52	0.24	
0.50	0.50	0.99	24	NO_WAIT	0	99222.34	24	220	804	5982	17909	0	6	9	21	49	0.63	0.28	
0.50	0.50	0.99	28	NO_WAIT	0	226402.98	7	77	239	3403	11683	0	5	7	15	35	0.56	0.26	
0.50	0.50	0.99	32	NO_WAIT	0	50535.95	38	831	3218	13455	36110	0	9	14	38	90	0.75	0.31	
0.50	0.50	0.99	1	WAIT_DIE	0	95153.19	5	35	42	82	171	0	0	0	0	0	0.00	0.00	
0.50	0.50	0.99	4	WAIT_DIE	0	94897.77	11	110	175	333	664	0	3	5	7	8	0.40	0.17	
0.50	0.50	0.99	8	WAIT_DIE	0	111569.00	11	228	399	942	1792	0	6	7	9	10	0.56	0.26	
0.50	0.50	0.99	12	WAIT_DIE	0	149176.65	9	212	383	971	1964	0	6	7	9	11	0.60	0.31	
0.50	0.50	0.99	16	WAIT_DIE	0	249088.75	8	175	320	751	1410	0	6	7	9	10	0.62	0.34	
0.50	0.50	0.99	20	WAIT_DIE	0	161691.61	11	355	730	1720	3094	0	7	8	10	13	0.66	0.36	
0.50	0.50	0.99	24	WAIT_DIE	0	163773.18	8	319	672	1746	12113	0	7	8	10	31	0.67	0.36	
0.50	0.50	0.99	28	WAIT_DIE	0	28866.72	107	3135	5155	10503	23344	0	13	16	23	53	0.80	0.41	
0.50	0.50	0.99	32	WAIT_DIE	0	25607.58	63	2764	5464	19311	42932	0	12	16	45	90	0.82	0.39	
0.50	0.50	0.99	1	WOUND_WAIT	0	98377.33	5	22	38	45	593	0	0	0	0	0	0.00	0.00	
0.50	0.50	0.99	4	WOUND_WAIT	0	102811.55	9	94	157	482	860	0	0	0	1	2	0.02	0.02	
0.50	0.50	0.99	8	WOUND_WAIT	0	56105.58	53	384	523	846	1646	0	0	1	2	5	0.08	0.06	
0.50	0.50	0.99	12	WOUND_WAIT	0	95034.87	48	402	564	946	2060	0	0	1	3	6	0.13	0.08	
0.50	0.50	0.99	16	WOUND_WAIT	0	66037.93	63	605	800	1282	2955	0	1	2	4	7	0.18	0.10	
0.50	0.50	0.99	20	WOUND_WAIT	0	55815.87	108	1012	1243	1842	5882	0	1	2	5	9	0.22	0.12	
0.50	0.50	0.99	24	WOUND_WAIT	0	177501.20	17	315	423	877	10364	0	1	3	6	8	0.25	0.13	
0.50	0.50	0.99	28	WOUND_WAIT	0	31692.21	148	1681	2312	12754	27466	0	1	3	7	10	0.29	0.14	
0.50	0.50	0.99	32	WOUND_WAIT	0	25425.04	49	2254	9713	25511	46910	0	2	3	7	12	0.32	0.15	
0.50	0.50	0.99	1	DLOCK	0	50119.42	5	59	90	180	322	0	0	0	0	0	0.00	0.00	
0.50	0.50	0.99	4	DLOCK	0	73674.97	21	144	221	577	1134	0	0	0	1	7	0.04	0.02	
0.50	0.50	0.99	8	DLOCK	0	186428.42	12	113	172	384	1045	0	0	0	4	8	0.10	0.05	
0.50	0.50	0.99	12	DLOCK	0	371756.75	9	92	131	235	909	0	0	1	4	7	0.13	0.07	
0.50	0.50	0.99	16	DLOCK	0	160717.41	29	319	433	719	1581	0	0	1	6	8	0.19	0.09	
0.50	0.50	0.99	20	DLOCK	0	157101.40	23	381	693	1414	2632	0	0	2	6	9	0.22	0.10	
0.50	0.50	0.99	24	DLOCK	0	163894.80	32	525	711	1246	2287	0	1	2	7	9	0.25	0.11	
0.50	0.50	0.99	28	DLOCK	0	144820.73	38	692	930	1485	2666	0	1	3	7	10	0.27	0.11	
0.50	0.50	0.99	32	DLOCK	0	61572.98	105	1917	2423	3441	7957	0	1	4	9	12	0.32	0.12	
0.50	0.50	0.99	1	HLOCK	0	48147.86	9	54	90	152	229	0	0	0	0	0	0.00	0.00	
0.50	0.50	0.99	4	HLOCK	0	233521.83	8	40	68	106	640	0	0	0	1	4	0.05	0.04	
0.50	0.50	0.99	8	HLOCK	0	261638.56	13	74	117	216	768	0	1	1	2	4	0.12	0.10	
0.50	0.50	0.99	12	HLOCK	0	151616.92	37	226	358	555	789	0	1	2	3	5	0.21	0.17	
0.50	0.50	0.99	16	HLOCK	0	208877.67	23	200	324	599	1043	0	2	3	5	7	0.30	0.22	
0.50	0.50	0.99	20	HLOCK	0	134597.99	50	462	723	1180	2716	0	2	4	6	8	0.38	0.25	
0.50	0.50	0.99	24	HLOCK	0	164828.93	39	467	721	1099	1800	0	3	5	7	9	0.43	0.28	
0.50	0.50	0.99	28	HLOCK	0	60120.39	136	1523	2320	3380	5577	0	4	6	9	11	0.49	0.30	
0.50	0.50	0.99	32	HLOCK	0	56503.10	151	1998	3127	4471	6808	0	4	7	10	12	0.53	0.31	
0.50	0.50	0.99	1	SILO	0	62663.31	6	46	67	155	288	0	0	0	0	0	0.00	0.00	
0.50	0.50	0.99	4	SILO	0	161503.67	7	42	81	190	878	0	0	1	3	7	0.12	0.07	
0.50	0.50	0.99	8	SILO	0	62263.57	36	173	521	1598	7886	0	1	2	7	19	0.25	0.11	
0.50	0.50	0.99	12	SILO	0	239352.01	7	40	113	717	5999	0	0	2	7	20	0.24	0.10	
0.50	0.50	0.99	16	SILO	0	114589.58	14	101	307	2826	14959	0	1	2	11	35	0.33	0.11	
0.50	0.50	0.99	20	SILO	0	74094.25	28	153	685	6189	25891	0	1	3	16	51	0.40	0.11	
0.50	0.50	0.99	24	SILO	0	86683.81	24	164	612	6868	28517	0	1	3	18	58	0.43	0.11	
0.50	0.50	0.99	28	SILO	0	210149.43	10	43	205	3792	18270	0	0	2	14	46	0.37	0.10	
0.50	0.50	0.99	32	SILO	0	109098.11	19	102	507	7708	32772	0	1	3	20	70	0.45	0.10	
4 storage working thread
0.50	0.50	0.99	1	NO_WAIT	0	103114.26	4	30	36	58	101	0	0	0	0	0	0.00	0.00	
0.50	0.50	0.99	4	NO_WAIT	0	88146.19	8	97	166	568	2477	0	3	5	8	13	0.38	0.14	
0.50	0.50	0.99	8	NO_WAIT	0	66698.84	21	207	408	2130	5825	0	6	7	12	21	0.53	0.19	
0.50	0.50	0.99	12	NO_WAIT	0	105981.36	12	169	385	2604	7581	0	5	8	13	25	0.55	0.21	
0.50	0.50	0.99	16	NO_WAIT	0	62453.92	27	424	1283	5316	13219	0	7	10	20	39	0.65	0.25	
0.50	0.50	0.99	20	NO_WAIT	0	115706.96	8	202	639	4225	12090	0	6	8	17	36	0.60	0.24	
0.50	0.50	0.99	24	NO_WAIT	0	118039.83	8	166	564	4485	13074	0	6	8	18	39	0.61	0.26	
0.50	0.50	0.99	28	NO_WAIT	0	135614.49	7	175	711	5004	14803	0	6	9	19	43	0.62	0.26	
0.50	0.50	0.99	32	NO_WAIT	0	57472.97	24	546	2461	13919	34094	0	8	13	40	88	0.73	0.28	
0.50	0.50	0.99	1	WAIT_DIE	0	109881.68	4	28	34	51	92	0	0	0	0	0	0.00	0.00	
0.50	0.50	0.99	4	WAIT_DIE	0	212533.14	6	45	68	176	1065	0	2	4	6	9	0.30	0.14	
0.50	0.50	0.99	8	WAIT_DIE	0	102678.37	19	248	418	899	1606	0	6	7	9	10	0.57	0.25	
0.50	0.50	0.99	12	WAIT_DIE	0	133043.69	10	279	502	1111	1990	0	7	8	9	11	0.62	0.29	
0.50	0.50	0.99	16	WAIT_DIE	0	110855.10	24	453	815	1592	2799	0	8	9	10	12	0.66	0.33	
0.50	0.50	0.99	20	WAIT_DIE	0	100321.35	14	640	1185	2180	3712	0	8	9	11	14	0.69	0.34	
0.50	0.50	0.99	24	WAIT_DIE	0	72266.02	28	1227	2049	3990	12476	0	9	11	14	29	0.73	0.35	
0.50	0.50	0.99	28	WAIT_DIE	0	52827.01	34	1531	2609	8257	25904	0	10	12	18	56	0.76	0.37	
0.50	0.50	0.99	32	WAIT_DIE	0	47990.61	8	1121	2546	15037	32747	0	9	11	37	78	0.76	0.36	
0.50	0.50	0.99	1	WOUND_WAIT	0	107659.84	5	33	40	46	575	0	0	0	0	0	0.00	0.00	
0.50	0.50	0.99	4	WOUND_WAIT	0	101874.80	8	105	163	316	810	0	0	0	1	2	0.02	0.02	
0.50	0.50	0.99	8	WOUND_WAIT	0	353125.50	5	61	86	160	742	0	0	1	2	5	0.08	0.06	
0.50	0.50	0.99	12	WOUND_WAIT	0	99319.10	41	396	548	1000	2268	0	0	1	3	6	0.12	0.08	
0.50	0.50	0.99	16	WOUND_WAIT	0	186309.42	10	230	304	523	1120	0	1	2	4	7	0.17	0.10	
0.50	0.50	0.99	20	WOUND_WAIT	0	133604.43	29	395	505	878	9161	0	1	2	5	8	0.21	0.11	
0.50	0.50	0.99	24	WOUND_WAIT	0	175381.42	13	315	431	934	13448	0	1	3	6	8	0.25	0.13	
0.50	0.50	0.99	28	WOUND_WAIT	0	33836.79	176	1903	2603	13466	32387	0	1	3	7	10	0.28	0.14	
0.50	0.50	0.99	32	WOUND_WAIT	0	9855.25	319	7096	15959	34301	56290	0	1	3	7	12	0.30	0.14	
0.50	0.50	0.99	1	DLOCK	0	54452.53	7	51	82	142	234	0	0	0	0	0	0.00	0.00	
0.50	0.50	0.99	4	DLOCK	0	75818.90	18	128	195	341	633	0	0	0	1	7	0.04	0.02	
0.50	0.50	0.99	8	DLOCK	0	209542.16	8	99	149	300	755	0	0	0	4	7	0.10	0.05	
0.50	0.50	0.99	12	DLOCK	0	175516.91	23	210	302	502	921	0	0	1	5	8	0.16	0.07	
0.50	0.50	0.99	16	DLOCK	0	171609.88	24	325	478	917	1868	0	0	1	6	9	0.19	0.08	
0.50	0.50	0.99	20	DLOCK	0	340147.73	8	176	244	485	1059	0	0	2	5	8	0.20	0.10	
0.50	0.50	0.99	24	DLOCK	0	195949.31	15	404	559	938	2188	0	1	2	7	9	0.24	0.10	
0.50	0.50	0.99	28	DLOCK	0	386623.83	8	237	311	518	1113	0	1	3	6	9	0.25	0.11	
0.50	0.50	0.99	32	DLOCK	0	163237.19	33	690	986	1760	6058	0	1	3	8	11	0.30	0.12	
0.50	0.50	0.99	1	HLOCK	0	51589.93	7	55	73	204	736	0	0	0	0	0	0.00	0.00	
0.50	0.50	0.99	4	HLOCK	0	87797.81	20	122	189	295	465	0	0	0	1	2	0.05	0.04	
0.50	0.50	0.99	8	HLOCK	0	197473.32	19	117	174	270	412	0	1	1	2	4	0.12	0.10	
0.50	0.50	0.99	12	HLOCK	0	308267.53	11	112	163	266	716	0	1	2	3	5	0.20	0.16	
0.50	0.50	0.99	16	HLOCK	0	445800.92	10	79	118	211	781	0	2	3	4	7	0.28	0.20	
0.50	0.50	0.99	20	HLOCK	0	494996.48	11	124	186	299	714	0	2	4	6	7	0.37	0.25	
0.50	0.50	0.99	24	HLOCK	0	358247.27	18	230	331	568	970	0	3	5	7	8	0.43	0.28	
0.50	0.50	0.99	28	HLOCK	0	232146.15	37	381	551	880	1789	0	4	5	7	9	0.47	0.29	
0.50	0.50	0.99	32	HLOCK	0	192909.43	43	539	760	1203	5597	0	4	6	8	10	0.51	0.31	
0.50	0.50	0.99	1	SILO	0	84539.49	4	26	36	53	622	0	0	0	0	0	0.00	0.00	
0.50	0.50	0.99	4	SILO	0	161648.43	8	47	91	204	1025	0	0	1	3	7	0.12	0.08	
0.50	0.50	0.99	8	SILO	0	236975.98	8	71	140	355	2534	0	1	1	4	12	0.19	0.12	
0.50	0.50	0.99	12	SILO	0	345988.57	5	30	67	253	4489	0	1	1	5	17	0.21	0.11	
0.50	0.50	0.99	16	SILO	0	383325.92	5	36	82	422	6045	0	1	2	7	20	0.25	0.11	
0.50	0.50	0.99	20	SILO	0	334041.75	6	67	137	745	7982	0	1	2	8	25	0.28	0.13	
0.50	0.50	0.99	24	SILO	0	280158.23	8	87	201	1527	10620	0	1	2	9	29	0.32	0.13	
0.50	0.50	0.99	28	SILO	0	287946.30	7	73	153	1567	12329	0	1	2	10	33	0.32	0.13	
0.50	0.50	0.99	32	SILO	0	292908.38	8	65	155	2315	14826	0	1	2	12	40	0.35	0.12	
the number of storage working threads is equal to the TX threads
0.50	0.50	0.99	1	NO_WAIT	0	34930.53	6	70	121	269	762	0	0	0	0	0	0.00	0.00	
0.50	0.50	0.99	4	NO_WAIT	0	54679.40	21	169	300	979	3298	0	4	6	9	14	0.43	0.14	
0.50	0.50	0.99	8	NO_WAIT	0	195799.90	6	52	93	817	4023	0	3	5	9	17	0.42	0.18	
0.50	0.50	0.99	12	NO_WAIT	0	147274.63	7	107	226	1986	6571	0	5	7	12	23	0.52	0.21	
0.50	0.50	0.99	16	NO_WAIT	0	230674.00	6	60	132	1851	6805	0	4	6	11	23	0.50	0.23	
0.50	0.50	0.99	20	NO_WAIT	0	50233.97	20	351	1303	8724	27258	0	7	10	27	66	0.67	0.24	
0.50	0.50	0.99	24	NO_WAIT	0	80028.66	8	281	1151	6381	19809	0	7	10	22	54	0.65	0.25	
0.50	0.50	0.99	28	NO_WAIT	0	98653.67	8	291	1323	6648	19086	0	7	10	23	52	0.67	0.27	
0.50	0.50	0.99	32	NO_WAIT	0	59858.56	8	466	2241	13395	38542	0	8	12	38	95	0.72	0.26	
0.50	0.50	0.99	1	WAIT_DIE	0	47590.72	6	56	86	132	197	0	0	0	0	0	0.00	0.00	
0.50	0.50	0.99	4	WAIT_DIE	0	93464.54	8	98	161	319	625	0	4	5	7	8	0.40	0.16	
0.50	0.50	0.99	8	WAIT_DIE	0	113079.38	9	228	403	944	1864	0	6	7	9	11	0.56	0.24	
0.50	0.50	0.99	12	WAIT_DIE	0	79503.00	21	469	836	1617	2986	0	8	9	10	12	0.64	0.29	
0.50	0.50	0.99	16	WAIT_DIE	0	118175.96	11	442	820	1713	5347	0	8	9	10	14	0.66	0.31	
0.50	0.50	0.99	20	WAIT_DIE	0	87588.66	33	811	1414	2689	6955	0	9	10	12	19	0.70	0.34	
0.50	0.50	0.99	24	WAIT_DIE	0	114102.94	8	342	749	3343	25909	0	7	9	11	56	0.68	0.35	
0.50	0.50	0.99	28	WAIT_DIE	0	17065.17	92	3821	7685	23388	49329	0	14	19	52	108	0.84	0.37	
0.50	0.50	0.99	32	WAIT_DIE	0	16151.53	50	4310	10792	28808	60468	0	15	23	59	113	0.85	0.38	
0.50	0.50	0.99	1	WOUND_WAIT	0	96892.81	5	36	43	77	552	0	0	0	0	0	0.00	0.00	
0.50	0.50	0.99	4	WOUND_WAIT	0	137635.29	8	91	137	261	549	0	0	0	1	3	0.03	0.02	
0.50	0.50	0.99	8	WOUND_WAIT	0	212042.83	7	112	178	390	953	0	0	1	2	4	0.07	0.06	
0.50	0.50	0.99	12	WOUND_WAIT	0	108922.27	31	358	485	775	1273	0	0	1	3	6	0.12	0.08	
0.50	0.50	0.99	16	WOUND_WAIT	0	66067.73	40	562	795	3564	18960	0	0	1	4	7	0.17	0.10	
0.50	0.50	0.99	20	WOUND_WAIT	0	96873.94	15	381	554	1634	20306	0	1	2	5	8	0.21	0.12	
0.50	0.50	0.99	24	WOUND_WAIT	0	8281.50	190	10586	16870	31658	57229	0	1	2	5	11	0.23	0.12	
0.50	0.50	0.99	28	WOUND_WAIT	0	4257.15	84	22215	30204	55398	78974	0	1	3	7	13	0.28	0.13	
0.50	0.50	0.99	32	WOUND_WAIT	0	4273.37	91	20500	31015	69433	99999	0	1	3	8	15	0.32	0.15	
0.50	0.50	0.99	1	DLOCK	0	30800.18	7	78	130	546	1087	0	0	0	0	0	0.00	0.00	
0.50	0.50	0.99	4	DLOCK	0	193992.42	7	53	80	159	583	0	0	0	1	5	0.03	0.02	
0.50	0.50	0.99	8	DLOCK	0	185184.53	9	134	207	442	1128	0	0	0	5	8	0.11	0.05	
0.50	0.50	0.99	12	DLOCK	0	234162.67	8	149	235	593	1293	0	0	1	5	9	0.16	0.07	
0.50	0.50	0.99	16	DLOCK	0	357643.78	7	127	181	362	820	0	0	1	5	8	0.17	0.08	
0.50	0.50	0.99	20	DLOCK	0	422301.85	7	149	204	342	810	0	0	2	5	8	0.20	0.10	
0.50	0.50	0.99	24	DLOCK	0	272692.12	8	267	386	736	2827	0	1	2	6	9	0.24	0.10	
0.50	0.50	0.99	28	DLOCK	0	182987.44	12	547	754	1234	2777	0	1	3	8	10	0.27	0.11	
0.50	0.50	0.99	32	DLOCK	0	146484.41	30	728	1094	2133	10484	0	1	4	8	11	0.31	0.12	
0.50	0.50	0.99	1	HLOCK	0	51707.47	8	52	85	135	213	0	0	0	0	0	0.00	0.00	
0.50	0.50	0.99	4	HLOCK	0	99864.38	14	118	179	284	499	0	0	0	1	2	0.05	0.04	
0.50	0.50	0.99	8	HLOCK	0	300266.09	9	70	107	211	738	0	0	1	2	5	0.12	0.09	
0.50	0.50	0.99	12	HLOCK	0	382866.74	10	89	132	231	720	0	1	2	3	6	0.21	0.16	
0.50	0.50	0.99	16	HLOCK	0	485986.39	10	88	130	225	998	0	2	3	5	7	0.29	0.21	
0.50	0.50	0.99	20	HLOCK	0	370414.21	12	158	220	358	780	0	2	4	6	7	0.36	0.25	
0.50	0.50	0.99	24	HLOCK	0	455732.37	11	165	244	456	1189	0	3	5	7	8	0.44	0.28	
0.50	0.50	0.99	28	HLOCK	0	491592.92	11	184	279	478	1284	0	4	5	7	8	0.47	0.29	
0.50	0.50	0.99	32	HLOCK	0	229442.83	16	347	487	798	7529	0	5	6	8	9	0.51	0.30	
0.50	0.50	0.99	1	SILO	0	123211.24	4	25	34	47	589	0	0	0	0	0	0.00	0.00	
0.50	0.50	0.99	4	SILO	0	120046.55	10	70	142	252	490	0	0	1	3	5	0.12	0.10	
0.50	0.50	0.99	8	SILO	0	235936.21	7	56	104	277	2317	0	1	1	4	11	0.18	0.11	
0.50	0.50	0.99	12	SILO	0	299372.32	7	67	128	375	4218	0	1	2	5	16	0.23	0.13	
0.50	0.50	0.99	16	SILO	0	361065.99	5	33	71	301	6153	0	1	2	6	20	0.23	0.11	
0.50	0.50	0.99	20	SILO	0	294853.34	9	90	175	761	7842	0	1	2	8	24	0.29	0.14	
0.50	0.50	0.99	24	SILO	0	257205.62	10	130	256	1419	9239	0	1	2	9	28	0.32	0.15	
0.50	0.50	0.99	28	SILO	0	266594.55	9	130	255	1603	11156	0	1	2	10	31	0.33	0.16	
0.50	0.50	0.99	32	SILO	0	297947.16	8	52	137	2136	14322	0	1	2	11	39	0.35	0.12	
