No Backoff.
Rd	Wt	Zip	T	CC	TP	P50	P90	P99	P999	Abt
0.50	0.50	0.99	1	WOUND_WAIT	0	64975.19	12	27	44	63	98	0	0	0	0	0	0.00	0.00	
0.50	0.50	0.99	4	WOUND_WAIT	0	144048.61	21	55	69	104	175	0	1	1	2	5	0.20	0.13	
0.50	0.50	0.99	8	WOUND_WAIT	0	74297.71	49	107	127	176	2482	0	2	3	6	111	0.80	0.30	
0.50	0.50	0.99	12	WOUND_WAIT	0	49994.97	90	185	221	345	16684	0	4	5	14	478	0.90	0.40	
0.50	0.50	0.99	16	WOUND_WAIT	0	47012.62	137	275	337	920	77273	0	6	10	33	1147	0.92	0.47	
0.50	0.50	0.99	20	WOUND_WAIT	0	53937.20	252	532	689	1491	9911	1	9	14	41	304	0.85	0.51	
0.50	0.50	0.99	24	WOUND_WAIT	0	46713.69	392	888	1176	3033	25643	1	13	22	71	520	0.88	0.55	
0.50	0.50	0.99	28	WOUND_WAIT	0	1727.57	825	1583	2049	6450	99999	1	18	31	106	1862	0.98	0.57	
0.50	0.50	0.99	32	WOUND_WAIT	0	20263.92	1042	2316	2959	7796	99999	2	23	40	119	2727	0.95	0.60	
0.50	0.50	0.99	36	WOUND_WAIT	0	25168.10	1161	2546	3448	8254	57171	2	28	48	154	703	0.93	0.62	
0.50	0.50	0.99	40	WOUND_WAIT	0	14383.46	1717	3829	5141	14313	99999	3	39	70	220	1387	0.96	0.63	
0.50	0.50	0.99	44	WOUND_WAIT	0	14297.90	2214	4804	6580	18247	99999	3	47	81	251	2423	0.96	0.64	
0.50	0.50	0.99	48	WOUND_WAIT	0	7029.37	3166	7428	13743	99999	99999	4	59	111	718	11627	0.98	0.65	
0.50	0.50	0.99	52	WOUND_WAIT	0	2847.62	4329	8200	11449	54193	99999	4	67	117	499	16885	0.99	0.66	
0.50	0.50	0.99	56	WOUND_WAIT	0	1678.07	5827	19317	27963	64854	99999	5	102	226	854	6670	0.99	0.67	
0.50	0.50	0.99	60	WOUND_WAIT	0	336.15	99999	99999	99999	99999	99999	3	275	486	1267	1725	0.99	0.63	
0.50	0.50	0.99	64	WOUND_WAIT	0	6539.46	6305	13861	18817	99999	99999	6	108	199	929	7488	0.99	0.68	
0.50	0.50	0.99	1	DLOCK	0	58315.82	12	39	53	77	113	0	0	0	0	0	0.00	0.00	
0.50	0.50	0.99	4	DLOCK	0	214183.90	15	40	53	89	165	0	0	1	2	36	0.17	0.06	
0.50	0.50	0.99	8	DLOCK	0	243345.46	20	63	80	130	245	0	1	2	8	72	0.52	0.17	
0.50	0.50	0.99	12	DLOCK	0	137272.48	26	88	105	149	253	0	2	3	17	111	0.88	0.24	
0.50	0.50	0.99	16	DLOCK	0	33828.76	36	126	151	215	58251	0	3	5	33	281	0.99	0.29	
0.50	0.50	0.99	20	DLOCK	0	29168.86	114	405	523	923	73485	0	4	10	147	1230	0.99	0.33	
0.50	0.50	0.99	24	DLOCK	0	21432.84	142	540	710	1617	99999	0	6	17	223	5847	0.99	0.36	
0.50	0.50	0.99	28	DLOCK	0	38323.88	150	533	680	1568	99999	0	7	21	225	3071	0.98	0.38	
0.50	0.50	0.99	32	DLOCK	0	17415.36	214	886	1206	2698	99999	0	9	38	396	9878	0.99	0.40	
0.50	0.50	0.99	36	DLOCK	0	34304.40	286	1009	1529	4587	99999	0	12	57	482	7457	0.99	0.42	
0.50	0.50	0.99	40	DLOCK	0	41887.44	299	1130	1623	3705	99999	0	15	61	451	4029	0.99	0.43	
0.50	0.50	0.99	44	DLOCK	0	15629.13	507	1966	2799	11569	99999	0	22	116	875	15024	1.00	0.44	
0.50	0.50	0.99	48	DLOCK	0	7036.09	687	2757	3728	11362	99999	0	37	200	1205	17546	1.00	0.46	
0.50	0.50	0.99	52	DLOCK	0	36621.91	548	1976	2962	14564	99999	0	29	135	892	11382	0.99	0.46	
0.50	0.50	0.99	56	DLOCK	0	19761.86	770	2680	3681	15937	99999	0	44	203	1226	23427	1.00	0.47	
0.50	0.50	0.99	60	DLOCK	0	14405.81	907	3345	4767	59249	99999	0	57	256	1569	14423	1.00	0.48	
0.50	0.50	0.99	64	DLOCK	0	3683.71	1395	5719	10130	99999	99999	0	92	471	4361	99035	1.00	0.49	
0.50	0.50	0.99	1	SILO	0	66914.72	12	26	35	53	78	0	0	0	0	0	0.00	0.00	
0.50	0.50	0.99	4	SILO	0	250405.37	14	30	37	52	73	0	1	2	3	4	0.32	0.38	
0.50	0.50	0.99	8	SILO	0	466871.82	14	32	38	53	74	1	2	3	5	10	0.47	0.56	
0.50	0.50	0.99	12	SILO	0	647446.22	15	36	45	70	120	1	3	5	10	21	0.58	0.62	
0.50	0.50	0.99	16	SILO	0	733817.50	16	43	58	107	241	1	5	8	19	47	0.67	0.65	
0.50	0.50	0.99	20	SILO	0	536318.36	23	71	105	255	816	1	6	11	32	102	0.74	0.66	
0.50	0.50	0.99	24	SILO	0	417938.72	28	103	166	503	2091	1	8	14	47	189	0.79	0.66	
0.50	0.50	0.99	28	SILO	0	344768.53	33	138	234	826	3723	1	8	16	61	264	0.82	0.66	
0.50	0.50	0.99	32	SILO	0	296884.43	37	170	305	1199	6050	1	9	18	73	354	0.84	0.65	
0.50	0.50	0.99	36	SILO	0	256539.29	44	213	389	1624	8798	1	9	19	83	417	0.85	0.65	
0.50	0.50	0.99	40	SILO	0	240365.00	48	240	439	1861	11196	1	9	19	84	457	0.86	0.65	
0.50	0.50	0.99	44	SILO	0	223508.48	49	265	504	2407	16019	1	9	20	95	563	0.87	0.64	
0.50	0.50	0.99	48	SILO	0	220923.05	50	260	485	2398	20079	1	8	18	89	623	0.87	0.64	
0.50	0.50	0.99	52	SILO	0	202009.83	52	281	528	2521	27117	1	8	17	85	704	0.87	0.64	
0.50	0.50	0.99	56	SILO	0	190107.89	54	286	559	2626	29141	1	8	17	82	683	0.88	0.63	
0.50	0.50	0.99	60	SILO	0	178791.46	49	266	542	3251	42851	1	7	16	92	907	0.88	0.61	
0.50	0.50	0.99	64	SILO	0	182314.18	51	266	517	2983	46131	1	7	15	81	930	0.88	0.61	
Policy 0.
Rd	Wt	Zip	T	CC	TP	P50	P90	P99	P999	Abt
0.50	0.50	0.99	1	WOUND_WAIT	0	70023.11	11	25	41	60	94	0	0	0	0	0	0.00	0.00	
0.50	0.50	0.99	4	WOUND_WAIT	0	149304.32	22	106	142	218	355	0	1	1	2	3	0.15	0.16	
0.50	0.50	0.99	8	WOUND_WAIT	0	168479.52	62	252	307	415	584	0	2	3	4	5	0.39	0.40	
0.50	0.50	0.99	12	WOUND_WAIT	0	169807.55	141	407	484	641	963	1	3	4	5	7	0.50	0.51	
0.50	0.50	0.99	16	WOUND_WAIT	0	168371.76	225	575	675	880	1651	1	4	4	6	8	0.57	0.56	
0.50	0.50	0.99	20	WOUND_WAIT	0	107556.15	447	1071	1283	1835	4080	1	4	5	7	10	0.61	0.59	
0.50	0.50	0.99	24	WOUND_WAIT	0	75788.53	766	1791	2185	3226	5018	1	5	6	8	11	0.65	0.61	
0.50	0.50	0.99	28	WOUND_WAIT	0	68843.29	1004	2304	2810	4078	8327	1	6	7	9	12	0.68	0.62	
0.50	0.50	0.99	32	WOUND_WAIT	0	64653.56	1271	2790	3357	4933	8880	2	6	8	10	14	0.70	0.64	
0.50	0.50	0.99	36	WOUND_WAIT	0	51665.76	1776	4027	4982	7228	10778	2	7	8	12	16	0.72	0.65	
0.50	0.50	0.99	40	WOUND_WAIT	0	40291.42	2441	5404	6600	9523	14472	2	7	9	13	17	0.74	0.66	
0.50	0.50	0.99	44	WOUND_WAIT	0	38770.84	2876	6347	7767	11217	16618	2	8	10	14	18	0.75	0.67	
0.50	0.50	0.99	48	WOUND_WAIT	0	35473.68	3404	7484	9258	13363	19475	2	8	10	14	19	0.77	0.67	
0.50	0.50	0.99	52	WOUND_WAIT	0	32613.51	3949	8865	10945	15641	22364	2	9	11	15	20	0.78	0.68	
0.50	0.50	0.99	56	WOUND_WAIT	0	33318.59	4417	9608	12338	19646	27979	2	10	12	16	22	0.79	0.69	
0.50	0.50	0.99	60	WOUND_WAIT	0	32904.93	4760	10407	13600	21806	31867	3	10	12	17	23	0.79	0.69	
0.50	0.50	0.99	64	WOUND_WAIT	0	31077.11	5397	11742	14791	22586	32659	3	10	13	18	24	0.80	0.69	
0.50	0.50	0.99	1	DLOCK	0	61371.10	12	30	47	68	105	0	0	0	0	0	0.00	0.00	
0.50	0.50	0.99	4	DLOCK	0	188380.87	15	52	84	147	272	0	0	1	1	2	0.06	0.06	
0.50	0.50	0.99	8	DLOCK	0	288924.21	21	120	155	237	411	0	1	1	2	3	0.18	0.19	
0.50	0.50	0.99	12	DLOCK	0	295543.83	28	185	233	334	501	0	1	2	3	4	0.26	0.27	
0.50	0.50	0.99	16	DLOCK	0	331322.80	35	254	312	429	600	0	2	2	3	4	0.31	0.31	
0.50	0.50	0.99	20	DLOCK	0	249934.51	66	436	541	800	1478	0	2	3	4	5	0.36	0.34	
0.50	0.50	0.99	24	DLOCK	0	206000.46	106	646	818	1264	2505	0	2	3	4	6	0.40	0.37	
0.50	0.50	0.99	28	DLOCK	0	204251.32	128	776	968	1470	2624	0	2	3	5	7	0.42	0.39	
0.50	0.50	0.99	32	DLOCK	0	204588.76	151	905	1122	1667	2750	0	3	4	5	7	0.45	0.40	
0.50	0.50	0.99	36	DLOCK	0	181056.37	199	1184	1490	2354	4288	0	3	4	6	8	0.47	0.42	
0.50	0.50	0.99	40	DLOCK	0	149313.92	277	1614	2136	3581	6439	0	3	4	6	9	0.49	0.43	
0.50	0.50	0.99	44	DLOCK	0	139180.17	333	1916	2563	4365	7318	0	3	5	7	10	0.51	0.44	
0.50	0.50	0.99	48	DLOCK	0	143504.17	364	2065	2722	5017	8990	0	3	5	7	10	0.52	0.45	
0.50	0.50	0.99	52	DLOCK	0	118875.07	483	2677	3656	6666	11090	0	4	5	8	11	0.54	0.46	
0.50	0.50	0.99	56	DLOCK	0	123693.80	522	2753	3577	6730	11921	0	4	5	8	12	0.55	0.46	
0.50	0.50	0.99	60	DLOCK	0	125720.09	553	3008	4012	7319	11978	0	4	6	9	12	0.56	0.47	
0.50	0.50	0.99	64	DLOCK	0	132335.03	564	3075	3976	7429	14864	0	4	6	9	13	0.57	0.48	
0.50	0.50	0.99	1	SILO	0	70398.03	12	27	36	51	73	0	0	0	0	0	0.00	0.00	
0.50	0.50	0.99	4	SILO	0	242347.16	16	123	156	249	405	0	1	2	3	5	0.32	0.37	
0.50	0.50	0.99	8	SILO	0	423168.15	42	197	272	484	877	1	3	4	7	13	0.50	0.54	
0.50	0.50	0.99	12	SILO	0	560943.48	64	289	430	875	1830	1	4	6	13	28	0.61	0.61	
0.50	0.50	0.99	16	SILO	0	643669.14	76	389	618	1450	3500	1	5	9	22	54	0.69	0.63	
0.50	0.50	0.99	20	SILO	0	528444.71	97	522	874	2322	7025	1	7	12	33	99	0.75	0.65	
0.50	0.50	0.99	24	SILO	0	474872.04	115	651	1112	3132	10313	1	8	14	41	142	0.78	0.66	
0.50	0.50	0.99	28	SILO	0	437053.67	128	795	1414	4375	16099	1	9	17	56	218	0.81	0.67	
0.50	0.50	0.99	32	SILO	0	405841.39	141	933	1689	5475	21764	1	10	19	68	288	0.84	0.67	
0.50	0.50	0.99	36	SILO	0	345153.88	155	1106	2037	7138	30508	1	10	21	82	378	0.85	0.67	
0.50	0.50	0.99	40	SILO	0	315129.14	165	1247	2350	8567	38790	1	11	22	93	463	0.87	0.67	
0.50	0.50	0.99	44	SILO	0	290894.53	174	1378	2639	10080	47520	1	11	23	103	529	0.88	0.66	
0.50	0.50	0.99	48	SILO	0	270580.00	188	1499	2924	11389	54311	1	11	24	108	565	0.88	0.67	
0.50	0.50	0.99	52	SILO	0	248342.62	165	1472	3002	13038	78257	1	10	22	108	716	0.89	0.65	
0.50	0.50	0.99	56	SILO	0	229053.74	179	1563	3165	14252	90182	1	10	22	108	760	0.89	0.65	
0.50	0.50	0.99	60	SILO	0	218133.64	182	1588	3246	15565	99999	1	10	20	107	803	0.89	0.65	
0.50	0.50	0.99	64	SILO	0	210978.13	162	1526	3294	17976	99999	1	9	20	111	983	0.90	0.63	
Policy 1.
Rd	Wt	Zip	T	CC	TP	P50	P90	P99	P999	Abt
0.50	0.50	0.99	1	WOUND_WAIT	0	67483.37	11	27	43	61	94	0	0	0	0	0	0.00	0.00	
0.50	0.50	0.99	4	WOUND_WAIT	0	150881.45	21	55	68	104	179	0	1	1	2	4	0.14	0.13	
0.50	0.50	0.99	8	WOUND_WAIT	0	165065.61	45	97	115	155	222	0	2	3	4	6	0.35	0.31	
0.50	0.50	0.99	12	WOUND_WAIT	0	166687.06	72	139	161	217	359	0	3	4	6	7	0.48	0.41	
0.50	0.50	0.99	16	WOUND_WAIT	0	163690.16	102	185	213	295	650	0	4	5	7	8	0.57	0.48	
0.50	0.50	0.99	20	WOUND_WAIT	0	100408.49	202	402	495	841	2058	1	5	6	8	10	0.63	0.52	
0.50	0.50	0.99	24	WOUND_WAIT	0	81878.21	298	613	776	1268	2587	1	6	7	9	11	0.67	0.55	
0.50	0.50	0.99	28	WOUND_WAIT	0	65847.89	426	906	1141	1813	3952	1	7	8	10	12	0.71	0.57	
0.50	0.50	0.99	32	WOUND_WAIT	0	58944.66	539	1184	1471	2220	4621	1	8	9	10	13	0.73	0.59	
0.50	0.50	0.99	36	WOUND_WAIT	0	52291.34	701	1585	1965	2794	4800	2	8	9	11	14	0.75	0.61	
0.50	0.50	0.99	40	WOUND_WAIT	0	41929.93	973	2148	2586	3533	6939	2	9	10	12	15	0.77	0.62	
0.50	0.50	0.99	44	WOUND_WAIT	0	37178.05	1210	2575	3062	4313	8481	2	9	11	13	16	0.78	0.63	
0.50	0.50	0.99	48	WOUND_WAIT	0	37920.94	1320	2889	3553	4825	7824	2	10	11	13	17	0.79	0.64	
0.50	0.50	0.99	52	WOUND_WAIT	0	29046.65	1875	3840	4506	6134	10934	3	11	12	15	19	0.81	0.65	
0.50	0.50	0.99	56	WOUND_WAIT	0	31513.92	1919	4051	5287	8714	13925	3	11	12	15	20	0.82	0.66	
0.50	0.50	0.99	60	WOUND_WAIT	0	29642.85	2148	4654	5484	7097	9328	3	11	13	16	20	0.82	0.67	
0.50	0.50	0.99	64	WOUND_WAIT	0	28172.22	2328	5616	7170	10491	16183	3	12	13	17	22	0.83	0.67	
0.50	0.50	0.99	1	DLOCK	0	57641.18	12	36	51	75	111	0	0	0	0	0	0.00	0.00	
0.50	0.50	0.99	4	DLOCK	0	206242.95	15	37	50	77	126	0	0	1	2	4	0.07	0.06	
0.50	0.50	0.99	8	DLOCK	0	283211.72	20	60	74	113	204	0	1	2	3	5	0.20	0.16	
0.50	0.50	0.99	12	DLOCK	0	327515.82	25	85	102	141	207	0	2	3	4	6	0.30	0.24	
0.50	0.50	0.99	16	DLOCK	0	336479.06	30	111	131	175	262	0	2	3	5	7	0.38	0.29	
0.50	0.50	0.99	20	DLOCK	0	245684.90	54	203	251	401	874	0	3	5	7	8	0.45	0.32	
0.50	0.50	0.99	24	DLOCK	0	225202.42	72	273	346	629	1374	0	4	5	7	9	0.49	0.35	
0.50	0.50	0.99	28	DLOCK	0	205162.98	94	351	445	726	1692	0	4	6	8	10	0.53	0.37	
0.50	0.50	0.99	32	DLOCK	0	197360.32	112	432	583	1021	1934	0	5	6	8	10	0.56	0.39	
0.50	0.50	0.99	36	DLOCK	0	169927.71	148	580	792	1366	2394	0	5	7	9	11	0.58	0.40	
0.50	0.50	0.99	40	DLOCK	0	166802.46	171	660	903	1738	3097	0	6	7	9	12	0.60	0.41	
0.50	0.50	0.99	44	DLOCK	0	157998.79	199	760	1021	1771	3485	0	6	8	10	12	0.62	0.42	
0.50	0.50	0.99	48	DLOCK	0	158833.02	214	822	1103	1912	3608	0	7	8	10	12	0.63	0.43	
0.50	0.50	0.99	52	DLOCK	0	132490.56	280	1121	1545	2806	4803	0	7	9	11	14	0.65	0.44	
0.50	0.50	0.99	56	DLOCK	0	134782.06	296	1187	1607	2800	4836	0	7	9	11	14	0.66	0.45	
0.50	0.50	0.99	60	DLOCK	0	134173.79	320	1265	1716	3147	5679	0	8	9	11	14	0.67	0.46	
0.50	0.50	0.99	64	DLOCK	0	129867.91	356	1409	1883	3517	6596	0	8	9	12	15	0.68	0.47	
0.50	0.50	0.99	1	SILO	0	69948.97	12	27	35	50	72	0	0	0	0	0	0.00	0.00	
0.50	0.50	0.99	4	SILO	0	235351.48	14	33	41	61	104	0	1	2	3	4	0.31	0.37	
0.50	0.50	0.99	8	SILO	0	303719.11	15	35	44	85	647	0	2	3	4	8	0.41	0.48	
0.50	0.50	0.99	12	SILO	0	390234.82	15	37	49	136	1599	1	2	3	6	11	0.47	0.54	
0.50	0.50	0.99	16	SILO	0	476031.70	16	41	56	210	2392	1	3	4	7	14	0.51	0.57	
0.50	0.50	0.99	20	SILO	0	455559.28	19	53	76	395	3696	1	3	4	8	18	0.54	0.59	
0.50	0.50	0.99	24	SILO	0	438345.07	22	65	98	694	4743	1	3	4	9	21	0.56	0.61	
0.50	0.50	0.99	28	SILO	0	423516.86	24	73	113	1034	5704	1	3	5	10	24	0.57	0.62	
0.50	0.50	0.99	32	SILO	0	425857.05	25	82	131	1308	6572	1	3	5	11	26	0.58	0.63	
0.50	0.50	0.99	36	SILO	0	414389.86	27	95	152	1600	7484	1	3	5	12	29	0.59	0.63	
0.50	0.50	0.99	40	SILO	0	412695.35	27	96	162	1905	8521	1	4	5	13	32	0.60	0.63	
0.50	0.50	0.99	44	SILO	0	403856.86	29	115	194	2188	9316	1	4	5	13	35	0.61	0.64	
0.50	0.50	0.99	48	SILO	0	402563.27	31	127	227	2442	9960	1	4	6	14	36	0.62	0.65	
0.50	0.50	0.99	52	SILO	0	397963.67	32	128	233	2721	11010	1	4	6	15	40	0.63	0.65	
0.50	0.50	0.99	56	SILO	0	394347.13	32	141	267	2971	12394	1	4	6	16	44	0.63	0.65	
0.50	0.50	0.99	60	SILO	0	395672.03	33	141	275	3285	13027	1	4	6	17	46	0.64	0.65	
0.50	0.50	0.99	64	SILO	0	392415.10	32	139	279	3558	14110	1	4	6	17	49	0.65	0.65	
