log 1
	T	CC	TP	P50	P90	P99	P999	Abt
TPCC	NO_WAIT	1	49431.94	COMMIT	190918	3985637	0	0	0	ABORT	0	0	0	0	0	0	7	59	227	254	0	0	0	0	0.00	
TPCC	NO_WAIT	4	52139.20	COMMIT	55388	1308511	0	0	0	ABORT	39737	2682893	0	2598201	0	0	24	1752	6128	10351	0	12	23	34	0.43	
TPCC	NO_WAIT	8	57442.13	COMMIT	28767	696416	0	0	0	ABORT	36030	3298605	0	3224316	0	0	30	3508	8744	14648	0	16	30	46	0.56	
TPCC	NO_WAIT	12	60376.42	COMMIT	21319	519272	0	0	0	ABORT	33075	3475287	0	3408265	0	0	33	4830	10941	16662	0	20	36	51	0.62	
TPCC	NO_WAIT	16	62973.19	COMMIT	14749	361525	0	0	0	ABORT	29437	3633597	0	3577239	0	0	35	5856	12381	19239	0	23	40	57	0.66	
TPCC	NO_WAIT	20	64537.00	COMMIT	13648	337400	0	0	0	ABORT	28629	3656897	0	3600056	0	0	37	6795	14016	22266	0	25	45	68	0.69	
TPCC	NO_WAIT	24	65999.29	COMMIT	11393	283460	0	0	0	ABORT	27201	3711158	0	3657504	0	0	38	7703	15439	23253	0	28	48	68	0.71	
TPCC	NO_WAIT	28	67250.92	COMMIT	8815	221526	0	0	0	ABORT	24968	3773260	0	3724436	0	0	40	8471	16513	24325	0	30	51	72	0.73	
TPCC	NO_WAIT	32	68503.70	COMMIT	8439	206417	0	0	0	ABORT	24328	3787834	0	3740929	0	0	41	9199	17866	26508	0	32	54	79	0.74	
TPCC	NO_WAIT	36	69564.59	COMMIT	7897	198990	0	0	0	ABORT	24238	3795342	0	3747062	0	0	42	9859	19029	28908	0	33	57	84	0.76	
TPCC	WAIT_DIE	1	49254.41	COMMIT	189993	3991166	0	0	0	ABORT	0	0	0	0	0	0	7	59	228	255	0	0	0	0	0.00	
TPCC	WAIT_DIE	4	72255.57	COMMIT	72352	2501560	648954	0	0	ABORT	130730	1484913	2449	1223946	0	0	48	224	348	706	1	7	8	9	0.64	
TPCC	WAIT_DIE	8	83787.10	COMMIT	41466	2117054	1021149	0	0	ABORT	115495	1871877	2818	1601800	0	0	69	401	624	1354	3	8	8	10	0.73	
TPCC	WAIT_DIE	12	89828.25	COMMIT	29911	2010309	1205588	0	0	ABORT	98106	1980537	4144	1721904	0	0	85	610	957	1751	4	8	9	11	0.77	
TPCC	WAIT_DIE	16	93603.12	COMMIT	23181	1975192	1342421	0	0	ABORT	84229	2015691	6024	1780214	0	0	102	849	1285	2289	4	9	9	12	0.78	
TPCC	WAIT_DIE	20	95694.55	COMMIT	19290	1988727	1448822	0	0	ABORT	73431	2003233	4008	1781945	0	0	117	1129	1664	2738	5	9	10	13	0.79	
TPCC	WAIT_DIE	24	97575.15	COMMIT	16383	2016043	1549535	0	0	ABORT	66237	1976353	7427	1767766	0	0	129	1439	2141	3189	5	9	10	13	0.80	
TPCC	WAIT_DIE	28	99174.99	COMMIT	14120	2076241	1665482	0	0	ABORT	58682	1916975	3343	1727002	0	0	139	1798	2795	4257	5	9	10	14	0.81	
TPCC	WAIT_DIE	32	101309.68	COMMIT	12594	2161416	1796655	0	0	ABORT	53341	1831369	6920	1650843	0	0	146	2234	3620	5024	5	9	11	15	0.81	
TPCC	WAIT_DIE	36	102837.87	COMMIT	11140	2216303	1888078	0	0	ABORT	48576	1776638	10117	1599564	0	0	153	2740	4802	7120	5	10	11	18	0.81	
TPCC	WOUND_WAIT	1	49147.11	COMMIT	189503	3992081	0	0	0	ABORT	0	0	0	0	0	0	7	59	229	260	0	0	0	0	0.00	
TPCC	WOUND_WAIT	4	71031.39	COMMIT	70819	3975752	2095304	0	0	ABORT	618	19369	9278	1031	0	0	57	122	268	409	0	0	1	3	0.01	
TPCC	WOUND_WAIT	8	72281.71	COMMIT	36096	3974225	2990073	0	0	ABORT	313	23060	16752	556	0	0	118	208	299	673	0	1	1	5	0.01	
TPCC	WOUND_WAIT	12	72303.79	COMMIT	23970	3973716	3313643	0	0	ABORT	211	24465	20163	473	0	0	180	283	338	875	0	1	1	4	0.01	
TPCC	WOUND_WAIT	16	72366.01	COMMIT	17927	3966600	3471627	0	0	ABORT	201	31635	27056	1036	0	0	242	357	425	1243	0	1	1	5	0.01	
TPCC	WOUND_WAIT	20	71926.25	COMMIT	14272	3970842	3576582	0	0	ABORT	141	27294	24054	732	0	0	305	434	498	1637	0	1	1	5	0.01	
TPCC	WOUND_WAIT	24	71900.86	COMMIT	11837	3966605	3630973	0	0	ABORT	126	31231	28807	218	0	0	369	506	572	2107	0	1	1	5	0.01	
TPCC	WOUND_WAIT	28	71762.68	COMMIT	10219	3972595	3688249	0	0	ABORT	93	25553	23806	186	0	0	431	576	662	2405	0	1	1	5	0.01	
TPCC	WOUND_WAIT	32	70747.36	COMMIT	8851	3974566	3722525	0	0	ABORT	76	23290	21801	142	0	0	499	664	763	4429	0	1	1	5	0.01	
TPCC	WOUND_WAIT	36	67790.31	COMMIT	7552	3974343	3746728	0	0	ABORT	63	22557	21168	170	0	0	580	761	855	3399	0	1	1	7	0.01	
TPCC	DLOCK	1	48199.77	COMMIT	181245	3992164	132259	0	0	ABORT	0	0	0	0	0	0	8	62	227	250	0	0	0	0	0.00	
TPCC	DLOCK	4	80648.58	COMMIT	78953	3675824	1472654	0	0	ABORT	14732	317860	5481	24877	0	0	50	115	272	390	0	2	2	3	0.14	
TPCC	DLOCK	8	92908.42	COMMIT	43520	2925819	1700202	0	0	ABORT	38517	1067587	17224	111625	0	0	90	176	318	510	0	4	4	5	0.41	
TPCC	DLOCK	12	100200.94	COMMIT	29888	2540693	1729227	0	0	ABORT	48010	1453644	33392	264551	0	0	130	231	390	696	0	5	6	7	0.54	
TPCC	DLOCK	16	103951.19	COMMIT	22496	2310012	1711594	0	0	ABORT	49330	1684678	37258	461821	0	0	170	299	416	859	0	6	7	8	0.61	
TPCC	DLOCK	20	105311.93	COMMIT	17720	2164087	1700594	0	0	ABORT	45983	1830250	49652	658182	0	0	213	386	564	1891	0	7	8	8	0.65	
TPCC	DLOCK	24	105595.43	COMMIT	14410	2046109	1675330	0	0	ABORT	42341	1948612	50272	861448	0	0	258	485	712	2106	1	7	8	9	0.67	
TPCC	DLOCK	28	105459.70	COMMIT	12140	1968019	1660719	0	0	ABORT	38562	2026534	62080	1012161	0	0	302	621	1178	2520	1	8	9	10	0.69	
TPCC	DLOCK	32	107158.55	COMMIT	10540	1908209	1649154	0	0	ABORT	35326	2086232	72599	1162347	0	0	342	729	1549	4178	1	8	9	13	0.70	
TPCC	DLOCK	36	107038.89	COMMIT	9266	1875693	1645835	0	0	ABORT	32382	2118162	61159	1273250	0	0	389	827	1250	6279	1	9	9	15	0.71	
TPCC	HLOCK	1	46026.05	COMMIT	171877	3990077	317185	0	0	ABORT	0	0	0	0	0	0	8	63	260	286	0	0	0	0	0.00	
TPCC	HLOCK	4	100253.18	COMMIT	98998	3588103	1222990	0	0	ABORT	22143	402842	56418	142970	0	0	38	127	460	951	0	5	7	8	0.18	
TPCC	HLOCK	8	117384.58	COMMIT	56261	2612673	1552402	0	0	ABORT	52552	1377392	537365	291560	0	0	66	205	846	1780	0	6	8	10	0.47	
TPCC	HLOCK	12	115962.09	COMMIT	35833	1723961	1231105	0	0	ABORT	73764	2267924	1137736	562067	0	0	102	317	1331	2879	2	7	9	11	0.65	
TPCC	HLOCK	16	105324.90	COMMIT	23296	1136902	870913	0	0	ABORT	75316	2854537	1429427	1025075	0	0	146	577	1802	4044	3	8	10	12	0.74	
TPCC	HLOCK	20	97059.05	COMMIT	16559	799428	623452	0	0	ABORT	68381	3190232	1534464	1446360	0	0	190	917	2424	5066	4	9	11	14	0.78	
TPCC	HLOCK	24	92243.97	COMMIT	12592	598718	461125	0	0	ABORT	60996	3392953	1511503	1798224	0	0	231	1207	3082	6609	5	9	12	16	0.81	
TPCC	HLOCK	28	87891.48	COMMIT	10025	468987	350685	0	0	ABORT	54794	3522914	1414340	2089230	0	0	276	1384	3975	7480	5	10	13	18	0.82	
TPCC	HLOCK	32	86287.71	COMMIT	8408	380211	292249	0	0	ABORT	49752	3612006	1429641	2276145	0	0	317	1531	4319	8588	6	10	13	20	0.83	
TPCC	HLOCK	36	78924.84	COMMIT	6820	324370	271525	0	0	ABORT	43225	3668523	1473124	2390245	0	0	386	1726	4519	8299	6	11	14	20	0.84	
TPCC	SILO	1	53556.68	COMMIT	203579	3985016	0	0	0	ABORT	0	0	0	0	0	0	7	54	234	254	0	0	0	0	0.00	
TPCC	SILO	4	106680.18	COMMIT	105624	2133571	0	0	0	ABORT	61691	1851923	0	627941	0	0	11	248	1154	2780	0	6	9	13	0.37	
TPCC	SILO	8	128656.62	COMMIT	63691	1268388	0	0	0	ABORT	63213	2720939	0	1519882	0	0	14	849	3040	5360	0	9	14	19	0.50	
TPCC	SILO	12	137373.89	COMMIT	44373	882744	0	0	0	ABORT	55801	3110426	0	2049871	0	0	15	1616	4396	7426	0	11	17	25	0.56	
TPCC	SILO	16	140527.27	COMMIT	33055	671786	0	0	0	ABORT	48634	3321430	0	2368793	0	0	15	2249	5699	9812	0	12	21	31	0.59	
TPCC	SILO	20	138831.88	COMMIT	25811	547626	0	0	0	ABORT	42858	3446695	0	2562989	0	0	16	2865	6598	11476	0	14	23	36	0.62	
TPCC	SILO	24	138095.24	COMMIT	20269	447404	0	0	0	ABORT	38398	3546663	0	2732035	0	0	17	3374	7556	13576	0	15	25	43	0.64	
TPCC	SILO	28	139661.86	COMMIT	19753	441386	0	0	0	ABORT	37996	3551432	0	2751543	0	0	17	3889	8534	15991	0	16	28	47	0.66	
TPCC	SILO	32	149321.36	COMMIT	17791	374772	0	0	0	ABORT	36845	3618663	0	2880217	0	0	18	4121	9037	16055	1	17	29	48	0.67	
TPCC	SILO	36	151673.67	COMMIT	15448	329576	0	0	0	ABORT	34416	3662018	0	2955489	0	0	18	4517	9681	18090	1	18	31	56	0.68	
log 2
	T	CC	TP	P50	P90	P99	P999	Abt
TPCC	NO_WAIT	1	59563.50	COMMIT	231838	3982889	0	0	0	ABORT	0	0	0	0	0	0	6	48	176	198	0	0	0	0	0.00	
TPCC	NO_WAIT	4	66429.94	COMMIT	69091	1359280	0	0	0	ABORT	50631	2627042	0	2505709	0	0	22	1275	4780	8320	0	10	20	29	0.43	
TPCC	NO_WAIT	8	73523.65	COMMIT	36749	727272	0	0	0	ABORT	43239	3266628	0	3169384	0	0	25	2798	7376	11717	0	14	27	38	0.54	
TPCC	NO_WAIT	12	77292.78	COMMIT	26473	536856	0	0	0	ABORT	39422	3456969	0	3368312	0	0	28	3903	9259	14866	0	17	31	46	0.60	
TPCC	NO_WAIT	16	80244.15	COMMIT	20239	410022	0	0	0	ABORT	34784	3584626	0	3506610	0	0	29	4835	10452	15926	0	20	35	50	0.63	
TPCC	NO_WAIT	20	82077.66	COMMIT	17224	345561	0	0	0	ABORT	32769	3648433	0	3576419	0	0	31	5509	11902	18480	0	22	38	56	0.66	
TPCC	NO_WAIT	24	83700.99	COMMIT	13107	274009	0	0	0	ABORT	29363	3720347	0	3654847	0	0	32	6239	13118	19359	0	24	42	60	0.69	
TPCC	NO_WAIT	28	84852.81	COMMIT	12071	250901	0	0	0	ABORT	28698	3743128	0	3682256	0	0	33	6896	13982	21258	0	25	44	63	0.70	
TPCC	NO_WAIT	32	86433.13	COMMIT	11316	236243	0	0	0	ABORT	27990	3757240	0	3695305	0	0	34	7580	14688	22248	0	27	46	66	0.72	
TPCC	NO_WAIT	36	87601.04	COMMIT	9469	203884	0	0	0	ABORT	25946	3789273	0	3730754	0	0	35	8073	15859	24441	0	28	49	71	0.73	
TPCC	WAIT_DIE	1	59312.66	COMMIT	230529	3989148	0	0	0	ABORT	0	0	0	0	0	0	6	48	175	197	0	0	0	0	0.00	
TPCC	WAIT_DIE	4	91583.69	COMMIT	90829	2509245	558735	0	0	ABORT	141601	1475586	8249	1157339	0	0	39	169	304	1754	0	6	7	11	0.61	
TPCC	WAIT_DIE	8	107328.30	COMMIT	53115	2129972	963827	0	0	ABORT	129543	1857352	11817	1506538	0	0	55	309	564	3803	2	7	8	15	0.71	
TPCC	WAIT_DIE	12	114892.22	COMMIT	38195	1995862	1134986	0	0	ABORT	111658	1994410	14083	1651967	0	0	67	470	896	6478	3	8	9	21	0.75	
TPCC	WAIT_DIE	16	119058.18	COMMIT	29655	1979908	1287438	0	0	ABORT	96207	2011134	14235	1683064	0	0	80	656	1203	7999	4	8	9	25	0.77	
TPCC	WAIT_DIE	20	122444.83	COMMIT	24307	1968137	1389322	0	0	ABORT	84507	2023615	16848	1712525	0	0	91	870	1518	10555	4	8	10	30	0.78	
TPCC	WAIT_DIE	24	123853.94	COMMIT	20534	2001731	1492195	0	0	ABORT	74818	1989925	23313	1679757	0	0	102	1128	1969	11400	4	9	10	33	0.79	
TPCC	WAIT_DIE	28	126009.14	COMMIT	17595	2016992	1578305	0	0	ABORT	67157	1975695	16935	1699706	0	0	109	1427	2691	14363	5	9	11	40	0.79	
TPCC	WAIT_DIE	32	127495.92	COMMIT	15725	2072560	1675682	0	0	ABORT	61626	1919394	15544	1652013	0	0	116	1774	3329	15578	5	9	11	42	0.80	
TPCC	WAIT_DIE	36	130091.64	COMMIT	14825	2149975	1760774	0	0	ABORT	57652	1841032	13650	1578740	0	0	120	2159	4226	18250	5	9	11	49	0.80	
TPCC	WOUND_WAIT	1	59176.63	COMMIT	229612	3990121	0	0	0	ABORT	0	0	0	0	0	0	6	48	179	203	0	0	0	0	0.00	
TPCC	WOUND_WAIT	4	91440.43	COMMIT	90983	3936330	1928449	0	0	ABORT	1485	57661	36573	3156	0	0	45	95	356	647	0	1	2	5	0.02	
TPCC	WOUND_WAIT	8	93539.64	COMMIT	45914	3850656	2808289	0	0	ABORT	1078	144185	90839	34107	0	0	90	160	1334	2273	0	1	8	9	0.02	
TPCC	WOUND_WAIT	12	93816.50	COMMIT	30417	3807326	3115838	0	0	ABORT	943	190252	102459	70432	0	0	137	220	2621	3592	0	1	10	12	0.03	
TPCC	WOUND_WAIT	16	93492.70	COMMIT	22845	3786692	3261251	0	0	ABORT	859	211163	105655	90430	0	0	185	279	3681	4799	0	1	12	14	0.04	
TPCC	WOUND_WAIT	20	92997.29	COMMIT	18211	3792751	3371985	0	0	ABORT	706	205124	90821	100350	0	0	234	338	4640	5804	0	1	14	16	0.04	
TPCC	WOUND_WAIT	24	92749.46	COMMIT	15074	3788666	3437987	0	0	ABORT	658	209229	93383	102647	0	0	283	398	5547	6639	0	1	16	18	0.04	
TPCC	WOUND_WAIT	28	92626.49	COMMIT	12868	3771997	3472813	0	0	ABORT	643	225575	101499	110297	0	0	332	454	6745	8003	0	1	17	21	0.05	
TPCC	WOUND_WAIT	32	91220.33	COMMIT	11228	3786862	3521831	0	0	ABORT	565	210174	86327	110107	0	0	385	518	7502	8748	0	1	19	23	0.05	
TPCC	WOUND_WAIT	36	87417.15	COMMIT	9511	3768961	3530920	0	0	ABORT	557	227846	87115	125967	0	0	448	600	9009	10384	0	1	22	25	0.06	
TPCC	DLOCK	1	57540.33	COMMIT	218530	3983263	158459	0	0	ABORT	0	0	0	0	0	0	7	50	180	202	0	0	0	0	0.00	
TPCC	DLOCK	4	101799.65	COMMIT	99134	3625815	1395968	0	0	ABORT	16429	365919	54037	28685	0	0	40	93	406	674	0	2	3	5	0.13	
TPCC	DLOCK	8	113150.31	COMMIT	52811	2830158	1627087	0	0	ABORT	41648	1157382	117383	109111	0	0	73	143	884	1307	0	3	4	7	0.40	
TPCC	DLOCK	12	117961.73	COMMIT	35337	2431196	1645326	0	0	ABORT	49917	1562876	186244	234904	0	0	108	195	1674	2574	0	5	7	10	0.53	
TPCC	DLOCK	16	117876.82	COMMIT	25878	2192364	1620024	0	0	ABORT	50758	1801236	225123	411792	0	0	147	261	2469	4035	0	6	9	13	0.60	
TPCC	DLOCK	20	117872.85	COMMIT	20058	2029102	1586473	0	0	ABORT	48027	1965524	248985	602496	0	0	186	343	3504	5072	0	7	11	15	0.64	
TPCC	DLOCK	24	117373.21	COMMIT	16462	1935438	1576717	0	0	ABORT	43861	2058961	243335	785511	0	0	226	442	4398	5817	1	7	13	18	0.67	
TPCC	DLOCK	28	116766.19	COMMIT	13688	1862035	1563696	0	0	ABORT	39881	2132193	248657	944473	0	0	266	554	5353	6892	1	8	15	22	0.69	
TPCC	DLOCK	32	117343.72	COMMIT	11764	1778099	1532280	0	0	ABORT	37294	2216029	255409	1111484	0	0	304	680	5922	7628	1	8	17	23	0.71	
TPCC	DLOCK	36	116220.12	COMMIT	10290	1722508	1501032	0	0	ABORT	34381	2269389	252583	1217871	0	0	347	777	6753	8182	1	9	19	26	0.72	
TPCC	HLOCK	1	54690.20	COMMIT	206636	3987651	371774	0	0	ABORT	0	0	0	0	0	0	7	52	210	233	0	0	0	0	0.00	
TPCC	HLOCK	4	105148.98	COMMIT	102073	3546745	1480849	0	0	ABORT	21340	430170	40402	102461	0	0	38	106	566	1287	0	4	6	8	0.17	
TPCC	HLOCK	8	123881.01	COMMIT	58213	2542330	1595160	0	0	ABORT	49809	1448474	509516	235945	0	0	64	169	933	4049	0	5	7	11	0.44	
TPCC	HLOCK	12	121423.56	COMMIT	36339	1630927	1197105	0	0	ABORT	71720	2361627	1105130	499064	0	0	100	261	1733	5968	1	6	9	15	0.63	
TPCC	HLOCK	16	109452.62	COMMIT	23266	1037504	821517	0	0	ABORT	73092	2952234	1346488	973047	0	0	145	485	2943	8402	3	8	11	19	0.73	
TPCC	HLOCK	20	104279.79	COMMIT	17151	730583	562228	0	0	ABORT	68141	3262521	1401008	1400885	0	0	183	759	4640	10660	3	9	13	22	0.77	
TPCC	HLOCK	24	96422.25	COMMIT	12689	531081	418999	0	0	ABORT	59671	3460249	1390817	1775428	0	0	226	1134	5897	11324	4	9	15	24	0.80	
TPCC	HLOCK	28	91686.93	COMMIT	10185	424417	331117	0	0	ABORT	52369	3567800	1345921	2036360	0	0	264	1335	7283	12959	5	10	17	27	0.81	
TPCC	HLOCK	32	87527.09	COMMIT	8278	335871	270889	0	0	ABORT	46742	3655852	1344640	2235287	0	0	304	1508	8888	14407	5	10	20	29	0.82	
TPCC	HLOCK	36	84267.55	COMMIT	6979	285269	227259	0	0	ABORT	41884	3707914	1273456	2403190	0	0	342	1690	10165	14637	6	11	22	31	0.83	
TPCC	SILO	1	64763.49	COMMIT	251283	3980874	0	0	0	ABORT	0	0	0	0	0	0	6	44	184	210	0	0	0	0	0.00	
TPCC	SILO	4	95210.77	COMMIT	95970	1561551	0	0	0	ABORT	61486	2426959	0	1002712	0	0	9	381	2019	4472	0	7	11	17	0.40	
TPCC	SILO	8	107652.33	COMMIT	50947	815346	0	0	0	ABORT	53829	3175320	0	1983561	0	0	11	1330	4231	7900	0	10	17	24	0.51	
TPCC	SILO	12	112950.28	COMMIT	35221	556664	0	0	0	ABORT	46404	3434949	0	2436056	0	0	11	2199	5846	11137	0	12	21	31	0.56	
TPCC	SILO	16	114623.71	COMMIT	25336	407808	0	0	0	ABORT	39648	3587330	0	2719524	0	0	12	2884	7165	14908	0	14	24	39	0.60	
TPCC	SILO	20	114279.84	COMMIT	20948	351952	0	0	0	ABORT	37106	3641801	0	2819724	0	0	13	3583	8537	17255	0	15	27	41	0.63	
TPCC	SILO	24	114424.75	COMMIT	15809	272069	0	0	0	ABORT	31902	3721389	0	2985405	0	0	13	4200	9881	20745	0	17	30	50	0.65	
TPCC	SILO	28	115537.67	COMMIT	14783	259101	0	0	0	ABORT	31886	3733890	0	3003071	0	0	13	4740	10732	22546	0	18	32	52	0.67	
TPCC	SILO	32	121822.74	COMMIT	13765	231391	0	0	0	ABORT	30497	3761571	0	3097525	0	0	13	5115	11683	25319	0	19	35	57	0.68	
TPCC	SILO	36	123082.69	COMMIT	10975	185668	0	0	0	ABORT	27748	3808550	0	3204387	0	0	14	5549	12300	27537	0	20	37	62	0.70	
