No Backoff.
Rd	Wt	Zip	T	CC	TP	P50	P90	P99	P999	Abt
0.50	0.50	0.10	1	WOUND_WAIT	0	379078.55	2	2	2	3	4	0	0	0	0	0	0.00	0.00	
0.50	0.50	0.10	4	WOUND_WAIT	0	99940.39	15	24	27	33	287	1	2	3	4	45	0.83	0.56	
0.50	0.50	0.10	8	WOUND_WAIT	0	8101.77	46	74	107	1123	36605	3	7	11	128	4693	0.98	0.90	
0.50	0.50	0.10	12	WOUND_WAIT	0	3646.52	92	285	658	5926	99999	8	32	68	601	74511	1.00	0.98	
0.50	0.50	0.10	16	WOUND_WAIT	0	3418.60	193	958	2721	32748	99999	17	103	261	3781	43094	1.00	0.99	
0.50	0.50	0.10	20	WOUND_WAIT	0	5999.12	591	2471	4284	20511	99999	35	162	281	1145	17078	0.99	1.00	
0.50	0.50	0.10	24	WOUND_WAIT	0	6963.22	1271	6064	11260	36582	99999	64	328	587	1990	8223	0.99	1.00	
0.50	0.50	0.10	28	WOUND_WAIT	0	2667.24	2643	11768	17721	84337	99999	122	579	1005	3992	22926	1.00	0.99	
0.50	0.50	0.10	32	WOUND_WAIT	0	1517.15	4840	20321	38267	99999	99999	222	1004	1911	17585	63173	1.00	1.00	
0.50	0.50	0.10	1	DLOCK	0	456539.58	2	2	2	2	3	0	0	0	0	0	0.00	0.00	
0.50	0.50	0.10	4	DLOCK	0	
0.50	0.50	0.10	8	DLOCK	0	
0.50	0.50	0.10	12	DLOCK	0	
0.50	0.50	0.10	16	DLOCK	0	562.21	29	49	54	63	77	2	6	7	10	26	0.98	0.83	
0.50	0.50	0.10	20	DLOCK	0	
0.50	0.50	0.10	24	DLOCK	0	
0.50	0.50	0.10	28	DLOCK	0	246326.34	120	169	182	205	235	5	10	12	21	54	0.85	0.94	
0.50	0.50	0.10	32	DLOCK	0	
0.50	0.50	0.10	1	SILO	0	380717.20	2	2	3	3	4	0	0	0	0	0	0.00	0.00	
0.50	0.50	0.10	4	SILO	0	432034.72	7	16	19	28	41	1	3	4	7	11	0.58	0.67	
0.50	0.50	0.10	8	SILO	0	483700.44	12	32	41	64	100	2	7	9	14	23	0.74	0.78	
0.50	0.50	0.10	12	SILO	0	512618.71	16	48	63	100	158	3	10	13	21	34	0.80	0.83	
0.50	0.50	0.10	16	SILO	0	504292.98	22	67	89	143	229	3	13	17	28	45	0.84	0.86	
0.50	0.50	0.10	20	SILO	0	222714.96	52	188	268	581	1580	4	16	22	42	96	0.87	0.86	
0.50	0.50	0.10	24	SILO	0	133228.02	106	405	570	1045	1999	5	20	28	49	87	0.89	0.88	
0.50	0.50	0.10	28	SILO	0	102907.29	159	620	872	1600	2986	6	23	32	57	99	0.91	0.89	
0.50	0.50	0.10	32	SILO	0	89224.84	208	823	1165	2140	4043	6	27	38	66	117	0.92	0.90	
Policy 0.
Rd	Wt	Zip	T	CC	TP	P50	P90	P99	P999	Abt
0.50	0.50	0.10	1	WOUND_WAIT	0	377875.76	2	2	2	3	3	0	0	0	0	0	0.00	0.00	
0.50	0.50	0.10	4	WOUND_WAIT	0	241460.02	71	170	199	258	384	1	2	3	4	6	0.50	0.64	
0.50	0.50	0.10	8	WOUND_WAIT	0	165055.98	338	475	511	579	668	4	6	7	8	10	0.79	0.95	
0.50	0.50	0.10	12	WOUND_WAIT	0	133597.66	715	887	934	1024	1141	8	11	12	14	16	0.88	0.99	
0.50	0.50	0.10	16	WOUND_WAIT	0	109241.77	1213	1427	1486	1603	1746	12	17	18	21	24	0.92	1.00	
0.50	0.50	0.10	20	WOUND_WAIT	0	59522.32	2286	2650	2755	2987	3380	18	25	28	31	36	0.95	1.00	
0.50	0.50	0.10	24	WOUND_WAIT	0	44390.76	3477	3968	4112	4416	5681	24	34	37	42	48	0.96	1.00	
0.50	0.50	0.10	28	WOUND_WAIT	0	36567.76	4832	5486	5692	6131	10850	31	45	48	55	62	0.97	1.00	
0.50	0.50	0.10	32	WOUND_WAIT	0	31491.65	6397	7242	7520	8245	11091	39	56	61	69	79	0.98	1.00	
0.50	0.50	0.10	1	DLOCK	0	459325.82	2	2	2	2	3	0	0	0	0	0	0.00	0.00	
0.50	0.50	0.10	4	DLOCK	0	590218.04	5	82	101	132	201	0	1	1	2	3	0.23	0.26	
0.50	0.50	0.10	8	DLOCK	0	
0.50	0.50	0.10	12	DLOCK	0	
0.50	0.50	0.10	16	DLOCK	0	564636.86	202	365	406	526	1420	2	5	6	8	18	0.72	0.83	
0.50	0.50	0.10	20	DLOCK	0	357207.63	356	535	574	643	732	4	6	7	9	10	0.78	0.91	
0.50	0.50	0.10	24	DLOCK	0	283048.81	507	707	750	828	942	5	8	9	10	12	0.82	0.94	
0.50	0.50	0.10	28	DLOCK	0	
0.50	0.50	0.10	32	DLOCK	0	242147.33	775	997	1045	1133	1275	6	10	11	13	15	0.86	0.96	
0.50	0.50	0.10	1	SILO	0	379153.61	2	2	3	3	4	0	0	0	0	0	0.00	0.00	
0.50	0.50	0.10	4	SILO	0	366360.83	31	233	315	508	791	1	3	4	7	11	0.54	0.55	
0.50	0.50	0.10	8	SILO	0	428918.57	108	402	531	838	1289	1	5	7	12	19	0.68	0.69	
0.50	0.50	0.10	12	SILO	0	476191.73	144	548	719	1124	1744	2	7	10	16	25	0.75	0.75	
0.50	0.50	0.10	16	SILO	0	498228.56	206	696	912	1430	2226	2	9	12	20	32	0.79	0.80	
0.50	0.50	0.10	20	SILO	0	214588.44	369	1279	1766	3391	7686	4	16	22	40	88	0.87	0.85	
0.50	0.50	0.10	24	SILO	0	129392.03	579	1977	2689	4713	8614	5	19	27	48	88	0.89	0.87	
0.50	0.50	0.10	28	SILO	0	98605.14	782	2659	3619	6353	11352	6	23	32	57	102	0.90	0.89	
0.50	0.50	0.10	32	SILO	0	90340.04	1002	3287	4418	7483	13167	7	27	37	66	118	0.92	0.90	
Policy 1.
Rd	Wt	Zip	T	CC	TP	P50	P90	P99	P999	Abt
0.50	0.50	0.10	1	WOUND_WAIT	0	380748.12	2	2	2	3	4	0	0	0	0	0	0.00	0.00	
0.50	0.50	0.10	4	WOUND_WAIT	0	256175.49	12	27	33	55	119	0	2	2	3	5	0.40	0.46	
0.50	0.50	0.10	8	WOUND_WAIT	0	193497.14	40	67	77	105	165	2	4	5	5	6	0.70	0.87	
0.50	0.50	0.10	12	WOUND_WAIT	0	176265.93	62	115	142	209	370	4	6	6	7	8	0.77	0.93	
0.50	0.50	0.10	16	WOUND_WAIT	0	165301.75	84	172	218	334	630	4	6	7	8	9	0.81	0.95	
0.50	0.50	0.10	20	WOUND_WAIT	0	105180.36	157	348	464	776	1223	5	8	8	9	10	0.84	0.97	
0.50	0.50	0.10	24	WOUND_WAIT	0	87738.28	219	536	676	1088	1602	6	8	9	10	11	0.85	0.97	
0.50	0.50	0.10	28	WOUND_WAIT	0	79350.02	275	704	944	1297	1869	7	9	9	10	12	0.86	0.98	
0.50	0.50	0.10	32	WOUND_WAIT	0	77051.79	326	899	1081	1467	2046	7	9	10	11	12	0.87	0.98	
0.50	0.50	0.10	1	DLOCK	0	456913.12	2	2	2	2	3	0	0	0	0	0	0.00	0.00	
0.50	0.50	0.10	4	DLOCK	0	570470.73	5	11	15	29	74	0	1	1	2	4	0.19	0.20	
0.50	0.50	0.10	8	DLOCK	0		
0.50	0.50	0.10	12	DLOCK	0	
0.50	0.50	0.10	16	DLOCK	0	588261.92	21	52	63	114	402	1	4	4	5	6	0.62	0.69	
0.50	0.50	0.10	20	DLOCK	0	368877.21	49	101	118	168	268	2	5	5	6	7	0.71	0.83	
0.50	0.50	0.10	24	DLOCK	0	305442.64	71	145	174	252	420	3	6	6	7	8	0.75	0.87	
0.50	0.50	0.10	28	DLOCK	0	283755.36	88	183	219	323	545	3	6	7	7	8	0.77	0.89	
0.50	0.50	0.10	32	DLOCK	0	266311.55	105	223	280	415	669	4	6	7	8	9	0.79	0.90	
0.50	0.50	0.10	1	SILO	0	381182.70	2	3	3	3	3	0	0	0	0	0	0.00	0.00	
0.50	0.50	0.10	4	SILO	0	332900.90	3	9	15	45	627	0	1	2	4	8	0.24	0.18	
0.50	0.50	0.10	8	SILO	0	346713.54	4	19	32	179	1865	0	2	4	7	11	0.44	0.38	
0.50	0.50	0.10	12	SILO	0	389171.26	7	28	52	435	2392	1	3	5	8	14	0.55	0.53	
0.50	0.50	0.10	16	SILO	0	417861.02	9	37	78	825	2934	1	4	5	9	16	0.60	0.61	
0.50	0.50	0.10	20	SILO	0	362530.89	10	48	117	1269	4071	1	4	6	11	19	0.63	0.63	
0.50	0.50	0.10	24	SILO	0	287712.82	14	73	201	1907	5137	1	5	7	13	22	0.65	0.66	
0.50	0.50	0.10	28	SILO	0	277363.53	14	75	219	2349	7418	1	5	7	14	29	0.66	0.65	
0.50	0.50	0.10	32	SILO	0	310585.02	13	70	205	2331	9121	1	5	7	14	34	0.66	0.66	
