backoff cycle: 375
1 WH
	T	CC	TP	P50	P90	P99	P999	Abt
TPCC	NO_WAIT	1	48991.93	COMMIT	193085	3991775	0	0	0	ABORT	0	0	0	0	0	0	7	190	211	225	0	0	0	0	0.00	
TPCC	NO_WAIT	4	73879.77	COMMIT	73897	2111380	0	0	0	ABORT	147900	1866533	0	1420142	0	0	26	431	741	1068	0	17	26	35	0.67	
TPCC	NO_WAIT	8	88819.06	COMMIT	44632	1329720	0	0	0	ABORT	155518	2657826	0	2181027	0	0	33	768	1396	1998	0	26	43	58	0.78	
TPCC	NO_WAIT	12	95796.89	COMMIT	32268	975053	0	0	0	ABORT	151082	3013647	0	2552812	0	0	39	1146	2031	2954	1	36	60	83	0.83	
TPCC	NO_WAIT	16	98128.89	COMMIT	24557	774296	0	0	0	ABORT	143513	3214401	0	2781149	0	0	44	1543	2691	3821	1	46	76	106	0.86	
TPCC	NO_WAIT	20	98656.15	COMMIT	20356	662399	0	0	0	ABORT	138756	3326332	0	2885216	0	0	48	1927	3371	4762	2	56	93	128	0.88	
TPCC	NO_WAIT	24	98971.05	COMMIT	16769	540505	0	0	0	ABORT	135224	3448277	0	3000755	0	0	53	2299	3937	5643	2	65	107	151	0.89	
TPCC	NO_WAIT	28	97587.11	COMMIT	14320	486117	0	0	0	ABORT	129358	3499818	0	3018981	0	0	59	2719	4570	6566	3	75	121	173	0.90	
TPCC	NO_WAIT	32	96649.38	COMMIT	12231	425573	0	0	0	ABORT	124621	3564451	0	3050673	0	0	65	3102	5261	7436	3	84	137	191	0.91	
TPCC	NO_WAIT	36	96474.89	COMMIT	10933	406404	0	0	0	ABORT	120539	3583179	0	3052373	0	0	71	3488	5792	8258	3	92	150	210	0.92	
TPCC	WAIT_DIE	1	48483.94	COMMIT	191340	3986196	0	0	0	ABORT	0	0	0	0	0	0	7	190	212	227	0	0	0	0	0.00	
TPCC	WAIT_DIE	4	76265.31	COMMIT	75888	2645142	313593	0	0	ABORT	178333	1327938	8231	864832	0	0	33	350	465	583	0	12	16	19	0.70	
TPCC	WAIT_DIE	8	89563.00	COMMIT	44467	2176773	694667	0	0	ABORT	177209	1801822	38097	1225150	0	0	53	444	617	822	3	15	19	24	0.80	
TPCC	WAIT_DIE	12	95114.60	COMMIT	31519	2061858	999227	0	0	ABORT	157537	1923889	38745	1361723	0	0	75	567	804	1020	5	17	21	26	0.83	
TPCC	WAIT_DIE	16	95581.44	COMMIT	23827	2112011	1263592	0	0	ABORT	133477	1875714	29141	1337785	0	0	101	766	1099	1475	6	18	23	28	0.85	
TPCC	WAIT_DIE	20	95667.55	COMMIT	19215	2209415	1488437	0	0	ABORT	115806	1780960	19682	1275581	0	0	123	1049	1592	2236	7	20	26	33	0.86	
TPCC	WAIT_DIE	24	96974.35	COMMIT	16167	2288528	1655856	0	0	ABORT	102538	1701331	17976	1223477	0	0	140	1384	2241	3082	7	21	27	36	0.87	
TPCC	WAIT_DIE	28	96232.75	COMMIT	13717	2341073	1803770	0	0	ABORT	92174	1649941	17808	1161967	0	0	158	1850	3077	4369	7	22	28	37	0.87	
TPCC	WAIT_DIE	32	97849.81	COMMIT	12095	2419242	1922980	0	0	ABORT	83676	1572751	8165	1107462	0	0	170	2360	4144	5817	8	22	30	39	0.87	
TPCC	WAIT_DIE	36	98717.56	COMMIT	11167	2442691	1966051	0	0	ABORT	78459	1547185	8756	1060690	0	0	184	2888	5376	8394	8	23	30	51	0.88	
TPCC	WOUND_WAIT	1	48608.58	COMMIT	191855	3986037	0	0	0	ABORT	0	0	0	0	0	0	7	190	212	226	0	0	0	0	0.00	
TPCC	WOUND_WAIT	4	71384.79	COMMIT	70313	3942089	1713998	0	0	ABORT	1547	41561	15096	763	0	0	38	337	447	603	0	1	1	8	0.02	
TPCC	WOUND_WAIT	8	74785.76	COMMIT	37314	3938348	2715814	0	0	ABORT	949	58829	24431	898	0	0	83	382	550	778	0	1	2	9	0.03	
TPCC	WOUND_WAIT	12	76846.78	COMMIT	25474	3903241	3065725	0	0	ABORT	1111	90149	38150	1928	0	0	132	439	664	1013	0	1	6	10	0.04	
TPCC	WOUND_WAIT	16	78543.80	COMMIT	19508	3873311	3234575	0	0	ABORT	1119	117635	46149	1699	0	0	184	498	743	1008	0	1	7	9	0.05	
TPCC	WOUND_WAIT	20	79562.54	COMMIT	15781	3876213	3361607	0	0	ABORT	1058	121986	47389	1398	0	0	237	576	816	1331	0	2	7	10	0.07	
TPCC	WOUND_WAIT	24	80364.73	COMMIT	13372	3849249	3417853	0	0	ABORT	1060	148734	57944	1313	0	0	290	631	936	1931	0	2	7	10	0.07	
TPCC	WOUND_WAIT	28	81049.37	COMMIT	11467	3851513	3497209	0	0	ABORT	947	146444	57938	1312	0	0	341	713	999	3280	0	2	8	11	0.08	
TPCC	WOUND_WAIT	32	80355.12	COMMIT	10010	3841766	3523047	0	0	ABORT	943	156629	59693	1354	0	0	397	793	1102	4130	0	3	8	11	0.09	
TPCC	WOUND_WAIT	36	76766.34	COMMIT	8574	3834249	3544995	0	0	ABORT	928	163411	66180	1210	0	0	466	901	1212	3622	0	3	8	11	0.10	
TPCC	DLOCK	1	50671.03	COMMIT	199952	3985032	86894	0	0	ABORT	0	0	0	0	0	0	7	164	184	200	0	0	0	0	0.00	
TPCC	DLOCK	4	81579.18	COMMIT	81564	3401413	1379213	0	0	ABORT	9419	591855	5982	3266	0	0	30	397	750	1173	0	2	4	7	0.12	
TPCC	DLOCK	8	92280.37	COMMIT	45732	3123667	2028727	0	0	ABORT	25898	848321	87834	11457	0	0	55	494	1065	1716	0	4	6	10	0.37	
TPCC	DLOCK	12	96875.53	COMMIT	32171	2973453	2218662	0	0	ABORT	33023	1020347	179470	24119	0	0	87	591	1417	2309	0	6	9	13	0.51	
TPCC	DLOCK	16	98916.84	COMMIT	24653	2926827	2332417	0	0	ABORT	35643	1066960	237415	47872	0	0	126	678	1739	2795	0	7	10	16	0.59	
TPCC	DLOCK	20	102505.70	COMMIT	20468	2855189	2354506	0	0	ABORT	37547	1136767	288051	84591	0	0	167	734	2053	3322	0	9	12	19	0.64	
TPCC	DLOCK	24	99050.84	COMMIT	16349	2813820	2403437	0	0	ABORT	34721	1180469	293550	122877	0	0	218	877	2492	4213	0	10	14	23	0.68	
TPCC	DLOCK	28	98785.76	COMMIT	14032	2782728	2435597	0	0	ABORT	33831	1211549	300481	166957	0	0	266	978	2823	4931	0	11	16	26	0.70	
TPCC	DLOCK	32	104112.73	COMMIT	12810	2758273	2447178	0	0	ABORT	35658	1233712	292584	233779	0	0	302	966	2954	5186	1	12	16	28	0.73	
TPCC	DLOCK	36	99686.87	COMMIT	11034	2776113	2499600	0	0	ABORT	31546	1217145	312696	231901	0	0	361	1141	3471	5659	1	12	19	30	0.74	
TPCC	HLOCK	1	49523.82	COMMIT	194087	3988700	338324	0	0	ABORT	0	0	0	0	0	0	7	153	172	185	0	0	0	0	0.00	
TPCC	HLOCK	4	83446.75	COMMIT	82582	3233294	1363973	0	0	ABORT	20440	747524	7686	52051	0	0	30	400	807	1254	0	6	11	14	0.21	
TPCC	HLOCK	8	103083.82	COMMIT	50639	2787425	2155334	0	0	ABORT	41103	1186207	320066	172618	0	0	47	530	1307	2082	0	10	16	25	0.45	
TPCC	HLOCK	12	111403.56	COMMIT	36879	2208356	2022119	0	0	ABORT	69862	1784045	1018732	294742	0	0	77	578	1572	2628	1	12	19	28	0.65	
TPCC	HLOCK	16	101431.19	COMMIT	24718	1572672	1559160	0	0	ABORT	84236	2418803	1707638	457136	0	0	129	725	1896	3177	2	14	21	30	0.77	
TPCC	HLOCK	20	92759.08	COMMIT	18107	1134526	1102391	0	0	ABORT	88839	2857305	2157148	698120	0	0	192	840	2340	3748	4	16	23	30	0.82	
TPCC	HLOCK	24	82067.02	COMMIT	12981	859607	891035	0	0	ABORT	80954	3132562	2448177	864926	0	0	278	1032	2800	4327	5	19	26	33	0.85	
TPCC	HLOCK	28	71622.42	COMMIT	9324	652512	711231	0	0	ABORT	75023	3339634	2595576	1054259	0	0	390	1187	3227	5864	7	22	28	35	0.88	
TPCC	HLOCK	32	64438.06	COMMIT	7133	506919	587555	0	0	ABORT	70134	3485165	2693943	1201413	0	0	487	1419	3923	6057	8	25	32	39	0.89	
TPCC	HLOCK	36	57396.11	COMMIT	5431	406459	497196	0	0	ABORT	65498	3583887	2887567	1304285	0	0	615	1720	4354	6653	9	30	37	44	0.91	
TPCC	SILO	1	59453.66	COMMIT	234468	3989764	0	0	0	ABORT	0	0	0	0	0	0	6	143	159	171	0	0	0	0	0.00	
TPCC	SILO	4	100370.93	COMMIT	100988	1860243	0	0	0	ABORT	51687	2122031	0	80937	0	0	9	554	1264	2136	0	6	10	14	0.34	
TPCC	SILO	8	123343.58	COMMIT	60752	1134746	0	0	0	ABORT	68681	2849659	0	304626	0	0	11	958	2613	4497	0	11	18	28	0.53	
TPCC	SILO	12	130166.40	COMMIT	43763	848640	0	0	0	ABORT	73334	3142727	0	539308	0	0	13	1407	4039	6879	0	15	26	40	0.63	
TPCC	SILO	16	127170.49	COMMIT	30003	648116	0	0	0	ABORT	67537	3343524	0	696480	0	0	14	2036	5867	9655	0	19	34	53	0.68	
TPCC	SILO	20	120885.67	COMMIT	22751	534791	0	0	0	ABORT	60662	3457496	0	765382	0	0	14	2843	8175	13042	0	24	43	65	0.72	
TPCC	SILO	24	115558.15	COMMIT	16492	420800	0	0	0	ABORT	52309	3573381	0	791162	0	0	15	3826	10610	18007	0	28	52	80	0.75	
TPCC	SILO	28	110191.27	COMMIT	16232	422536	0	0	0	ABORT	52796	3571501	0	823683	0	0	15	4931	14427	23801	0	32	61	97	0.77	
TPCC	SILO	32	116879.99	COMMIT	13951	358921	0	0	0	ABORT	53537	3634036	0	938295	0	0	16	5021	14965	26510	0	37	70	115	0.79	
TPCC	SILO	36	113641.41	COMMIT	11747	316778	0	0	0	ABORT	53998	3672913	0	1039780	0	0	16	6018	17579	29627	1	42	80	123	0.81	
4 WH
TPCC	NO_WAIT	1	45055.64	COMMIT	177377	3992387	0	0	0	ABORT	0	0	0	0	0	0	13	209	235	254	0	0	0	0	0.00	
TPCC	NO_WAIT	4	166081.77	COMMIT	173257	3973841	0	0	0	ABORT	170	3346	0	286	0	0	10	204	233	255	0	0	0	4	0.00	
TPCC	NO_WAIT	8	226821.63	COMMIT	117286	2925449	0	0	0	ABORT	104785	1053927	0	778811	0	0	21	255	406	1596	0	11	16	21	0.48	
TPCC	NO_WAIT	12	271427.28	COMMIT	95186	2453207	0	0	0	ABORT	145842	1530652	0	1137775	0	0	24	333	604	911	0	14	22	31	0.61	
TPCC	NO_WAIT	16	292417.05	COMMIT	75823	2044686	0	0	0	ABORT	152999	1940125	0	1515439	0	0	28	436	825	1232	0	18	28	39	0.68	
TPCC	NO_WAIT	20	300178.32	COMMIT	63645	1784227	0	0	0	ABORT	155458	2201507	0	1774077	0	0	31	561	1055	1587	0	21	34	47	0.72	
TPCC	NO_WAIT	24	308847.54	COMMIT	53345	1554706	0	0	0	ABORT	154515	2430977	0	2012476	0	0	34	682	1289	1893	0	24	40	56	0.75	
TPCC	NO_WAIT	28	317543.35	COMMIT	47191	1403527	0	0	0	ABORT	153444	2582378	0	2160411	0	0	36	796	1473	2172	0	28	45	63	0.77	
TPCC	NO_WAIT	32	333254.31	COMMIT	44058	1286551	0	0	0	ABORT	155603	2698636	0	2286642	0	0	37	889	1650	2495	0	30	50	71	0.79	
TPCC	NO_WAIT	36	350452.44	COMMIT	41020	1176751	0	0	0	ABORT	156590	2807993	0	2410837	0	0	37	981	1801	2704	0	32	54	76	0.80	
TPCC	WAIT_DIE	1	44225.31	COMMIT	174209	3992476	0	0	0	ABORT	0	0	0	0	0	0	14	210	236	258	0	0	0	0	0.00	
TPCC	WAIT_DIE	4	163853.81	COMMIT	170113	3976779	238	0	0	ABORT	84	1552	0	135	0	0	10	203	233	257	0	0	0	2	0.00	
TPCC	WAIT_DIE	8	229539.09	COMMIT	120802	3288811	87435	0	0	ABORT	111846	671705	89	426709	0	0	24	250	304	563	0	9	12	14	0.50	
TPCC	WAIT_DIE	12	281330.71	COMMIT	97616	2930149	214767	0	0	ABORT	172463	1052647	3686	667553	0	0	29	270	333	445	0	10	13	16	0.65	
TPCC	WAIT_DIE	16	305593.61	COMMIT	79800	2653515	369621	0	0	ABORT	192091	1324045	8825	866283	0	0	36	291	376	512	0	11	14	17	0.71	
TPCC	WAIT_DIE	20	312040.88	COMMIT	65149	2488749	490072	0	0	ABORT	189856	1493135	14091	1014215	0	0	43	325	440	593	1	12	16	19	0.75	
TPCC	WAIT_DIE	24	325685.84	COMMIT	56142	2365458	604162	0	0	ABORT	188826	1616773	20831	1123123	0	0	49	350	479	633	1	13	16	20	0.77	
TPCC	WAIT_DIE	28	327881.71	COMMIT	48302	2286095	703314	0	0	ABORT	181057	1695963	28078	1204685	0	0	55	393	544	784	2	13	18	21	0.79	
TPCC	WAIT_DIE	32	345595.09	COMMIT	44978	2214452	793008	0	0	ABORT	181319	1768965	32972	1263759	0	0	59	412	576	818	3	14	18	22	0.80	
TPCC	WAIT_DIE	36	356335.94	COMMIT	41247	2176741	852379	0	0	ABORT	177657	1804834	33603	1316787	0	0	63	438	617	872	4	15	19	23	0.82	
TPCC	WOUND_WAIT	1	44428.51	COMMIT	174975	3992130	0	0	0	ABORT	0	0	0	0	0	0	14	211	237	256	0	0	0	0	0.00	
TPCC	WOUND_WAIT	4	163556.65	COMMIT	170071	3980943	1453	0	0	ABORT	4	447	0	1	0	0	10	206	235	257	0	0	0	0	0.00	
TPCC	WOUND_WAIT	8	247410.83	COMMIT	129402	3926813	535247	0	0	ABORT	3407	49961	9639	952	0	0	22	241	283	397	0	1	2	4	0.03	
TPCC	WOUND_WAIT	12	290890.14	COMMIT	101515	3942667	1179936	0	0	ABORT	3047	49985	13993	978	0	0	30	255	305	461	0	1	1	7	0.03	
TPCC	WOUND_WAIT	16	297281.77	COMMIT	77471	3950345	1738700	0	0	ABORT	1992	42824	14853	653	0	0	40	271	330	507	0	1	1	7	0.03	
TPCC	WOUND_WAIT	20	294674.21	COMMIT	61300	3947755	2118803	0	0	ABORT	1420	45180	16598	1195	0	0	52	288	367	602	0	1	2	8	0.02	
TPCC	WOUND_WAIT	24	298684.91	COMMIT	51507	3940936	2388797	0	0	ABORT	1269	52353	22456	1485	0	0	64	299	398	653	0	1	2	9	0.02	
TPCC	WOUND_WAIT	28	298852.33	COMMIT	44263	3931980	2585284	0	0	ABORT	1219	62386	27781	1306	0	0	77	314	431	747	0	1	2	9	0.03	
TPCC	WOUND_WAIT	32	306964.32	COMMIT	39944	3926170	2740418	0	0	ABORT	1284	68781	31997	2062	0	0	88	322	451	821	0	1	2	9	0.03	
TPCC	WOUND_WAIT	36	300151.66	COMMIT	34443	3918891	2823706	0	0	ABORT	1217	74947	32599	1737	0	0	102	346	495	917	0	1	3	9	0.03	
TPCC	DLOCK	1	46486.64	COMMIT	183107	3992085	99627	0	0	ABORT	0	0	0	0	0	0	13	187	213	230	0	0	0	0	0.00	
TPCC	DLOCK	4	170496.51	COMMIT	177359	3973246	86634	0	0	ABORT	8	883	0	1	0	0	11	181	212	235	0	0	0	1	0.00	
TPCC	DLOCK	8	254168.47	COMMIT	133726	3703802	522915	0	0	ABORT	4902	278403	4887	1938	0	0	22	230	460	681	0	1	3	5	0.04	
TPCC	DLOCK	12	303335.21	COMMIT	105334	3533065	938131	0	0	ABORT	6656	458000	6475	3063	0	0	27	322	626	984	0	1	4	7	0.07	
TPCC	DLOCK	16	321323.15	COMMIT	83097	3462144	1339046	0	0	ABORT	9445	527887	6020	3561	0	0	35	360	783	1251	0	2	4	7	0.12	
TPCC	DLOCK	20	319641.76	COMMIT	65154	3352260	1586766	0	0	ABORT	12410	640132	16897	6009	0	0	43	416	958	1650	0	2	5	9	0.19	
TPCC	DLOCK	24	324855.75	COMMIT	55898	3309017	1758794	0	0	ABORT	16390	681669	38441	8133	0	0	51	447	1104	1919	0	3	6	10	0.26	
TPCC	DLOCK	28	320010.44	COMMIT	46333	3183718	1878128	0	0	ABORT	18851	808634	67549	11199	0	0	59	527	1338	2285	0	3	7	11	0.31	
TPCC	DLOCK	32	346618.84	COMMIT	43717	3166138	1991590	0	0	ABORT	22771	823412	97329	11806	0	0	64	502	1345	2310	0	4	7	12	0.37	
TPCC	DLOCK	36	330862.27	COMMIT	35928	3084142	2044031	0	0	ABORT	22133	906502	126351	13258	0	0	77	581	1554	2756	0	4	8	13	0.40	
TPCC	HLOCK	1	44618.80	COMMIT	175107	3989743	377673	0	0	ABORT	0	0	0	0	0	0	15	175	197	220	0	0	0	0	0.00	
TPCC	HLOCK	4	165989.00	COMMIT	169773	3976797	314247	0	0	ABORT	70	2037	5	17	0	0	11	169	195	226	0	0	0	1	0.00	
TPCC	HLOCK	8	250694.23	COMMIT	129013	3630328	624650	0	0	ABORT	10378	354778	2154	9846	0	0	23	216	454	695	0	3	6	7	0.08	
TPCC	HLOCK	12	309150.29	COMMIT	105288	3429855	973374	0	0	ABORT	18053	561243	4895	28894	0	0	28	303	623	982	0	5	8	11	0.15	
TPCC	HLOCK	16	324148.67	COMMIT	84833	3385924	1352497	0	0	ABORT	22424	604702	5772	51457	0	0	35	361	835	1411	0	6	10	14	0.23	
TPCC	HLOCK	20	329266.43	COMMIT	67792	3234101	1656131	0	0	ABORT	26487	757522	20831	81761	0	0	42	425	1083	1849	0	8	12	17	0.30	
TPCC	HLOCK	24	332936.40	COMMIT	56258	3080066	1893291	0	0	ABORT	30515	912006	64432	125598	0	0	48	522	1408	2366	0	9	14	21	0.37	
TPCC	HLOCK	28	329823.01	COMMIT	46586	2906794	2022754	0	0	ABORT	31468	1085246	126750	162478	0	0	54	620	1758	2929	0	10	17	26	0.42	
TPCC	HLOCK	32	356414.08	COMMIT	45259	2851998	2139922	0	0	ABORT	37740	1138875	240283	198512	0	0	58	607	1823	3153	0	10	19	29	0.47	
TPCC	HLOCK	36	335279.60	COMMIT	37333	2666724	2065336	0	0	ABORT	38501	1322734	421230	233740	0	0	69	749	2226	3794	0	12	22	34	0.52	
TPCC	SILO	1	55752.30	COMMIT	218292	3983172	0	0	0	ABORT	0	0	0	0	0	0	11	156	174	187	0	0	0	0	0.00	
TPCC	SILO	4	198067.24	COMMIT	206525	3976879	0	0	0	ABORT	34	4178	0	8	0	0	9	157	182	260	0	0	0	1	0.00	
TPCC	SILO	8	272671.76	COMMIT	141623	2834496	0	0	0	ABORT	29131	1148637	0	22759	0	0	10	302	645	1013	0	4	7	9	0.17	
TPCC	SILO	12	299472.05	COMMIT	101360	2243653	0	0	0	ABORT	42519	1746983	0	65783	0	0	11	475	1077	1772	0	6	10	13	0.30	
TPCC	SILO	16	295445.15	COMMIT	74007	1869843	0	0	0	ABORT	44171	2120711	0	115643	0	0	12	699	1699	2900	0	8	13	17	0.38	
TPCC	SILO	20	273565.59	COMMIT	54302	1606987	0	0	0	ABORT	41756	2385095	0	159861	0	0	13	1051	2736	4734	0	9	15	21	0.44	
TPCC	SILO	24	258802.40	COMMIT	42984	1429062	0	0	0	ABORT	39607	2563590	0	203494	0	0	13	1420	3795	6678	0	11	18	26	0.49	
TPCC	SILO	28	245400.21	COMMIT	34595	1280220	0	0	0	ABORT	34745	2712376	0	202913	0	0	14	1973	5510	9104	0	12	20	29	0.51	
TPCC	SILO	32	261498.46	COMMIT	31727	1158348	0	0	0	ABORT	39188	2833466	0	292151	0	0	14	2062	5723	9719	0	14	23	33	0.55	
TPCC	SILO	36	257397.26	COMMIT	27023	1030141	0	0	0	ABORT	38770	2960448	0	335557	0	0	14	2415	6673	11302	0	15	26	37	0.59	
N WH
TPCC	NO_WAIT	1	48903.01	COMMIT	192824	3991158	0	0	0	ABORT	0	0	0	0	0	0	6	191	212	226	0	0	0	0	0.00	
TPCC	NO_WAIT	4	165738.13	COMMIT	173300	3986775	0	0	0	ABORT	153	2249	0	205	0	0	10	204	235	258	0	0	0	2	0.00	
TPCC	NO_WAIT	8	291872.83	COMMIT	154087	3982547	0	0	0	ABORT	95	2188	0	135	0	0	12	232	278	313	0	0	0	3	0.00	
TPCC	NO_WAIT	12	406741.09	COMMIT	146761	3984813	0	0	0	ABORT	170	3717	0	526	0	0	12	263	325	369	0	0	0	3	0.00	
TPCC	NO_WAIT	16	464657.91	COMMIT	121097	3987089	0	0	0	ABORT	101	2894	0	293	0	0	15	314	398	459	0	0	0	3	0.00	
TPCC	NO_WAIT	20	520249.41	COMMIT	103372	3989436	0	0	0	ABORT	54	2422	0	166	0	0	16	363	460	526	0	0	0	3	0.00	
TPCC	NO_WAIT	24	541568.67	COMMIT	85544	3988636	0	0	0	ABORT	94	2716	0	253	0	0	21	434	549	626	0	0	0	3	0.00	
TPCC	NO_WAIT	28	578221.10	COMMIT	76316	3990036	0	0	0	ABORT	74	3259	0	192	0	0	24	491	615	696	0	0	0	3	0.00	
TPCC	NO_WAIT	32	670247.19	COMMIT	76360	3990405	0	0	0	ABORT	59	2044	0	90	0	0	23	497	646	741	0	0	0	4	0.00	
TPCC	NO_WAIT	36	680729.63	COMMIT	67599	3985639	0	0	0	ABORT	67	4070	0	203	0	0	26	568	731	836	0	0	0	3	0.00	
TPCC	WAIT_DIE	1	48583.31	COMMIT	191480	3985986	0	0	0	ABORT	0	0	0	0	0	0	7	190	211	225	0	0	0	0	0.00	
TPCC	WAIT_DIE	4	161998.40	COMMIT	168694	3988238	27	0	0	ABORT	111	1411	0	206	0	0	10	205	235	257	0	0	0	1	0.00	
TPCC	WAIT_DIE	8	285439.37	COMMIT	149993	3977223	242	0	0	ABORT	98	2254	0	359	0	0	12	236	280	314	0	0	0	2	0.00	
TPCC	WAIT_DIE	12	390773.98	COMMIT	140536	3986681	353	0	0	ABORT	116	2643	0	366	0	0	13	268	332	376	0	0	0	2	0.00	
TPCC	WAIT_DIE	16	455754.79	COMMIT	119264	3988943	240	0	0	ABORT	68	1613	0	86	0	0	15	315	397	450	0	0	0	3	0.00	
TPCC	WAIT_DIE	20	512573.25	COMMIT	100742	3989611	38	0	0	ABORT	91	2239	0	269	0	0	17	367	461	527	0	0	0	3	0.00	
TPCC	WAIT_DIE	24	538295.08	COMMIT	84197	3989965	49	0	0	ABORT	93	2444	0	350	0	0	22	435	547	616	0	0	0	3	0.00	
TPCC	WAIT_DIE	28	552510.29	COMMIT	75709	3989163	3	0	0	ABORT	58	2103	0	167	0	0	26	509	629	714	0	0	0	3	0.00	
TPCC	WAIT_DIE	32	623910.17	COMMIT	70437	3990879	85	0	0	ABORT	76	1798	0	249	0	0	26	531	675	768	0	0	0	3	0.00	
TPCC	WAIT_DIE	36	675002.13	COMMIT	65802	3989806	79	0	0	ABORT	30	1867	0	21	0	0	27	566	726	830	0	0	0	3	0.00	
TPCC	WOUND_WAIT	1	48517.35	COMMIT	191208	3986195	0	0	0	ABORT	0	0	0	0	0	0	7	191	212	226	0	0	0	0	0.00	
TPCC	WOUND_WAIT	4	163594.71	COMMIT	169781	3977600	1592	0	0	ABORT	15	1622	0	4	0	0	10	206	236	263	0	0	0	1	0.00	
TPCC	WOUND_WAIT	8	282930.57	COMMIT	147985	3988455	2339	0	0	ABORT	9	895	0	2	0	0	12	239	285	322	0	0	0	1	0.00	
TPCC	WOUND_WAIT	12	392834.64	COMMIT	141384	3991036	1509	0	0	ABORT	7	575	0	1	0	0	13	268	332	373	0	0	0	1	0.00	
TPCC	WOUND_WAIT	16	457862.85	COMMIT	118572	3987844	1515	0	0	ABORT	2	179	0	0	0	0	15	319	403	460	0	0	0	0	0.00	
TPCC	WOUND_WAIT	20	503747.22	COMMIT	98797	3989583	1629	0	0	ABORT	5	339	0	1	0	0	19	379	480	548	0	0	0	0	0.00	
TPCC	WOUND_WAIT	24	547677.35	COMMIT	86975	3992178	1429	0	0	ABORT	3	509	0	0	0	0	22	431	547	623	0	0	0	0	0.00	
TPCC	WOUND_WAIT	28	562352.61	COMMIT	79323	3989826	1862	0	0	ABORT	12	572	0	2	0	0	25	507	630	719	0	0	0	1	0.00	
TPCC	WOUND_WAIT	32	644749.81	COMMIT	73474	3992827	1435	0	0	ABORT	9	137	0	2	0	0	25	522	664	759	0	0	0	1	0.00	
TPCC	WOUND_WAIT	36	661933.93	COMMIT	67715	3990266	1737	0	0	ABORT	11	290	0	2	0	0	28	582	732	835	0	0	0	1	0.00	
TPCC	DLOCK	1	50625.94	COMMIT	199739	3985030	86990	0	0	ABORT	0	0	0	0	0	0	7	165	184	198	0	0	0	0	0.00	
TPCC	DLOCK	4	170172.34	COMMIT	178434	3977537	86194	0	0	ABORT	11	1362	2	3	0	0	11	181	213	236	0	0	0	1	0.00	
TPCC	DLOCK	8	299276.92	COMMIT	157809	3982556	82696	0	0	ABORT	9	1024	0	2	0	0	12	213	263	298	0	0	0	1	0.00	
TPCC	DLOCK	12	406691.62	COMMIT	147449	3988509	80920	0	0	ABORT	9	968	0	2	0	0	13	251	321	374	0	0	0	1	0.00	
TPCC	DLOCK	16	468982.26	COMMIT	120959	3990717	69912	0	0	ABORT	2	286	0	0	0	0	15	305	396	456	0	0	0	1	0.00	
TPCC	DLOCK	20	502221.01	COMMIT	98993	3990487	61546	0	0	ABORT	2	175	0	0	0	0	20	367	473	542	0	0	0	1	0.00	
TPCC	DLOCK	24	530124.71	COMMIT	82699	3993344	53288	0	0	ABORT	25	203	1	7	0	0	23	436	555	634	0	0	0	1	0.00	
TPCC	DLOCK	28	573862.17	COMMIT	79726	3990896	53678	0	0	ABORT	26	562	4	7	0	0	25	484	630	720	0	0	0	1	0.00	
TPCC	DLOCK	32	624119.31	COMMIT	70582	3993897	49551	0	0	ABORT	9	85	0	2	0	0	26	526	673	766	0	0	0	1	0.00	
TPCC	DLOCK	36	653328.13	COMMIT	63467	3993735	45333	0	0	ABORT	6	75	0	1	0	0	28	581	754	867	0	0	0	1	0.00	
TPCC	HLOCK	1	49587.95	COMMIT	194612	3988644	337913	0	0	ABORT	0	0	0	0	0	0	7	153	171	184	0	0	0	0	0.00	
TPCC	HLOCK	4	166466.10	COMMIT	170756	3974908	314701	0	0	ABORT	67	1650	2	16	0	0	11	168	194	217	0	0	0	1	0.00	
TPCC	HLOCK	8	290943.17	COMMIT	149875	3981945	289549	0	0	ABORT	6	702	5	1	0	0	13	198	240	271	0	0	0	1	0.00	
TPCC	HLOCK	12	398828.31	COMMIT	140012	3989754	277908	0	0	ABORT	4	676	0	1	0	0	14	228	286	329	0	0	0	1	0.00	
TPCC	HLOCK	16	463091.36	COMMIT	121075	3990907	253968	0	0	ABORT	0	0	0	0	0	0	17	278	358	416	0	0	0	1	0.00	
TPCC	HLOCK	20	505495.59	COMMIT	99419	3991332	219254	0	0	ABORT	27	285	3	7	0	0	21	338	435	503	0	0	0	1	0.00	
TPCC	HLOCK	24	539098.99	COMMIT	86803	3992009	197271	0	0	ABORT	1	253	0	0	0	0	24	396	506	578	0	0	0	0	0.00	
TPCC	HLOCK	28	559331.65	COMMIT	76225	3991980	178206	0	0	ABORT	13	109	0	3	0	0	27	466	594	678	0	0	0	1	0.00	
TPCC	HLOCK	32	632836.38	COMMIT	75880	3992920	181656	0	0	ABORT	0	0	0	0	0	0	28	482	623	721	0	0	0	0	0.00	
TPCC	HLOCK	36	657032.28	COMMIT	64217	3989443	162696	0	0	ABORT	15	833	4	4	0	0	30	531	686	784	0	0	0	1	0.00	
TPCC	SILO	1	59354.67	COMMIT	234080	3989757	0	0	0	ABORT	0	0	0	0	0	0	6	143	159	171	0	0	0	0	0.00	
TPCC	SILO	4	199297.19	COMMIT	208808	3974358	0	0	0	ABORT	31	3737	0	7	0	0	9	156	182	253	0	0	0	1	0.00	
TPCC	SILO	8	339618.54	COMMIT	179279	3979119	0	0	0	ABORT	32	4085	0	10	0	0	11	188	227	307	0	0	0	1	0.00	
TPCC	SILO	12	453031.86	COMMIT	161549	3986001	0	0	0	ABORT	32	5441	0	7	0	0	12	222	275	345	0	0	0	1	0.00	
TPCC	SILO	16	508741.29	COMMIT	130582	3989839	0	0	0	ABORT	17	3311	0	3	0	0	13	276	347	424	0	0	0	1	0.00	
TPCC	SILO	20	554564.39	COMMIT	107641	3985890	0	0	0	ABORT	27	7506	0	8	0	0	16	335	426	529	0	0	0	1	0.00	
TPCC	SILO	24	582254.30	COMMIT	89405	3988850	0	0	0	ABORT	38	5228	0	11	0	0	17	403	505	611	0	0	0	1	0.00	
TPCC	SILO	28	585484.44	COMMIT	78679	3987573	0	0	0	ABORT	24	6397	0	5	0	0	23	486	615	769	0	0	0	1	0.00	
TPCC	SILO	32	647181.49	COMMIT	75617	3988348	0	0	0	ABORT	20	5374	0	5	0	0	23	523	658	811	0	0	0	1	0.00	
TPCC	SILO	36	690568.79	COMMIT	75490	3987015	0	0	0	ABORT	27	7018	0	6	0	0	25	560	699	852	0	0	0	1	0.00	
backoff cycle: 0
1 WH
	T	CC	TP	P50	P90	P99	P999	Abt
TPCC	NO_WAIT	1	48968.20	COMMIT	192993	3991642	0	0	0	ABORT	0	0	0	0	0	0	6	191	213	227	0	0	0	0	0.00	
TPCC	NO_WAIT	4	79154.94	COMMIT	79639	2432921	0	0	0	ABORT	783168	1511984	0	44823	0	0	32	357	506	701	1	102	174	263	0.91	
TPCC	NO_WAIT	8	85493.72	COMMIT	43707	1530584	0	0	0	ABORT	622376	2423771	0	36432	0	0	56	463	710	957	3	118	197	295	0.94	
TPCC	NO_WAIT	12	79207.56	COMMIT	27307	1087946	0	0	0	ABORT	458991	2882934	0	27014	0	0	84	801	1264	1785	4	139	226	329	0.95	
TPCC	NO_WAIT	16	71560.09	COMMIT	18427	826707	0	0	0	ABORT	351012	3150798	0	20706	0	0	116	1354	2160	3028	5	160	258	366	0.95	
TPCC	NO_WAIT	20	64864.89	COMMIT	13400	682310	0	0	0	ABORT	286653	3298120	0	16846	0	0	150	2027	3264	4420	6	182	295	401	0.96	
TPCC	NO_WAIT	24	60744.96	COMMIT	10059	559128	0	0	0	ABORT	257440	3423922	0	15090	0	0	182	2733	4427	6269	6	208	338	481	0.96	
TPCC	NO_WAIT	28	55342.13	COMMIT	8035	482997	0	0	0	ABORT	214106	3502323	0	12602	0	0	220	3610	5843	8014	7	227	368	501	0.97	
TPCC	NO_WAIT	32	52391.10	COMMIT	6569	422374	0	0	0	ABORT	195252	3563716	0	11342	0	0	252	4469	7181	10292	7	247	400	596	0.97	
TPCC	NO_WAIT	36	48887.96	COMMIT	5598	396973	0	0	0	ABORT	172798	3590646	0	10186	0	0	281	5516	8991	12376	7	269	441	606	0.97	
TPCC	WAIT_DIE	1	48527.60	COMMIT	191156	3986123	0	0	0	ABORT	0	0	0	0	0	0	7	191	213	226	0	0	0	0	0.00	
TPCC	WAIT_DIE	4	75395.04	COMMIT	75610	2701407	260226	0	0	ABORT	711065	1248685	16623	40751	0	0	36	350	466	609	1	68	333	493	0.90	
TPCC	WAIT_DIE	8	82571.21	COMMIT	40913	2305741	749004	0	0	ABORT	551117	1644090	63708	31855	0	0	63	455	626	805	4	126	274	439	0.93	
TPCC	WAIT_DIE	12	86714.63	COMMIT	28991	2299852	1123775	0	0	ABORT	381035	1675610	41869	22509	0	0	92	589	861	1132	6	103	228	417	0.93	
TPCC	WAIT_DIE	16	87036.48	COMMIT	21877	2340604	1348906	0	0	ABORT	285448	1640037	25572	16884	0	0	119	848	1304	1792	7	93	209	402	0.93	
TPCC	WAIT_DIE	20	87588.17	COMMIT	17517	2396617	1553373	0	0	ABORT	234261	1586806	16413	13642	0	0	141	1190	1914	2496	7	91	201	379	0.93	
TPCC	WAIT_DIE	24	87067.27	COMMIT	14356	2434123	1707421	0	0	ABORT	191782	1551146	16658	11231	0	0	165	1612	2780	3855	7	87	180	354	0.93	
TPCC	WAIT_DIE	28	87049.29	COMMIT	12219	2492124	1827231	0	0	ABORT	165961	1495660	10532	9819	0	0	188	2117	3720	5132	8	86	189	392	0.93	
TPCC	WAIT_DIE	32	87713.09	COMMIT	11081	2499527	1853244	0	0	ABORT	141717	1488059	12840	8484	0	0	209	2580	4613	6925	8	80	169	351	0.93	
TPCC	WAIT_DIE	36	89159.80	COMMIT	9878	2530737	1959578	0	0	ABORT	131400	1457603	19931	7741	0	0	222	3098	5798	7777	8	82	180	368	0.93	
TPCC	WOUND_WAIT	1	48267.31	COMMIT	190220	3985843	0	0	0	ABORT	0	0	0	0	0	0	7	191	212	225	0	0	0	0	0.00	
TPCC	WOUND_WAIT	4	70875.41	COMMIT	70560	3922760	1716681	0	0	ABORT	3069	61966	19150	202	0	0	38	339	448	1338	0	1	1	47	0.04	
TPCC	WOUND_WAIT	8	72798.12	COMMIT	35880	3886154	2708976	0	0	ABORT	4519	100824	33759	289	0	0	83	387	1014	6422	0	1	3	211	0.11	
TPCC	WOUND_WAIT	12	71785.08	COMMIT	23769	3853853	3078506	0	0	ABORT	6796	143671	50789	410	0	0	132	456	3222	17535	0	1	30	557	0.24	
TPCC	WOUND_WAIT	16	73398.72	COMMIT	18154	3803742	3198247	0	0	ABORT	8205	192534	66056	470	0	0	184	542	5276	15686	0	1	28	770	0.25	
TPCC	WOUND_WAIT	20	72880.11	COMMIT	14587	3824115	3361085	0	0	ABORT	5291	174042	63440	297	0	0	237	664	6602	20176	0	2	33	690	0.27	
TPCC	WOUND_WAIT	24	73563.73	COMMIT	12302	3779085	3390451	0	0	ABORT	8448	216930	69639	471	0	0	290	790	7051	30723	0	2	34	694	0.28	
TPCC	WOUND_WAIT	28	75256.64	COMMIT	10677	3817999	3489487	0	0	ABORT	4156	180047	65807	229	0	0	342	956	8840	18301	0	2	34	784	0.26	
TPCC	WOUND_WAIT	32	74586.49	COMMIT	9265	3767863	3465120	0	0	ABORT	5880	226239	87800	334	0	0	398	1059	8932	22641	0	3	31	634	0.28	
TPCC	WOUND_WAIT	36	73351.77	COMMIT	8200	3827081	3550449	0	0	ABORT	1641	169825	61553	89	0	0	468	1117	4830	11251	0	3	27	327	0.20	
TPCC	DLOCK	1	50665.96	COMMIT	200289	3984951	85959	0	0	ABORT	0	0	0	0	0	0	7	164	184	199	0	0	0	0	0.00	
TPCC	DLOCK	4	81218.96	COMMIT	81147	3391674	1377500	0	0	ABORT	9573	601987	6820	617	0	0	31	403	690	976	0	2	4	6	0.12	
TPCC	DLOCK	8	95035.22	COMMIT	47077	3149371	2015299	0	0	ABORT	27693	822326	89441	1663	0	0	55	459	847	1246	0	4	5	8	0.38	
TPCC	DLOCK	12	100578.56	COMMIT	33411	3009628	2251273	0	0	ABORT	36349	984935	183766	2161	0	0	87	553	973	1397	0	6	8	10	0.53	
TPCC	DLOCK	16	107975.41	COMMIT	26858	2933468	2281649	0	0	ABORT	43991	1060251	252296	2591	0	0	123	577	1076	1591	0	9	11	13	0.62	
TPCC	DLOCK	20	111041.61	COMMIT	21991	2901540	2359635	0	0	ABORT	47097	1091411	282945	2781	0	0	165	611	1164	1887	0	12	14	16	0.68	
TPCC	DLOCK	24	106694.44	COMMIT	17764	2845913	2403806	0	0	ABORT	46455	1147501	321584	2741	0	0	215	748	1314	2115	0	14	18	20	0.73	
TPCC	DLOCK	28	106221.12	COMMIT	14992	2805399	2428189	0	0	ABORT	47807	1187471	325570	2804	0	0	266	824	1496	2382	1	17	21	24	0.76	
TPCC	DLOCK	32	106407.34	COMMIT	13173	2786599	2468841	0	0	ABORT	49319	1205828	342581	2907	0	0	314	898	1645	2644	1	21	25	28	0.79	
TPCC	DLOCK	36	108577.57	COMMIT	11867	2771283	2465521	0	0	ABORT	52385	1221074	381032	3151	0	0	358	915	1655	3488	1	24	29	32	0.81	
TPCC	HLOCK	1	49605.99	COMMIT	194730	3988274	337751	0	0	ABORT	0	0	0	0	0	0	7	153	171	184	0	0	0	0	0.00	
TPCC	HLOCK	4	83540.19	COMMIT	83778	3302703	1451882	0	0	ABORT	26858	689264	9053	1553	0	0	30	394	789	1139	0	7	30	55	0.26	
TPCC	HLOCK	8	102194.65	COMMIT	50154	2841913	2231336	0	0	ABORT	61389	1124900	427423	3591	0	0	49	456	1196	2001	0	23	54	82	0.56	
TPCC	HLOCK	12	99311.49	COMMIT	32735	2064104	1995498	0	0	ABORT	103867	1926480	1360164	6357	0	0	91	591	1497	2546	1	34	69	108	0.76	
TPCC	HLOCK	16	86528.83	COMMIT	21257	1364295	1360985	0	0	ABORT	141233	2623934	2236024	8379	0	0	170	627	1745	3053	4	41	73	112	0.86	
TPCC	HLOCK	20	67565.73	COMMIT	12745	891727	947518	0	0	ABORT	155560	3094411	2837681	9206	0	0	289	853	2284	4185	7	58	93	126	0.91	
TPCC	HLOCK	24	44644.56	COMMIT	6753	543244	656146	0	0	ABORT	150079	3444236	3341727	8791	0	0	518	1514	3195	5855	10	91	127	154	0.94	
TPCC	HLOCK	28	33737.24	COMMIT	4278	386935	499413	0	0	ABORT	151180	3601597	3448394	8772	0	0	801	2274	4340	8127	13	129	173	212	0.96	
TPCC	HLOCK	32	23291.36	COMMIT	2515	276061	403792	0	0	ABORT	136630	3712520	3976467	7937	0	0	1243	3796	5046	8004	18	184	252	305	0.97	
TPCC	HLOCK	36	17874.95	COMMIT	1679	251669	400400	0	0	ABORT	110513	3729703	4446406	6668	0	0	1824	5508	7169	12079	21	244	325	404	0.98	
TPCC	SILO	1	59493.07	COMMIT	234640	3989645	0	0	0	ABORT	0	0	0	0	0	0	6	142	159	172	0	0	0	0	0.00	
TPCC	SILO	4	100770.06	COMMIT	103091	1885932	0	0	0	ABORT	56576	2093204	0	2419	0	0	9	549	1196	1920	0	7	14	21	0.36	
TPCC	SILO	8	125124.88	COMMIT	63286	1180983	0	0	0	ABORT	89831	2794543	0	3772	0	0	11	988	2352	3880	0	16	32	48	0.59	
TPCC	SILO	12	129307.86	COMMIT	42513	875076	0	0	0	ABORT	109179	3115309	0	4633	0	0	13	1500	3817	6199	0	29	57	90	0.72	
TPCC	SILO	16	123571.73	COMMIT	30461	687855	0	0	0	ABORT	113409	3303159	0	4724	0	0	14	2245	5830	9639	0	43	88	137	0.79	
TPCC	SILO	20	110245.87	COMMIT	21166	554611	0	0	0	ABORT	110702	3436541	0	4656	0	0	15	3355	8984	14396	0	60	123	201	0.83	
TPCC	SILO	24	101101.92	COMMIT	15237	457864	0	0	0	ABORT	106218	3534025	0	4393	0	0	16	4477	12470	21521	0	80	175	290	0.87	
TPCC	SILO	28	94911.42	COMMIT	13060	404756	0	0	0	ABORT	83841	3585207	0	6702	0	0	16	6299	17260	28734	0	78	162	281	0.86	
TPCC	SILO	32	95581.90	COMMIT	11801	382580	0	0	0	ABORT	113569	3603290	0	9259	0	0	16	6761	18865	30908	1	111	237	400	0.90	
TPCC	SILO	36	87147.53	COMMIT	8110	301804	0	0	0	ABORT	109388	3683110	0	9656	0	0	17	8271	24441	40905	1	154	347	581	0.92	
4 WH
TPCC	NO_WAIT	1	45006.50	COMMIT	177178	3987139	0	0	0	ABORT	0	0	0	0	0	0	13	209	235	253	0	0	0	0	0.00	
TPCC	NO_WAIT	4	165733.35	COMMIT	172112	3977598	0	0	0	ABORT	121	1944	0	7	0	0	10	203	233	256	0	0	0	2	0.00	
TPCC	NO_WAIT	8	249109.78	COMMIT	131059	3322983	0	0	0	ABORT	490045	629520	0	28040	0	0	21	243	314	403	0	55	78	108	0.80	
TPCC	NO_WAIT	12	300711.93	COMMIT	105261	2817595	0	0	0	ABORT	825162	1127866	0	47482	0	0	27	274	386	514	0	95	173	257	0.90	
TPCC	NO_WAIT	16	322480.50	COMMIT	84518	2443880	0	0	0	ABORT	1013472	1488915	0	59988	0	0	33	310	460	633	1	136	232	339	0.93	
TPCC	NO_WAIT	20	329568.22	COMMIT	68436	2156437	0	0	0	ABORT	1060081	1757849	0	63461	0	0	41	356	545	761	2	163	268	379	0.94	
TPCC	NO_WAIT	24	333530.21	COMMIT	57381	1917653	0	0	0	ABORT	1068086	2009397	0	65477	0	0	48	399	614	888	3	184	301	424	0.95	
TPCC	NO_WAIT	28	332385.20	COMMIT	48682	1727025	0	0	0	ABORT	1021594	2201173	0	64898	0	0	55	448	694	1058	4	196	318	454	0.96	
TPCC	NO_WAIT	32	346542.90	COMMIT	44565	1558573	0	0	0	ABORT	971431	2367999	0	64487	0	0	59	466	721	1111	5	199	325	470	0.96	
TPCC	NO_WAIT	36	352039.81	COMMIT	40583	1435391	0	0	0	ABORT	958701	2490720	0	63408	0	0	63	501	774	1198	5	208	337	500	0.96	
TPCC	WAIT_DIE	1	44825.08	COMMIT	176630	3992318	0	0	0	ABORT	0	0	0	0	0	0	13	208	232	248	0	0	0	0	0.00	
TPCC	WAIT_DIE	4	162088.06	COMMIT	170124	3978112	71	0	0	ABORT	107	1816	0	8	0	0	10	204	235	257	0	0	0	1	0.00	
TPCC	WAIT_DIE	8	230060.11	COMMIT	120280	3444283	80297	0	0	ABORT	334576	509438	133	19590	0	0	24	257	299	351	0	42	60	85	0.76	
TPCC	WAIT_DIE	12	291923.83	COMMIT	103405	3014381	150305	0	0	ABORT	680449	939034	6188	39144	0	0	29	267	314	421	0	59	216	354	0.88	
TPCC	WAIT_DIE	16	303702.75	COMMIT	78957	2740206	293246	0	0	ABORT	742605	1208477	14383	44325	0	0	38	301	374	506	1	71	273	354	0.91	
TPCC	WAIT_DIE	20	298239.83	COMMIT	61911	2549740	420140	0	0	ABORT	782906	1398963	25413	45439	0	0	48	342	451	601	2	91	287	372	0.93	
TPCC	WAIT_DIE	24	299336.05	COMMIT	51529	2455205	570488	0	0	ABORT	772216	1489148	36409	46756	0	0	57	377	508	697	3	129	294	390	0.94	
TPCC	WAIT_DIE	28	277794.66	COMMIT	40551	2373781	688188	0	0	ABORT	744283	1576036	46789	44984	0	0	71	446	619	885	4	175	315	428	0.95	
TPCC	WAIT_DIE	32	297996.24	COMMIT	38090	2338702	802447	0	0	ABORT	730314	1608278	49264	45640	0	0	75	458	643	917	5	178	303	408	0.95	
TPCC	WAIT_DIE	36	334083.20	COMMIT	38138	2313561	907613	0	0	ABORT	662039	1633688	57692	41523	0	0	73	451	642	967	6	154	263	371	0.95	
TPCC	WOUND_WAIT	1	44574.68	COMMIT	175537	3987159	0	0	0	ABORT	0	0	0	0	0	0	14	209	235	254	0	0	0	0	0.00	
TPCC	WOUND_WAIT	4	162962.05	COMMIT	168680	3978443	863	0	0	ABORT	7	727	0	0	0	0	10	206	237	261	0	0	0	1	0.00	
TPCC	WOUND_WAIT	8	247283.16	COMMIT	130064	3932100	518374	0	0	ABORT	3363	49053	9528	239	0	0	22	240	284	441	0	1	2	5	0.03	
TPCC	WOUND_WAIT	12	290330.24	COMMIT	101463	3927417	1179265	0	0	ABORT	4510	65301	18759	300	0	0	30	255	301	489	0	1	1	7	0.05	
TPCC	WOUND_WAIT	16	293244.37	COMMIT	76203	3876876	1718775	0	0	ABORT	9167	115975	26410	527	0	0	40	269	333	3757	0	1	1	174	0.10	
TPCC	WOUND_WAIT	20	284638.09	COMMIT	58551	3889761	2139426	0	0	ABORT	6982	104234	27798	451	0	0	51	289	385	7953	0	1	2	454	0.14	
TPCC	WOUND_WAIT	24	281400.37	COMMIT	49821	3876688	2361200	0	0	ABORT	7503	117104	34290	530	0	0	65	303	448	10440	0	1	2	539	0.19	
TPCC	WOUND_WAIT	28	282995.63	COMMIT	42237	3916649	2617038	0	0	ABORT	3440	78185	29834	202	0	0	77	318	606	10599	0	1	2	633	0.19	
TPCC	WOUND_WAIT	32	285061.27	COMMIT	34951	3715390	2660118	0	0	ABORT	21109	279217	77275	1278	0	0	89	326	1535	14125	0	1	3	771	0.23	
TPCC	WOUND_WAIT	36	283195.40	COMMIT	32608	3899288	2871777	0	0	ABORT	4321	93918	35019	297	0	0	103	352	1961	9940	0	1	3	638	0.21	
TPCC	DLOCK	1	46563.32	COMMIT	183525	3991829	99762	0	0	ABORT	0	0	0	0	0	0	13	187	212	233	0	0	0	0	0.00	
TPCC	DLOCK	4	170293.93	COMMIT	178242	3978473	85979	0	0	ABORT	10	983	0	0	0	0	10	181	212	235	0	0	0	1	0.00	
TPCC	DLOCK	8	258788.01	COMMIT	134567	3688703	531802	0	0	ABORT	5045	295914	5165	358	0	0	21	231	455	650	0	1	3	5	0.04	
TPCC	DLOCK	12	304187.72	COMMIT	104579	3492092	955666	0	0	ABORT	7716	498868	15347	467	0	0	27	319	612	916	0	1	4	7	0.07	
TPCC	DLOCK	16	318963.15	COMMIT	81090	3443495	1322503	0	0	ABORT	9526	546781	7045	604	0	0	35	366	750	1162	0	2	4	7	0.13	
TPCC	DLOCK	20	330297.07	COMMIT	67799	3442535	1603582	0	0	ABORT	12977	547993	19878	809	0	0	43	382	831	1310	0	2	4	8	0.19	
TPCC	DLOCK	24	320500.73	COMMIT	53737	3285927	1785788	0	0	ABORT	16285	706691	39498	990	0	0	52	461	973	1566	0	3	5	8	0.26	
TPCC	DLOCK	28	319696.74	COMMIT	45454	3212586	1895085	0	0	ABORT	18698	779104	65832	1139	0	0	61	525	1091	1759	0	3	5	9	0.32	
TPCC	DLOCK	32	353217.52	COMMIT	43733	3147805	2008907	0	0	ABORT	23044	843716	97974	1365	0	0	64	508	1076	1706	0	4	6	10	0.37	
TPCC	DLOCK	36	339855.32	COMMIT	37777	3154837	2054375	0	0	ABORT	24123	835459	124722	1476	0	0	77	556	1195	1997	0	4	6	10	0.41	
TPCC	HLOCK	1	44828.40	COMMIT	176005	3989728	375939	0	0	ABORT	0	0	0	0	0	0	15	173	196	214	0	0	0	0	0.00	
TPCC	HLOCK	4	166174.75	COMMIT	170080	3977758	313680	0	0	ABORT	8	863	0	0	0	0	11	168	194	216	0	0	0	1	0.00	
TPCC	HLOCK	8	253199.85	COMMIT	131566	3638315	635229	0	0	ABORT	11430	329204	2104	680	0	0	23	212	446	654	0	3	7	10	0.08	
TPCC	HLOCK	12	308192.18	COMMIT	105937	3448975	987500	0	0	ABORT	21398	541894	6143	1342	0	0	28	303	612	966	0	5	14	30	0.17	
TPCC	HLOCK	16	329533.55	COMMIT	83362	3321877	1370670	0	0	ABORT	28470	668424	6338	1769	0	0	34	352	820	1278	0	7	24	42	0.27	
TPCC	HLOCK	20	326866.42	COMMIT	65760	3243765	1700794	0	0	ABORT	35664	747184	23241	2183	0	0	42	416	1063	1739	0	10	33	60	0.37	
TPCC	HLOCK	24	326386.93	COMMIT	56850	3187067	2010360	0	0	ABORT	44680	803841	85391	2731	0	0	49	497	1353	2244	0	15	41	76	0.45	
TPCC	HLOCK	28	322112.61	COMMIT	47009	3030698	2216110	0	0	ABORT	48956	959652	178211	3082	0	0	56	592	1628	2802	0	21	54	94	0.53	
TPCC	HLOCK	32	342949.43	COMMIT	43087	2884235	2304865	0	0	ABORT	55599	1105636	320224	3499	0	0	61	587	1729	3014	0	24	60	104	0.58	
TPCC	HLOCK	36	325608.51	COMMIT	36880	2697826	2166276	0	0	ABORT	66499	1289380	571003	4164	0	0	72	677	2019	3478	0	30	73	123	0.64	
TPCC	SILO	1	55443.48	COMMIT	217251	3982868	0	0	0	ABORT	0	0	0	0	0	0	11	156	175	190	0	0	0	0	0.00	
TPCC	SILO	4	199250.72	COMMIT	208156	3976700	0	0	0	ABORT	38	4448	0	5	0	0	9	157	181	260	0	0	0	1	0.00	
TPCC	SILO	8	266122.17	COMMIT	136094	2813863	0	0	0	ABORT	30614	1169950	0	2409	0	0	10	310	653	1012	0	4	8	12	0.18	
TPCC	SILO	12	296013.77	COMMIT	101755	2274140	0	0	0	ABORT	46780	1715176	0	3604	0	0	11	479	1075	1756	0	7	14	21	0.32	
TPCC	SILO	16	290144.44	COMMIT	72044	1865140	0	0	0	ABORT	51039	2125919	0	3996	0	0	12	725	1749	2769	0	10	21	33	0.42	
TPCC	SILO	20	269632.16	COMMIT	54134	1631650	0	0	0	ABORT	49527	2359453	0	2127	0	0	13	1104	2771	4663	0	14	28	45	0.49	
TPCC	SILO	24	242670.66	COMMIT	38717	1407274	0	0	0	ABORT	50352	2585339	0	3852	0	0	13	1602	4164	6894	0	19	40	67	0.56	
TPCC	SILO	28	234738.37	COMMIT	32981	1278015	0	0	0	ABORT	44161	2714511	0	1859	0	0	14	2152	5742	9388	0	19	40	65	0.57	
TPCC	SILO	32	241731.62	COMMIT	30085	1183240	0	0	0	ABORT	55721	2809608	0	2380	0	0	14	2300	6158	10014	0	27	58	93	0.65	
TPCC	SILO	36	232303.67	COMMIT	25050	1083126	0	0	0	ABORT	68258	2904816	0	5595	0	0	14	2705	7262	12073	0	36	79	126	0.71	
N WH
TPCC	NO_WAIT	1	49042.71	COMMIT	193325	3991560	0	0	0	ABORT	0	0	0	0	0	0	6	190	212	225	0	0	0	0	0.00	
TPCC	NO_WAIT	4	167187.81	COMMIT	173496	3976243	0	0	0	ABORT	120	2184	0	11	0	0	10	203	232	255	0	0	0	3	0.00	
TPCC	NO_WAIT	8	292057.07	COMMIT	151652	3986190	0	0	0	ABORT	129	2723	0	8	0	0	12	233	280	314	0	0	0	2	0.00	
TPCC	NO_WAIT	12	399309.04	COMMIT	142794	3986956	0	0	0	ABORT	131	2886	0	11	0	0	13	266	330	377	0	0	0	3	0.00	
TPCC	NO_WAIT	16	466042.46	COMMIT	121508	3987102	0	0	0	ABORT	161	2897	0	10	0	0	15	313	396	456	0	0	0	3	0.00	
TPCC	NO_WAIT	20	504889.46	COMMIT	98462	3988282	0	0	0	ABORT	108	3771	0	9	0	0	18	377	477	545	0	0	0	3	0.00	
TPCC	NO_WAIT	24	544442.36	COMMIT	84501	3989641	0	0	0	ABORT	125	3404	0	7	0	0	22	431	550	625	0	0	0	3	0.00	
TPCC	NO_WAIT	28	585864.41	COMMIT	79862	3991634	0	0	0	ABORT	50	1335	0	2	0	0	24	483	617	710	0	0	0	3	0.00	
TPCC	NO_WAIT	32	667808.70	COMMIT	76642	3990282	0	0	0	ABORT	94	2270	0	6	0	0	24	500	645	744	0	0	0	4	0.00	
TPCC	NO_WAIT	36	704154.66	COMMIT	69739	3987500	0	0	0	ABORT	80	4198	0	8	0	0	25	548	709	814	0	0	0	3	0.00	
TPCC	WAIT_DIE	1	48551.04	COMMIT	191312	3986127	0	0	0	ABORT	0	0	0	0	0	0	7	190	212	228	0	0	0	0	0.00	
TPCC	WAIT_DIE	4	161673.21	COMMIT	167181	3977540	193	0	0	ABORT	45	682	0	2	0	0	10	205	235	260	0	0	0	1	0.00	
TPCC	WAIT_DIE	8	286620.47	COMMIT	149143	3980048	20	0	0	ABORT	81	1470	0	7	0	0	12	235	279	308	0	0	0	2	0.00	
TPCC	WAIT_DIE	12	388970.43	COMMIT	138822	3989376	526	0	0	ABORT	104	1838	0	8	0	0	13	269	331	372	0	0	0	2	0.00	
TPCC	WAIT_DIE	16	458555.37	COMMIT	118807	3988520	389	0	0	ABORT	121	2025	0	7	0	0	15	316	398	455	0	0	0	3	0.00	
TPCC	WAIT_DIE	20	503677.35	COMMIT	99343	3990842	116	0	0	ABORT	82	2106	0	7	0	0	19	376	477	542	0	0	0	3	0.00	
TPCC	WAIT_DIE	24	541705.44	COMMIT	84845	3988982	68	0	0	ABORT	109	2676	0	6	0	0	22	431	544	616	0	0	0	3	0.00	
TPCC	WAIT_DIE	28	560696.59	COMMIT	73921	3990781	66	0	0	ABORT	40	1250	0	1	0	0	26	505	636	721	0	0	0	3	0.00	
TPCC	WAIT_DIE	32	641702.25	COMMIT	77539	3989139	51	0	0	ABORT	104	1932	0	8	0	0	25	518	655	744	0	0	0	3	0.00	
TPCC	WAIT_DIE	36	666213.15	COMMIT	64659	3989350	46	0	0	ABORT	58	1034	0	4	0	0	27	575	736	837	0	0	0	4	0.00	
TPCC	WOUND_WAIT	1	48382.69	COMMIT	190999	3986100	0	0	0	ABORT	0	0	0	0	0	0	7	190	213	225	0	0	0	0	0.00	
TPCC	WOUND_WAIT	4	162436.73	COMMIT	168144	3989395	1343	0	0	ABORT	8	1032	0	1	0	0	10	207	238	264	0	0	0	1	0.00	
TPCC	WOUND_WAIT	8	282524.63	COMMIT	147276	3979467	2119	0	0	ABORT	8	708	0	0	0	0	12	239	286	324	0	0	0	1	0.00	
TPCC	WOUND_WAIT	12	394153.53	COMMIT	141478	3990350	1428	0	0	ABORT	9	841	0	0	0	0	13	269	333	380	0	0	0	1	0.00	
TPCC	WOUND_WAIT	16	458189.85	COMMIT	119790	3991582	1247	0	0	ABORT	1	43	0	0	0	0	15	317	400	456	0	0	0	1	0.00	
TPCC	WOUND_WAIT	20	508685.72	COMMIT	100268	3991202	1230	0	0	ABORT	3	117	0	0	0	0	19	375	476	545	0	0	0	0	0.00	
TPCC	WOUND_WAIT	24	537301.81	COMMIT	83243	3993471	1623	0	0	ABORT	10	108	0	0	0	0	22	441	545	616	0	0	0	1	0.00	
TPCC	WOUND_WAIT	28	554136.99	COMMIT	75428	3992239	2210	0	0	ABORT	18	260	0	3	0	0	26	514	648	740	0	0	0	1	0.00	
TPCC	WOUND_WAIT	32	639884.62	COMMIT	77728	3991322	2332	0	0	ABORT	18	897	0	1	0	0	25	523	673	763	0	0	0	1	0.00	
TPCC	WOUND_WAIT	36	650094.59	COMMIT	62727	3991885	689	0	0	ABORT	7	791	0	1	0	0	28	591	732	824	0	0	0	1	0.00	
TPCC	DLOCK	1	50619.75	COMMIT	199733	3985070	86693	0	0	ABORT	0	0	0	0	0	0	7	165	184	198	0	0	0	0	0.00	
TPCC	DLOCK	4	170717.53	COMMIT	177737	3978045	86331	0	0	ABORT	6	618	0	0	0	0	11	181	212	238	0	0	0	1	0.00	
TPCC	DLOCK	8	294506.25	COMMIT	155288	3984863	80933	0	0	ABORT	59	950	2	11	0	0	13	217	267	305	0	0	0	1	0.00	
TPCC	DLOCK	12	406905.92	COMMIT	145648	3987274	81077	0	0	ABORT	5	650	0	0	0	0	13	250	321	368	0	0	0	1	0.00	
TPCC	DLOCK	16	473929.79	COMMIT	124136	3990941	70948	0	0	ABORT	40	783	1	4	0	0	15	303	393	455	0	0	0	1	0.00	
TPCC	DLOCK	20	506856.43	COMMIT	99408	3989410	62625	0	0	ABORT	15	538	1	0	0	0	20	366	472	541	0	0	0	1	0.00	
TPCC	DLOCK	24	537788.64	COMMIT	83714	3992438	54858	0	0	ABORT	30	292	1	1	0	0	23	428	550	629	0	0	0	1	0.00	
TPCC	DLOCK	28	576739.28	COMMIT	81810	3993111	53297	0	0	ABORT	16	270	1	1	0	0	25	485	624	718	0	0	0	1	0.00	
TPCC	DLOCK	32	623333.57	COMMIT	70491	3989616	50907	0	0	ABORT	13	825	2	0	0	0	26	528	672	766	0	0	0	1	0.00	
TPCC	DLOCK	36	656571.41	COMMIT	63382	3990145	47976	0	0	ABORT	9	1094	1	2	0	0	28	574	745	853	0	0	0	1	0.00	
TPCC	HLOCK	1	49583.30	COMMIT	194599	3988415	338521	0	0	ABORT	0	0	0	0	0	0	7	153	171	184	0	0	0	0	0.00	
TPCC	HLOCK	4	167394.15	COMMIT	171988	3978113	319546	0	0	ABORT	7	934	0	0	0	0	11	168	194	220	0	0	0	1	0.00	
TPCC	HLOCK	8	294901.17	COMMIT	153522	3980879	299544	0	0	ABORT	4	493	0	0	0	0	13	197	238	271	0	0	0	0	0.00	
TPCC	HLOCK	12	400683.10	COMMIT	141745	3989830	283456	0	0	ABORT	4	702	0	0	0	0	14	227	286	330	0	0	0	1	0.00	
TPCC	HLOCK	16	469452.37	COMMIT	121579	3990556	252741	0	0	ABORT	4	725	0	0	0	0	15	275	354	407	0	0	0	1	0.00	
TPCC	HLOCK	20	506684.22	COMMIT	98301	3992131	212873	0	0	ABORT	2	298	0	0	0	0	19	338	434	501	0	0	0	1	0.00	
TPCC	HLOCK	24	536921.76	COMMIT	84372	3992479	192708	0	0	ABORT	9	134	0	0	0	0	24	398	508	580	0	0	0	1	0.00	
TPCC	HLOCK	28	557080.40	COMMIT	72978	3992930	168323	0	0	ABORT	20	129	5	1	0	0	27	467	586	671	0	0	0	1	0.00	
TPCC	HLOCK	32	624374.66	COMMIT	70667	3991813	172876	0	0	ABORT	21	161	5	1	0	0	28	487	628	723	0	0	0	1	0.00	
TPCC	HLOCK	36	659145.63	COMMIT	65606	3987589	167146	0	0	ABORT	16	125	0	2	0	0	30	529	686	787	0	0	0	1	0.00	
TPCC	SILO	1	59472.70	COMMIT	234096	3989956	0	0	0	ABORT	0	0	0	0	0	0	6	142	159	173	0	0	0	0	0.00	
TPCC	SILO	4	199730.92	COMMIT	208224	3976491	0	0	0	ABORT	35	4272	0	2	0	0	9	156	181	259	0	0	0	1	0.00	
TPCC	SILO	8	338027.70	COMMIT	177027	3986379	0	0	0	ABORT	26	3635	0	2	0	0	11	189	228	298	0	0	0	1	0.00	
TPCC	SILO	12	451165.73	COMMIT	161989	3989118	0	0	0	ABORT	15	2539	0	1	0	0	12	223	276	349	0	0	0	1	0.00	
TPCC	SILO	16	523583.03	COMMIT	135428	3988591	0	0	0	ABORT	25	3923	0	1	0	0	13	268	338	411	0	0	0	1	0.00	
TPCC	SILO	20	538457.52	COMMIT	105753	3985830	0	0	0	ABORT	24	7335	0	1	0	0	16	346	436	542	0	0	0	1	0.00	
TPCC	SILO	24	576067.22	COMMIT	88716	3986688	0	0	0	ABORT	38	7567	0	2	0	0	19	407	513	624	0	0	0	1	0.00	
TPCC	SILO	28	579066.00	COMMIT	82387	3988022	0	0	0	ABORT	21	6071	0	1	0	0	23	490	612	765	0	0	0	1	0.00	
TPCC	SILO	32	666756.62	COMMIT	82663	3988146	0	0	0	ABORT	24	5384	0	2	0	0	23	507	642	783	0	0	0	1	0.00	
TPCC	SILO	36	686681.91	COMMIT	64747	3985496	0	0	0	ABORT	25	7020	0	1	0	0	25	562	697	867	0	0	0	1	0.00	
