Rd	Wt	Zip	T	CC	TP	P50	P90	P99	P999	Abt
0.90	0.10	0.90	1	SILO	301267.20	3	4	4	5	7	|	0	0	0	0	0	|	0
0.90	0.10	0.90	4	SILO	1312336.97	2	4	4	97	294	|	0	0	0	1	1	|	5724
0.90	0.10	0.90	8	SILO	2580735.30	3	4	4	221	1472	|	0	0	0	1	2	|	28175
0.90	0.10	0.90	12	SILO	3866290.11	3	4	9	255	6512	|	0	0	1	1	3	|	67127
0.90	0.10	0.90	16	SILO	5030148.28	3	4	80	269	7671	|	0	0	1	2	3	|	128634
0.90	0.10	0.90	20	SILO	5739470.89	3	5	129	275	5546	|	0	0	1	2	4	|	211593
0.90	0.10	0.90	24	SILO	6203948.62	3	6	158	280	8169	|	0	0	1	2	5	|	307199
0.90	0.10	0.90	28	SILO	6844370.75	3	47	178	279	6700	|	0	1	1	3	6	|	435528
0.90	0.10	0.90	32	SILO	7295704.86	4	77	192	282	8324	|	0	1	1	3	7	|	590036
0.90	0.10	0.90	36	SILO	7579265.79	4	103	201	286	9832	|	0	1	2	4	8	|	773556
0.90	0.10	0.90	40	SILO	7741437.62	4	121	207	291	10337	|	0	1	2	4	9	|	1020310
0.90	0.10	0.90	44	SILO	7858503.80	4	135	211	297	8857	|	0	1	2	5	10	|	1226061
0.90	0.10	0.90	48	SILO	8239980.68	4	145	214	309	10491	|	0	1	2	5	11	|	1486207
0.90	0.10	0.90	52	SILO	7892834.64	5	153	217	320	9500	|	0	1	2	6	12	|	1779106
0.90	0.10	0.90	56	SILO	8013935.81	5	160	223	341	11150	|	0	1	3	6	13	|	2113299
0.90	0.10	0.90	60	SILO	7813450.67	5	166	229	345	8690	|	0	1	3	7	14	|	2409938
0.90	0.10	0.90	64	SILO	7902787.89	5	174	241	382	12020	|	0	2	3	7	15	|	2794986
