Rd	Wt	Zip	T	CC	TP	P50	P90	P99	P999	Abt
0.50	0.50	0.99	1	WOUND_WAIT	0	103786.50	4	31	38	70	110	0	0	0	0	0	0.00	0.00	
0.50	0.50	0.99	4	WOUND_WAIT	0	270332.78	5	42	61	106	183	0	0	0	1	3	0.03	0.03	
0.50	0.50	0.99	8	WOUND_WAIT	0	314624.51	6	75	104	168	306	0	0	1	2	5	0.08	0.06	
0.50	0.50	0.99	12	WOUND_WAIT	0	333032.72	7	111	144	210	312	0	0	1	3	5	0.12	0.08	
0.50	0.50	0.99	16	WOUND_WAIT	0	334169.96	10	147	185	265	407	0	1	2	4	6	0.17	0.10	
0.50	0.50	0.99	20	WOUND_WAIT	0	237545.20	21	259	328	504	974	0	1	2	5	7	0.21	0.12	
0.50	0.50	0.99	24	WOUND_WAIT	0	200726.38	28	374	476	793	1675	0	1	2	5	8	0.24	0.13	
0.50	0.50	0.99	28	WOUND_WAIT	0	171046.05	41	504	647	1041	1805	0	1	3	6	8	0.27	0.14	
0.50	0.50	0.99	32	WOUND_WAIT	0	167786.53	54	593	765	1262	2237	0	1	3	7	9	0.30	0.15	
0.50	0.50	0.99	36	WOUND_WAIT	0	139506.67	85	778	980	1500	2674	0	2	4	7	9	0.32	0.15	
0.50	0.50	0.99	40	WOUND_WAIT	0	122881.72	117	979	1250	1897	3486	0	2	4	8	10	0.34	0.16	
0.50	0.50	0.99	44	WOUND_WAIT	0	104509.74	151	1259	1589	2341	4202	0	2	4	8	10	0.36	0.17	
0.50	0.50	0.99	48	WOUND_WAIT	0	116757.32	158	1241	1642	2585	4143	0	2	5	8	11	0.38	0.17	
0.50	0.50	0.99	52	WOUND_WAIT	0	91706.11	238	1708	2225	3406	5589	0	3	5	9	12	0.40	0.18	
0.50	0.50	0.99	56	WOUND_WAIT	0	84381.71	296	1992	2543	3637	5533	0	3	5	9	12	0.42	0.18	
0.50	0.50	0.99	60	WOUND_WAIT	0	85309.65	342	2104	2749	4108	6065	0	3	6	9	12	0.43	0.19	
0.50	0.50	0.99	64	WOUND_WAIT	0	71544.91	449	2518	3061	4231	6449	0	3	6	10	13	0.45	0.20	
0.50	0.50	0.99	1	DLOCK	0	99871.67	4	32	41	76	124	0	0	0	0	0	0.00	0.00	
0.50	0.50	0.99	4	DLOCK	0	294561.02	5	37	51	87	143	0	0	0	1	4	0.03	0.02	
0.50	0.50	0.99	8	DLOCK	0	492354.23	5	44	66	117	223	0	0	0	3	5	0.08	0.04	
0.50	0.50	0.99	12	DLOCK	0	557258.25	6	62	91	159	307	0	0	1	4	6	0.12	0.07	
0.50	0.50	0.99	16	DLOCK	0	570871.25	6	86	123	199	398	0	0	1	4	7	0.15	0.08	
0.50	0.50	0.99	20	DLOCK	0	485796.96	7	143	198	318	683	0	0	2	5	8	0.19	0.09	
0.50	0.50	0.99	24	DLOCK	0	414248.33	7	209	285	486	1013	0	1	2	6	8	0.23	0.10	
0.50	0.50	0.99	28	DLOCK	0	383927.56	7	263	362	633	1336	0	1	3	6	9	0.25	0.11	
0.50	0.50	0.99	32	DLOCK	0	378870.23	7	308	425	755	1518	0	1	3	7	9	0.27	0.12	
0.50	0.50	0.99	36	DLOCK	0	370878.86	8	362	497	933	1789	0	1	3	7	10	0.29	0.12	
0.50	0.50	0.99	40	DLOCK	0	328020.79	8	459	634	1226	2180	0	1	4	8	10	0.31	0.13	
0.50	0.50	0.99	44	DLOCK	0	340648.27	8	492	670	1307	2432	0	1	4	8	10	0.33	0.13	
0.50	0.50	0.99	48	DLOCK	0	303360.90	9	596	840	1585	2822	0	1	5	8	11	0.35	0.14	
0.50	0.50	0.99	52	DLOCK	0	270944.49	11	729	1031	1814	3213	0	2	5	9	12	0.36	0.14	
0.50	0.50	0.99	56	DLOCK	0	289541.54	10	742	1027	1990	3521	0	2	5	9	12	0.37	0.14	
0.50	0.50	0.99	60	DLOCK	0	256255.45	15	893	1251	2308	3864	0	2	6	9	12	0.39	0.15	
0.50	0.50	0.99	64	DLOCK	0	240104.33	28	1031	1436	2687	4567	0	2	6	10	13	0.40	0.15	
0.50	0.50	0.99	1	SILO	0	97480.43	4	28	38	61	86	0	0	0	0	0	0.00	0.00	
0.50	0.50	0.99	4	SILO	0	221241.97	4	30	59	118	558	0	0	1	3	6	0.12	0.08	
0.50	0.50	0.99	8	SILO	0	281622.14	4	31	70	185	2625	0	1	1	5	12	0.19	0.10	
0.50	0.50	0.99	12	SILO	0	367357.52	4	30	75	287	4068	0	1	2	6	16	0.24	0.12	
0.50	0.50	0.99	16	SILO	0	417594.61	4	31	79	456	5157	0	1	2	8	19	0.27	0.12	
0.50	0.50	0.99	20	SILO	0	409471.76	5	45	100	729	6384	0	1	2	8	22	0.29	0.13	
0.50	0.50	0.99	24	SILO	0	413446.46	5	54	111	1124	7285	0	1	2	9	24	0.31	0.14	
0.50	0.50	0.99	28	SILO	0	419099.46	5	59	126	1414	8187	0	1	3	10	26	0.33	0.14	
0.50	0.50	0.99	32	SILO	0	426301.36	5	63	135	1739	9183	0	1	3	11	29	0.34	0.15	
0.50	0.50	0.99	36	SILO	0	423912.54	5	69	149	2025	10026	0	1	3	12	31	0.36	0.15	
0.50	0.50	0.99	40	SILO	0	428211.04	6	77	160	2321	10975	0	1	3	12	33	0.37	0.15	
0.50	0.50	0.99	44	SILO	0	431455.86	6	79	169	2580	11993	0	1	3	13	35	0.38	0.16	
0.50	0.50	0.99	48	SILO	0	432592.33	6	89	185	2849	12684	0	1	3	13	37	0.39	0.16	
0.50	0.50	0.99	52	SILO	0	435519.33	6	94	195	3107	13877	0	1	3	14	40	0.40	0.16	
0.50	0.50	0.99	56	SILO	0	387235.50	6	95	200	3365	14691	0	1	3	15	41	0.41	0.16	
0.50	0.50	0.99	60	SILO	0	444245.17	6	104	219	3550	15524	0	1	3	15	44	0.42	0.17	
0.50	0.50	0.99	64	SILO	0	446374.42	6	107	226	3816	16255	0	1	4	16	46	0.43	0.17	
0.50	0.50	0.99	1	WOUND_WAIT	0	77144.51	6	42	49	86	130	0	0	0	0	0	0.00	0.00	
0.50	0.50	0.99	4	WOUND_WAIT	0	200986.21	7	55	82	135	228	0	0	0	1	3	0.03	0.03	
0.50	0.50	0.99	8	WOUND_WAIT	0	238112.86	8	103	140	214	318	0	0	1	2	4	0.08	0.06	
0.50	0.50	0.99	12	WOUND_WAIT	0	234616.34	11	155	201	294	457	0	0	1	3	6	0.13	0.08	
0.50	0.50	0.99	16	WOUND_WAIT	0	241500.81	12	204	259	374	591	0	1	2	4	7	0.18	0.10	
0.50	0.50	0.99	20	WOUND_WAIT	0	181341.68	25	340	431	648	1295	0	1	2	5	8	0.21	0.12	
0.50	0.50	0.99	24	WOUND_WAIT	0	154439.40	31	469	589	905	1804	0	1	3	6	8	0.25	0.13	
0.50	0.50	0.99	28	WOUND_WAIT	0	143460.75	46	593	746	1124	2097	0	1	3	6	9	0.28	0.14	
0.50	0.50	0.99	32	WOUND_WAIT	0	127115.64	69	766	977	1530	2534	0	1	3	7	9	0.30	0.15	
0.50	0.50	0.99	36	WOUND_WAIT	0	119830.11	97	906	1149	1765	3178	0	2	4	7	10	0.33	0.16	
0.50	0.50	0.99	40	WOUND_WAIT	0	95176.46	136	1235	1513	2156	3610	0	2	4	8	11	0.35	0.16	
0.50	0.50	0.99	44	WOUND_WAIT	0	98054.39	158	1364	1755	2671	4323	0	2	5	8	11	0.37	0.17	
0.50	0.50	0.99	48	WOUND_WAIT	0	91962.71	197	1525	1911	2815	6532	0	2	5	9	11	0.39	0.17	
0.50	0.50	0.99	52	WOUND_WAIT	0	85795.74	247	1825	2356	3590	5189	0	3	5	9	12	0.41	0.18	
0.50	0.50	0.99	56	WOUND_WAIT	0	80026.47	310	2074	2631	3918	5831	0	3	6	9	12	0.43	0.19	
0.50	0.50	0.99	60	WOUND_WAIT	0	69665.95	418	2505	3069	4213	6441	0	3	6	10	13	0.44	0.19	
0.50	0.50	0.99	64	WOUND_WAIT	0	64569.24	524	2753	3274	4478	7321	0	3	6	10	13	0.45	0.19	
0.50	0.50	0.99	1	DLOCK	0	70955.78	6	44	53	94	146	0	0	0	0	0	0.00	0.00	
0.50	0.50	0.99	4	DLOCK	0	240162.87	7	49	64	109	178	0	0	0	1	4	0.03	0.02	
0.50	0.50	0.99	8	DLOCK	0	362056.21	7	61	89	153	280	0	0	0	3	6	0.08	0.05	
0.50	0.50	0.99	12	DLOCK	0	412516.08	7	88	128	208	364	0	0	1	4	6	0.13	0.07	
0.50	0.50	0.99	16	DLOCK	0	429783.93	8	122	169	259	412	0	0	1	4	7	0.16	0.08	
0.50	0.50	0.99	20	DLOCK	0	359345.12	8	194	266	424	882	0	0	2	5	8	0.20	0.10	
0.50	0.50	0.99	24	DLOCK	0	331414.29	9	262	356	585	1161	0	1	2	6	9	0.23	0.10	
0.50	0.50	0.99	28	DLOCK	0	312367.89	9	325	442	745	1521	0	1	3	7	9	0.25	0.11	
0.50	0.50	0.99	32	DLOCK	0	307087.86	9	383	519	904	1778	0	1	3	7	9	0.28	0.12	
0.50	0.50	0.99	36	DLOCK	0	276106.47	10	486	660	1160	2188	0	1	4	8	10	0.30	0.12	
0.50	0.50	0.99	40	DLOCK	0	267020.98	11	562	768	1377	2499	0	1	4	8	10	0.32	0.13	
0.50	0.50	0.99	44	DLOCK	0	246630.89	11	674	927	1601	2766	0	1	4	8	11	0.34	0.13	
0.50	0.50	0.99	48	DLOCK	0	241873.03	12	757	1036	1846	3303	0	1	5	9	11	0.35	0.14	
0.50	0.50	0.99	52	DLOCK	0	224365.46	16	888	1220	2125	3539	0	2	5	9	12	0.37	0.14	
0.50	0.50	0.99	56	DLOCK	0	220679.15	18	969	1333	2324	3912	0	2	5	9	12	0.38	0.14	
0.50	0.50	0.99	60	DLOCK	0	223608.13	20	1041	1414	2481	4137	0	2	6	9	13	0.39	0.15	
0.50	0.50	0.99	64	DLOCK	0	208997.94	36	1191	1629	2885	4638	0	2	6	10	13	0.41	0.15	
0.50	0.50	0.99	1	SILO	0	77198.93	6	38	51	79	110	0	0	0	0	0	0.00	0.00	
0.50	0.50	0.99	4	SILO	0	163355.96	6	39	83	188	1233	0	0	1	3	8	0.14	0.08	
0.50	0.50	0.99	8	SILO	0	229308.91	6	41	111	350	3767	0	1	2	6	15	0.23	0.11	
0.50	0.50	0.99	12	SILO	0	250505.17	6	40	119	596	5713	0	1	2	8	20	0.26	0.11	
0.50	0.50	0.99	16	SILO	0	267215.68	6	38	123	1116	7372	0	1	2	9	24	0.29	0.12	
0.50	0.50	0.99	20	SILO	0	265228.66	6	59	155	1609	8836	0	1	2	10	27	0.32	0.13	
0.50	0.50	0.99	24	SILO	0	270195.33	7	68	172	2070	10275	0	1	3	11	31	0.34	0.13	
0.50	0.50	0.99	28	SILO	0	275815.59	7	77	191	2492	11499	0	1	3	12	33	0.36	0.14	
0.50	0.50	0.99	32	SILO	0	280474.57	7	79	199	2892	12879	0	1	3	13	37	0.38	0.14	
0.50	0.50	0.99	36	SILO	0	281566.37	7	88	222	3303	14279	0	1	3	14	40	0.39	0.15	
0.50	0.50	0.99	40	SILO	0	284984.93	7	92	233	3676	15459	0	1	3	15	42	0.41	0.15	
0.50	0.50	0.99	44	SILO	0	288335.00	7	105	254	4002	16820	0	1	3	16	46	0.42	0.15	
0.50	0.50	0.99	48	SILO	0	291984.76	7	110	270	4355	17849	0	1	4	17	48	0.43	0.15	
0.50	0.50	0.99	52	SILO	0	292635.30	8	120	286	4727	19497	0	1	4	17	52	0.44	0.16	
0.50	0.50	0.99	56	SILO	0	294834.23	8	119	292	5030	20846	0	1	4	18	56	0.45	0.16	
0.50	0.50	0.99	60	SILO	0	297775.32	8	126	307	5382	21808	0	1	4	19	58	0.46	0.16	
0.50	0.50	0.99	64	SILO	0	296397.96	8	134	331	5689	23399	0	1	4	19	61	0.47	0.17	
0.50	0.50	0.99	1	WOUND_WAIT	0	51149.65	10	62	78	114	156	0	0	0	0	0	0.00	0.00	
0.50	0.50	0.99	4	WOUND_WAIT	0	127731.78	11	89	127	202	312	0	0	0	1	2	0.03	0.02	
0.50	0.50	0.99	8	WOUND_WAIT	0	155533.54	12	157	213	325	504	0	0	1	2	5	0.08	0.06	
0.50	0.50	0.99	12	WOUND_WAIT	0	150320.48	17	238	309	457	723	0	0	1	3	6	0.13	0.08	
0.50	0.50	0.99	16	WOUND_WAIT	0	153741.72	17	320	405	590	1001	0	1	2	4	7	0.18	0.10	
0.50	0.50	0.99	20	WOUND_WAIT	0	120857.89	31	511	641	953	1802	0	1	2	5	8	0.22	0.12	
0.50	0.50	0.99	24	WOUND_WAIT	0	107339.22	49	683	848	1227	2249	0	1	3	6	9	0.25	0.13	
0.50	0.50	0.99	28	WOUND_WAIT	0	95765.58	69	872	1080	1560	2735	0	1	3	7	9	0.28	0.14	
0.50	0.50	0.99	32	WOUND_WAIT	0	96962.89	90	984	1216	1800	3226	0	2	3	7	10	0.31	0.15	
0.50	0.50	0.99	36	WOUND_WAIT	0	88661.96	119	1223	1533	2277	3563	0	2	4	8	10	0.33	0.16	
0.50	0.50	0.99	40	WOUND_WAIT	0	76571.58	163	1565	1938	2792	4754	0	2	4	8	11	0.36	0.16	
0.50	0.50	0.99	44	WOUND_WAIT	0	73379.59	204	1770	2193	3141	6807	0	2	5	9	12	0.38	0.17	
0.50	0.50	0.99	48	WOUND_WAIT	0	72323.63	253	1973	2452	3578	6233	0	2	5	9	12	0.40	0.18	
0.50	0.50	0.99	52	WOUND_WAIT	0	64778.22	319	2308	2826	4002	7141	0	3	6	10	13	0.42	0.18	
0.50	0.50	0.99	56	WOUND_WAIT	0	60954.11	399	2614	3174	4483	7069	0	3	6	10	13	0.44	0.19	
0.50	0.50	0.99	60	WOUND_WAIT	0	55918.66	529	2971	3544	4902	7356	0	3	6	10	13	0.44	0.19	
0.50	0.50	0.99	64	WOUND_WAIT	0	58046.98	578	3132	3786	5213	7739	0	3	6	10	14	0.46	0.19	
0.50	0.50	0.99	1	DLOCK	0	46931.40	10	65	81	125	174	0	0	0	0	0	0.00	0.00	
0.50	0.50	0.99	4	DLOCK	0	160497.46	10	74	96	155	244	0	0	0	1	5	0.03	0.02	
0.50	0.50	0.99	8	DLOCK	0	232274.44	11	100	143	234	358	0	0	0	3	6	0.09	0.05	
0.50	0.50	0.99	12	DLOCK	0	258354.74	11	141	200	312	475	0	0	1	4	7	0.14	0.07	
0.50	0.50	0.99	16	DLOCK	0	278607.45	11	191	265	404	659	0	0	1	5	8	0.17	0.09	
0.50	0.50	0.99	20	DLOCK	0	237784.08	12	293	398	619	1236	0	0	2	6	8	0.21	0.10	
0.50	0.50	0.99	24	DLOCK	0	231031.19	12	378	508	809	1483	0	1	2	6	9	0.24	0.11	
0.50	0.50	0.99	28	DLOCK	0	225236.43	13	463	621	996	1758	0	1	3	7	9	0.26	0.11	
0.50	0.50	0.99	32	DLOCK	0	219803.75	13	546	723	1174	2175	0	1	3	7	10	0.29	0.12	
0.50	0.50	0.99	36	DLOCK	0	205585.53	13	660	884	1440	2433	0	1	4	8	10	0.31	0.12	
0.50	0.50	0.99	40	DLOCK	0	197683.84	14	771	1029	1699	2731	0	1	4	8	11	0.33	0.13	
0.50	0.50	0.99	44	DLOCK	0	189077.52	15	888	1184	1946	3184	0	1	4	9	11	0.34	0.13	
0.50	0.50	0.99	48	DLOCK	0	185350.07	17	997	1337	2197	3595	0	1	5	9	12	0.36	0.14	
0.50	0.50	0.99	52	DLOCK	0	175220.20	24	1139	1524	2520	4038	0	2	5	9	12	0.38	0.14	
0.50	0.50	0.99	56	DLOCK	0	169984.20	33	1274	1698	2748	4381	0	2	6	10	13	0.39	0.15	
0.50	0.50	0.99	60	DLOCK	0	169012.94	36	1381	1840	2998	4634	0	2	6	10	13	0.40	0.15	
0.50	0.50	0.99	64	DLOCK	0	162226.43	42	1540	2041	3264	5044	0	2	6	10	14	0.41	0.15	
0.50	0.50	0.99	1	SILO	0	53208.95	9	61	76	101	131	0	0	0	0	0	0.00	0.00	
0.50	0.50	0.99	4	SILO	0	116166.42	9	62	144	357	2255	0	0	1	4	11	0.17	0.09	
0.50	0.50	0.99	8	SILO	0	136467.02	9	60	192	729	5730	0	1	2	7	19	0.25	0.10	
0.50	0.50	0.99	12	SILO	0	149468.57	9	49	198	1566	8797	0	1	2	10	26	0.29	0.11	
0.50	0.50	0.99	16	SILO	0	158192.96	9	48	213	2329	11178	0	1	2	11	31	0.33	0.11	
0.50	0.50	0.99	20	SILO	0	159626.33	10	73	264	3055	13388	0	1	3	13	36	0.36	0.12	
0.50	0.50	0.99	24	SILO	0	162333.49	10	85	307	3763	15260	0	1	3	14	40	0.39	0.13	
0.50	0.50	0.99	28	SILO	0	167363.77	10	84	322	4258	17849	0	1	3	15	46	0.41	0.13	
0.50	0.50	0.99	32	SILO	0	169343.36	10	90	343	4917	19612	0	1	3	17	50	0.43	0.13	
0.50	0.50	0.99	36	SILO	0	171791.71	10	101	368	5522	22359	0	1	4	18	55	0.44	0.14	
0.50	0.50	0.99	40	SILO	0	173883.75	11	110	393	5959	23862	0	1	4	19	59	0.46	0.14	
0.50	0.50	0.99	44	SILO	0	175779.38	11	120	422	6473	26524	0	1	4	20	65	0.47	0.15	
0.50	0.50	0.99	48	SILO	0	176537.23	11	131	451	7037	28466	0	1	4	21	69	0.49	0.15	
0.50	0.50	0.99	52	SILO	0	178861.13	11	131	456	7573	30937	0	1	4	23	74	0.50	0.15	
0.50	0.50	0.99	56	SILO	0	180054.40	11	138	481	8098	33169	0	1	4	24	79	0.51	0.15	
0.50	0.50	0.99	60	SILO	0	181110.74	11	150	513	8488	34484	0	1	5	25	82	0.52	0.16	
0.50	0.50	0.99	64	SILO	0	183631.88	11	161	541	9037	37093	0	1	5	26	89	0.53	0.16	
