Rd	Wt	Zip	T	CC	TP	P50	P90	P99	P999	Abt
0.50	0.50	0.99	1	WOUND_WAIT	0	174133.16	3	16	21	38	67	0	0	0	0	0	0.00	0.00	
0.50	0.50	0.99	4	WOUND_WAIT	0	429870.70	3	25	38	69	122	0	0	0	1	3	0.03	0.03	
0.50	0.50	0.99	8	WOUND_WAIT	0	512577.15	4	43	60	99	195	0	0	1	2	5	0.09	0.06	
0.50	0.50	0.99	12	WOUND_WAIT	0	553018.22	5	64	85	131	241	0	0	1	3	6	0.13	0.08	
0.50	0.50	0.99	16	WOUND_WAIT	0	506084.12	7	89	113	167	298	0	0	1	4	7	0.16	0.10	
0.50	0.50	0.99	20	WOUND_WAIT	0	348421.24	13	173	221	344	741	0	1	2	5	8	0.20	0.11	
0.50	0.50	0.99	24	WOUND_WAIT	0	210572.60	23	267	346	587	1267	0	1	2	6	9	0.24	0.12	
0.50	0.50	0.99	28	WOUND_WAIT	0	209259.80	33	404	534	863	1556	0	1	3	6	9	0.26	0.13	
0.50	0.50	0.99	32	WOUND_WAIT	0	221765.68	41	436	577	957	1764	0	1	3	7	10	0.30	0.14	
0.50	0.50	0.99	36	WOUND_WAIT	0	171723.25	73	629	818	1310	2486	0	2	4	8	11	0.32	0.15	
0.50	0.50	0.99	40	WOUND_WAIT	0	160216.65	98	763	1027	1724	3060	0	2	4	8	12	0.35	0.16	
0.50	0.50	0.99	44	WOUND_WAIT	0	131575.09	134	989	1279	1961	3782	0	2	4	9	12	0.37	0.16	
0.50	0.50	0.99	48	WOUND_WAIT	0	126211.45	164	1129	1478	2259	4593	0	2	5	9	13	0.38	0.17	
0.50	0.50	0.99	52	WOUND_WAIT	0	101565.05	233	1512	1929	2837	5411	0	2	5	10	14	0.41	0.17	
0.50	0.50	0.99	56	WOUND_WAIT	0	95363.16	285	1733	2169	3079	6416	0	3	6	10	15	0.43	0.18	
0.50	0.50	0.99	60	WOUND_WAIT	0	88662.91	357	1987	2485	3506	6857	0	3	6	11	16	0.44	0.19	
0.50	0.50	0.99	64	WOUND_WAIT	0	82453.81	453	2235	2797	3957	6613	0	3	6	11	17	0.45	0.19	
0.50	0.50	0.99	1	DLOCK	0	159315.40	3	17	23	45	76	0	0	0	0	0	0.00	0.00	
0.50	0.50	0.99	4	DLOCK	0	510688.81	3	21	28	50	88	0	0	0	1	5	0.03	0.01	
0.50	0.50	0.99	8	DLOCK	0	796122.66	4	26	37	69	143	0	0	0	3	6	0.09	0.04	
0.50	0.50	0.99	12	DLOCK	0	928426.40	4	34	51	94	215	0	0	1	4	7	0.13	0.06	
0.50	0.50	0.99	16	DLOCK	0	987199.00	4	47	70	119	257	0	0	1	5	8	0.16	0.08	
0.50	0.50	0.99	20	DLOCK	0	679236.63	5	97	137	234	594	0	0	2	7	9	0.22	0.09	
0.50	0.50	0.99	24	DLOCK	0	563799.37	5	143	199	369	780	0	1	2	7	10	0.26	0.10	
0.50	0.50	0.99	28	DLOCK	0	595690.24	5	169	231	425	904	0	1	3	8	11	0.28	0.11	
0.50	0.50	0.99	32	DLOCK	0	560398.25	5	209	288	550	1148	0	1	4	8	11	0.31	0.12	
0.50	0.50	0.99	36	DLOCK	0	431815.90	6	299	427	830	1639	0	1	4	9	13	0.34	0.13	
0.50	0.50	0.99	40	DLOCK	0	447710.72	6	330	459	888	1722	0	1	5	9	13	0.36	0.13	
0.50	0.50	0.99	44	DLOCK	0	389231.22	7	419	592	1109	2056	0	1	5	10	14	0.38	0.14	
0.50	0.50	0.99	48	DLOCK	0	387014.29	9	459	642	1285	2704	0	2	6	10	15	0.39	0.14	
0.50	0.50	0.99	52	DLOCK	0	344186.83	8	566	793	1446	2559	0	2	6	11	16	0.41	0.14	
0.50	0.50	0.99	56	DLOCK	0	345904.46	8	611	854	1673	2916	0	2	7	11	17	0.43	0.15	
0.50	0.50	0.99	60	DLOCK	0	326696.70	9	697	970	1860	3449	0	2	7	12	18	0.44	0.15	
0.50	0.50	0.99	64	DLOCK	0	295726.18	13	818	1146	2027	3605	0	2	7	12	19	0.45	0.15	
0.50	0.50	0.99	1	SILO	0	183430.96	2	16	22	28	52	0	0	0	0	0	0.00	0.00	
0.50	0.50	0.99	4	SILO	0	382378.96	3	19	29	46	110	0	0	1	2	4	0.10	0.09	
0.50	0.50	0.99	8	SILO	0	395593.16	3	19	31	54	372	0	1	1	3	8	0.15	0.11	
0.50	0.50	0.99	12	SILO	0	512596.23	3	19	33	73	804	0	1	1	4	11	0.19	0.12	
0.50	0.50	0.99	16	SILO	0	604396.32	3	18	35	99	1126	0	1	1	5	15	0.22	0.13	
0.50	0.50	0.99	20	SILO	0	683805.91	3	28	48	155	1568	0	1	2	6	18	0.26	0.15	
0.50	0.50	0.99	24	SILO	0	777649.56	4	32	56	219	1975	0	1	2	7	22	0.29	0.16	
0.50	0.50	0.99	28	SILO	0	390.12	14242	99999	99999	99999	99999	0	1	1	1	1	0.16	0.17	
0.50	0.50	0.99	32	SILO	0	981491.19	4	39	72	484	2937	0	1	3	10	31	0.36	0.18	
0.50	0.50	0.99	36	SILO	0	1011019.45	5	43	82	633	3453	0	1	3	12	36	0.38	0.19	
0.50	0.50	0.99	40	SILO	0	987590.47	5	47	91	800	4120	0	1	3	13	42	0.40	0.19	
0.50	0.50	0.99	44	SILO	0	989124.20	5	50	98	927	4541	0	1	3	14	45	0.42	0.20	
0.50	0.50	0.99	48	SILO	0	963846.48	5	53	109	1065	5095	0	1	3	15	50	0.43	0.20	
0.50	0.50	0.99	52	SILO	0	939994.51	6	60	127	1163	5620	0	1	3	16	54	0.45	0.20	
0.50	0.50	0.99	56	SILO	0	935098.39	5	59	128	1301	6302	0	1	4	17	60	0.46	0.20	
0.50	0.50	0.99	60	SILO	0	916881.21	6	61	134	1437	6999	0	1	4	18	66	0.47	0.20	
0.50	0.50	0.99	64	SILO	0	909524.52	6	62	139	1574	7643	0	1	4	19	71	0.49	0.20	
0.50	0.50	0.99	1	WOUND_WAIT	0	173524.79	3	16	21	39	66	0	0	0	0	0	0.00	0.00	
0.50	0.50	0.99	4	WOUND_WAIT	0	377124.86	3	26	39	70	133	0	0	0	1	3	0.03	0.03	
0.50	0.50	0.99	8	WOUND_WAIT	0	512086.69	4	41	57	96	197	0	0	1	2	4	0.08	0.06	
0.50	0.50	0.99	12	WOUND_WAIT	0	563411.52	4	62	83	133	288	0	0	1	3	5	0.12	0.08	
0.50	0.50	0.99	16	WOUND_WAIT	0	557494.60	5	82	105	155	408	0	0	1	4	6	0.16	0.10	
0.50	0.50	0.99	20	WOUND_WAIT	0	357856.48	12	170	219	344	751	0	1	2	4	6	0.19	0.11	
0.50	0.50	0.99	24	WOUND_WAIT	0	275539.38	22	264	341	572	1242	0	1	2	5	7	0.23	0.13	
0.50	0.50	0.99	28	WOUND_WAIT	0	238951.00	28	353	464	806	1667	0	1	3	6	8	0.26	0.14	
0.50	0.50	0.99	32	WOUND_WAIT	0	231635.61	35	420	557	963	1829	0	1	3	6	8	0.28	0.15	
0.50	0.50	0.99	36	WOUND_WAIT	0	165240.42	69	657	849	1332	2503	0	2	3	7	9	0.31	0.15	
0.50	0.50	0.99	40	WOUND_WAIT	0	150786.61	95	798	1039	1610	3016	0	2	4	7	9	0.33	0.16	
0.50	0.50	0.99	44	WOUND_WAIT	0	147464.21	114	900	1199	1927	3314	0	2	4	8	10	0.35	0.17	
0.50	0.50	0.99	48	WOUND_WAIT	0	136299.89	140	1066	1440	2286	4377	0	2	5	8	10	0.37	0.17	
0.50	0.50	0.99	52	WOUND_WAIT	0	105404.32	202	1474	1914	2888	4993	0	2	5	8	11	0.39	0.18	
0.50	0.50	0.99	56	WOUND_WAIT	0	100601.60	239	1656	2101	3025	5594	0	3	5	9	11	0.40	0.18	
0.50	0.50	0.99	60	WOUND_WAIT	0	87967.07	320	2007	2513	3532	7194	0	3	6	9	12	0.42	0.19	
0.50	0.50	0.99	64	WOUND_WAIT	0	83151.87	380	2227	2748	3818	6341	0	3	6	9	12	0.44	0.19	
0.50	0.50	0.99	1	DLOCK	0	169745.45	3	16	22	47	77	0	0	0	0	0	0.00	0.00	
0.50	0.50	0.99	4	DLOCK	0	552517.51	3	20	27	51	92	0	0	0	1	4	0.02	0.01	
0.50	0.50	0.99	8	DLOCK	0	753684.74	4	26	37	70	160	0	0	0	2	5	0.07	0.04	
0.50	0.50	0.99	12	DLOCK	0	926152.94	4	32	50	94	258	0	0	1	3	5	0.10	0.06	
0.50	0.50	0.99	16	DLOCK	0	952176.08	4	45	69	123	301	0	0	1	4	6	0.13	0.08	
0.50	0.50	0.99	20	DLOCK	0	746538.48	4	85	122	213	632	0	0	1	5	7	0.17	0.09	
0.50	0.50	0.99	24	DLOCK	0	647039.88	5	129	177	311	791	0	1	2	5	8	0.21	0.10	
0.50	0.50	0.99	28	DLOCK	0	578095.85	5	172	237	436	1049	0	1	3	6	8	0.24	0.11	
0.50	0.50	0.99	32	DLOCK	0	584718.08	5	199	274	550	1333	0	1	3	6	9	0.26	0.12	
0.50	0.50	0.99	36	DLOCK	0	437336.52	6	297	419	797	1695	0	1	3	7	9	0.29	0.12	
0.50	0.50	0.99	40	DLOCK	0	459275.37	6	320	450	931	1948	0	1	4	7	10	0.30	0.13	
0.50	0.50	0.99	44	DLOCK	0	416332.54	6	388	555	1147	2287	0	1	4	8	10	0.32	0.13	
0.50	0.50	0.99	48	DLOCK	0	387845.24	7	456	656	1288	2459	0	1	4	8	10	0.34	0.14	
0.50	0.50	0.99	52	DLOCK	0	350460.73	7	552	797	1567	2844	0	2	5	8	11	0.35	0.14	
0.50	0.50	0.99	56	DLOCK	0	324292.57	8	645	929	1766	3079	0	2	5	9	11	0.37	0.15	
0.50	0.50	0.99	60	DLOCK	0	301172.37	10	745	1082	2058	3581	0	2	5	9	12	0.38	0.15	
0.50	0.50	0.99	64	DLOCK	0	291202.15	12	829	1199	2171	3674	0	2	6	9	12	0.39	0.15	
0.50	0.50	0.99	1	SILO	0	176853.18	2	17	22	37	63	0	0	0	0	0	0.00	0.00	
0.50	0.50	0.99	4	SILO	0	339436.74	3	20	31	57	207	0	0	1	2	4	0.10	0.08	
0.50	0.50	0.99	8	SILO	0	360528.28	3	18	33	65	555	0	1	1	3	7	0.14	0.10	
0.50	0.50	0.99	12	SILO	0	472335.65	3	18	34	80	1298	0	1	1	4	9	0.17	0.12	
0.50	0.50	0.99	16	SILO	0	552779.88	3	18	35	97	1862	0	1	1	4	10	0.19	0.12	
0.50	0.50	0.99	20	SILO	0	632278.77	3	26	43	133	2853	0	1	2	5	13	0.22	0.14	
0.50	0.50	0.99	24	SILO	0	742929.27	4	33	58	177	3500	0	1	2	5	14	0.24	0.15	
0.50	0.50	0.99	28	SILO	0	836129.38	4	37	65	224	4192	0	1	2	6	16	0.27	0.16	
0.50	0.50	0.99	32	SILO	0	910192.09	4	39	71	286	5128	0	1	2	7	19	0.29	0.17	
0.50	0.50	0.99	36	SILO	0	893096.92	4	42	78	361	5996	0	1	2	7	21	0.30	0.17	
0.50	0.50	0.99	40	SILO	0	886900.17	4	44	82	417	6824	0	1	2	7	22	0.31	0.17	
0.50	0.50	0.99	44	SILO	0	881702.78	5	48	93	538	7411	0	1	2	8	24	0.32	0.18	
0.50	0.50	0.99	48	SILO	0	894894.04	5	47	92	646	8000	0	1	2	8	25	0.32	0.18	
0.50	0.50	0.99	52	SILO	0	880009.14	5	52	104	750	8832	0	1	2	8	27	0.33	0.18	
0.50	0.50	0.99	56	SILO	0	873459.39	5	55	112	922	9307	0	1	2	9	28	0.34	0.19	
0.50	0.50	0.99	60	SILO	0	869705.49	5	56	118	1120	10111	0	1	3	9	30	0.35	0.19	
0.50	0.50	0.99	64	SILO	0	867691.22	5	61	129	1236	10578	0	1	3	10	31	0.35	0.19	
0.50	0.50	0.99	1	WOUND_WAIT	0	169395.50	3	16	22	40	69	0	0	0	0	0	0.00	0.00	
0.50	0.50	0.99	4	WOUND_WAIT	0	434986.81	3	24	34	63	122	0	0	0	1	3	0.03	0.03	
0.50	0.50	0.99	8	WOUND_WAIT	0	516089.01	4	40	57	101	249	0	0	1	2	4	0.08	0.06	
0.50	0.50	0.99	12	WOUND_WAIT	0	484610.88	5	66	91	157	406	0	0	1	3	5	0.12	0.08	
0.50	0.50	0.99	16	WOUND_WAIT	0	560091.93	5	82	106	160	563	0	0	1	3	6	0.15	0.10	
0.50	0.50	0.99	20	WOUND_WAIT	0	360685.67	10	168	217	345	772	0	1	2	4	6	0.19	0.12	
0.50	0.50	0.99	24	WOUND_WAIT	0	285521.36	21	255	332	559	1204	0	1	2	5	7	0.22	0.13	
0.50	0.50	0.99	28	WOUND_WAIT	0	223160.23	30	382	518	888	1649	0	1	3	5	7	0.25	0.14	
0.50	0.50	0.99	32	WOUND_WAIT	0	229092.55	33	430	581	1025	2095	0	1	3	6	8	0.28	0.15	
0.50	0.50	0.99	36	WOUND_WAIT	0	175549.19	58	625	826	1315	2853	0	2	3	6	8	0.30	0.16	
0.50	0.50	0.99	40	WOUND_WAIT	0	148803.12	91	821	1071	1723	3583	0	2	4	7	9	0.33	0.16	
0.50	0.50	0.99	44	WOUND_WAIT	0	115149.18	132	1144	1478	2254	4088	0	2	4	7	9	0.34	0.17	
0.50	0.50	0.99	48	WOUND_WAIT	0	134671.76	131	1084	1452	2353	4620	0	2	4	7	9	0.37	0.17	
0.50	0.50	0.99	52	WOUND_WAIT	0	92494.13	207	1636	2038	3027	6051	0	2	5	8	10	0.38	0.18	
0.50	0.50	0.99	56	WOUND_WAIT	0	104763.66	207	1590	2038	3165	6480	0	3	5	8	10	0.40	0.18	
0.50	0.50	0.99	60	WOUND_WAIT	0	91934.01	270	1913	2424	3632	6734	0	3	5	8	11	0.41	0.19	
0.50	0.50	0.99	64	WOUND_WAIT	0	79633.88	356	2348	2928	4280	6805	0	3	6	9	11	0.43	0.19	
0.50	0.50	0.99	1	DLOCK	0	166606.48	3	16	22	47	76	0	0	0	0	0	0.00	0.00	
0.50	0.50	0.99	4	DLOCK	0	514992.47	3	20	28	50	92	0	0	0	1	3	0.02	0.01	
0.50	0.50	0.99	8	DLOCK	0	780292.68	3	25	37	70	170	0	0	0	2	4	0.06	0.04	
0.50	0.50	0.99	12	DLOCK	0	838066.90	4	33	51	98	276	0	0	1	3	5	0.09	0.06	
0.50	0.50	0.99	16	DLOCK	0	983878.94	4	42	66	122	361	0	0	1	3	5	0.12	0.07	
0.50	0.50	0.99	20	DLOCK	0	750268.28	4	82	120	212	665	0	0	1	4	6	0.15	0.09	
0.50	0.50	0.99	24	DLOCK	0	641524.74	5	130	179	315	793	0	1	2	5	7	0.19	0.10	
0.50	0.50	0.99	28	DLOCK	0	574441.24	5	174	242	450	1091	0	1	2	5	8	0.22	0.11	
0.50	0.50	0.99	32	DLOCK	0	569388.97	5	202	281	561	1354	0	1	3	6	8	0.24	0.12	
0.50	0.50	0.99	36	DLOCK	0	489686.05	6	267	374	756	1778	0	1	3	6	8	0.26	0.12	
0.50	0.50	0.99	40	DLOCK	0	429551.68	6	338	482	951	2224	0	1	3	7	9	0.28	0.13	
0.50	0.50	0.99	44	DLOCK	0	411585.01	6	393	564	1177	2643	0	1	4	7	9	0.30	0.13	
0.50	0.50	0.99	48	DLOCK	0	385415.88	7	454	653	1325	2898	0	1	4	7	9	0.31	0.14	
0.50	0.50	0.99	52	DLOCK	0	322757.98	8	593	856	1665	3485	0	1	4	8	10	0.33	0.14	
0.50	0.50	0.99	56	DLOCK	0	320541.59	8	640	921	1839	3846	0	2	4	8	10	0.34	0.14	
0.50	0.50	0.99	60	DLOCK	0	337355.35	8	662	961	1997	3910	0	2	5	8	10	0.35	0.15	
0.50	0.50	0.99	64	DLOCK	0	308065.35	13	768	1155	2351	4380	0	2	5	8	11	0.36	0.15	
0.50	0.50	0.99	1	SILO	0	130480.47	3	20	26	49	79	0	0	0	0	0	0.00	0.00	
0.50	0.50	0.99	4	SILO	0	362963.13	3	20	33	74	327	0	0	1	2	4	0.09	0.08	
0.50	0.50	0.99	8	SILO	0	374245.05	3	19	33	75	589	0	0	1	3	6	0.13	0.09	
0.50	0.50	0.99	12	SILO	0	470516.08	3	17	35	90	1260	0	1	1	3	7	0.15	0.11	
0.50	0.50	0.99	16	SILO	0	559828.91	3	16	36	104	2150	0	1	1	4	9	0.17	0.12	
0.50	0.50	0.99	20	SILO	0	617357.83	3	28	48	139	3306	0	1	1	4	10	0.20	0.13	
0.50	0.50	0.99	24	SILO	0	720001.80	4	32	55	170	4390	0	1	2	5	12	0.22	0.15	
0.50	0.50	0.99	28	SILO	0	817894.90	4	37	66	212	5710	0	1	2	5	13	0.24	0.16	
0.50	0.50	0.99	32	SILO	0	825177.62	4	41	74	260	6928	0	1	2	6	15	0.26	0.16	
0.50	0.50	0.99	36	SILO	0	811300.86	4	44	81	316	7961	0	1	2	6	16	0.26	0.17	
0.50	0.50	0.99	40	SILO	0	822615.38	4	43	82	341	8936	0	1	2	6	17	0.27	0.17	
0.50	0.50	0.99	44	SILO	0	815557.60	4	46	89	385	9939	0	1	2	6	18	0.28	0.17	
0.50	0.50	0.99	48	SILO	0	810856.95	5	50	100	443	10543	0	1	2	6	19	0.28	0.17	
0.50	0.50	0.99	52	SILO	0	808812.59	5	53	108	491	11461	0	1	2	7	20	0.29	0.18	
0.50	0.50	0.99	56	SILO	0	793060.05	5	58	120	557	12320	0	1	2	7	21	0.30	0.18	
0.50	0.50	0.99	60	SILO	0	804594.07	5	55	115	606	13105	0	1	2	7	22	0.30	0.18	
0.50	0.50	0.99	64	SILO	0	814981.14	5	59	123	687	13922	0	1	2	7	23	0.31	0.18	
0.50	0.50	0.99	1	WOUND_WAIT	0	167106.94	3	16	22	41	71	0	0	0	0	0	0.00	0.00	
0.50	0.50	0.99	4	WOUND_WAIT	0	427757.75	3	24	35	65	131	0	0	0	1	2	0.03	0.03	
0.50	0.50	0.99	8	WOUND_WAIT	0	530826.32	4	41	60	110	296	0	0	1	2	4	0.08	0.06	
0.50	0.50	0.99	12	WOUND_WAIT	0	572980.20	4	59	82	143	481	0	0	1	3	5	0.12	0.08	
0.50	0.50	0.99	16	WOUND_WAIT	0	518416.93	6	86	111	171	485	0	0	1	3	5	0.15	0.10	
0.50	0.50	0.99	20	WOUND_WAIT	0	360919.43	10	170	221	353	751	0	1	2	4	6	0.19	0.12	
0.50	0.50	0.99	24	WOUND_WAIT	0	282683.40	21	258	337	574	1277	0	1	2	4	6	0.22	0.13	
0.50	0.50	0.99	28	WOUND_WAIT	0	259995.61	25	330	437	777	1549	0	1	3	5	7	0.25	0.14	
0.50	0.50	0.99	32	WOUND_WAIT	0	217055.35	34	459	611	1027	2065	0	1	3	5	7	0.28	0.15	
0.50	0.50	0.99	36	WOUND_WAIT	0	197050.63	46	566	765	1317	2422	0	2	3	6	8	0.30	0.16	
0.50	0.50	0.99	40	WOUND_WAIT	0	158981.56	78	775	1036	1717	3420	0	2	4	6	8	0.32	0.16	
0.50	0.50	0.99	44	WOUND_WAIT	0	126721.05	116	1056	1389	2201	5763	0	2	4	7	9	0.35	0.17	
0.50	0.50	0.99	48	WOUND_WAIT	0	133152.17	122	1092	1469	2365	5203	0	2	4	7	9	0.36	0.17	
0.50	0.50	0.99	52	WOUND_WAIT	0	98505.88	185	1599	2082	3206	5848	0	2	5	8	10	0.38	0.18	
0.50	0.50	0.99	56	WOUND_WAIT	0	105018.57	194	1623	2142	3404	6316	0	3	5	8	10	0.39	0.18	
0.50	0.50	0.99	60	WOUND_WAIT	0	91420.36	256	1957	2523	3814	6976	0	3	5	8	10	0.41	0.19	
0.50	0.50	0.99	64	WOUND_WAIT	0	84348.66	305	2205	2765	4222	7441	0	3	6	8	10	0.42	0.19	
0.50	0.50	0.99	1	DLOCK	0	153401.41	3	17	23	47	80	0	0	0	0	0	0.00	0.00	
0.50	0.50	0.99	4	DLOCK	0	500975.79	3	21	28	51	95	0	0	0	1	3	0.02	0.01	
0.50	0.50	0.99	8	DLOCK	0	792311.18	3	25	37	73	187	0	0	0	2	4	0.06	0.04	
0.50	0.50	0.99	12	DLOCK	0	892128.93	4	33	50	100	321	0	0	1	2	4	0.09	0.06	
0.50	0.50	0.99	16	DLOCK	0	889767.85	4	47	72	141	401	0	0	1	3	5	0.11	0.07	
0.50	0.50	0.99	20	DLOCK	0	753286.48	4	81	119	213	684	0	0	1	4	6	0.14	0.08	
0.50	0.50	0.99	24	DLOCK	0	625962.10	5	131	183	327	809	0	1	2	4	7	0.18	0.10	
0.50	0.50	0.99	28	DLOCK	0	597240.68	5	166	231	444	1092	0	1	2	5	7	0.20	0.11	
0.50	0.50	0.99	32	DLOCK	0	575999.14	5	200	280	554	1364	0	1	2	5	7	0.22	0.12	
0.50	0.50	0.99	36	DLOCK	0	458652.80	6	277	398	860	1986	0	1	3	6	8	0.25	0.12	
0.50	0.50	0.99	40	DLOCK	0	408214.78	6	357	512	1002	2298	0	1	3	6	8	0.27	0.13	
0.50	0.50	0.99	44	DLOCK	0	398270.98	6	404	583	1174	2778	0	1	3	6	9	0.28	0.13	
0.50	0.50	0.99	48	DLOCK	0	386914.11	7	454	655	1342	3148	0	1	4	7	9	0.29	0.13	
0.50	0.50	0.99	52	DLOCK	0	341732.14	7	559	803	1584	3681	0	1	4	7	9	0.31	0.14	
0.50	0.50	0.99	56	DLOCK	0	329158.59	8	620	912	1941	4207	0	1	4	7	10	0.32	0.14	
0.50	0.50	0.99	60	DLOCK	0	319846.43	8	693	1008	2042	4592	0	2	4	7	10	0.33	0.14	
0.50	0.50	0.99	64	DLOCK	0	327984.96	10	718	1034	2030	4728	0	2	4	8	10	0.34	0.15	
0.50	0.50	0.99	1	SILO	0	173186.22	3	17	23	32	59	0	0	0	0	0	0.00	0.00	
0.50	0.50	0.99	4	SILO	0	295368.54	3	22	37	82	325	0	0	1	2	4	0.09	0.08	
0.50	0.50	0.99	8	SILO	0	339354.75	3	18	34	81	572	0	0	1	3	6	0.12	0.09	
0.50	0.50	0.99	12	SILO	0	443385.53	3	16	36	93	1034	0	1	1	3	7	0.14	0.10	
0.50	0.50	0.99	16	SILO	0	546566.98	3	20	40	116	1662	0	1	1	3	8	0.17	0.12	
0.50	0.50	0.99	20	SILO	0	605403.19	3	30	53	155	3197	0	1	1	4	9	0.19	0.13	
0.50	0.50	0.99	24	SILO	0	715811.72	4	32	57	172	4702	0	1	2	4	11	0.21	0.14	
0.50	0.50	0.99	28	SILO	0	768379.31	4	39	70	225	6371	0	1	2	5	12	0.23	0.15	
0.50	0.50	0.99	32	SILO	0	773052.25	4	42	76	259	7828	0	1	2	5	13	0.24	0.16	
0.50	0.50	0.99	36	SILO	0	760205.87	4	45	84	304	9102	0	1	2	5	14	0.25	0.16	
0.50	0.50	0.99	40	SILO	0	765154.55	4	46	87	344	10106	0	1	2	5	15	0.25	0.16	
0.50	0.50	0.99	44	SILO	0	771234.42	4	48	94	367	11222	0	1	2	6	16	0.26	0.17	
0.50	0.50	0.99	48	SILO	0	763905.17	5	54	107	420	12118	0	1	2	6	17	0.27	0.17	
0.50	0.50	0.99	52	SILO	0	767068.74	5	52	102	456	13481	0	1	2	6	18	0.27	0.17	
0.50	0.50	0.99	56	SILO	0	771868.34	5	53	108	486	14377	0	1	2	6	18	0.27	0.17	
0.50	0.50	0.99	60	SILO	0	764712.12	5	61	125	536	15182	0	1	2	6	19	0.28	0.18	
0.50	0.50	0.99	64	SILO	0	775249.96	5	58	120	555	16336	0	1	2	6	20	0.28	0.17	
0.50	0.50	0.99	1	WOUND_WAIT	0	118887.56	3	19	28	57	94	0	0	0	0	0	0.00	0.00	
0.50	0.50	0.99	4	WOUND_WAIT	0	426040.98	3	24	34	63	141	0	0	0	1	2	0.03	0.03	
0.50	0.50	0.99	8	WOUND_WAIT	0	515718.90	4	39	57	107	317	0	0	1	2	4	0.08	0.06	
0.50	0.50	0.99	12	WOUND_WAIT	0	556195.88	4	57	80	148	601	0	0	1	3	5	0.12	0.08	
0.50	0.50	0.99	16	WOUND_WAIT	0	553614.48	5	80	103	159	620	0	0	1	3	5	0.15	0.10	
0.50	0.50	0.99	20	WOUND_WAIT	0	371013.01	8	164	214	343	748	0	1	2	4	5	0.19	0.12	
0.50	0.50	0.99	24	WOUND_WAIT	0	283106.04	21	263	344	583	1222	0	1	2	4	6	0.22	0.13	
0.50	0.50	0.99	28	WOUND_WAIT	0	225423.80	29	379	516	913	1750	0	1	3	5	7	0.25	0.14	
0.50	0.50	0.99	32	WOUND_WAIT	0	235526.99	29	423	572	1010	2140	0	1	3	5	7	0.27	0.15	
0.50	0.50	0.99	36	WOUND_WAIT	0	187883.35	46	594	797	1332	2698	0	2	3	6	7	0.30	0.16	
0.50	0.50	0.99	40	WOUND_WAIT	0	139814.12	83	886	1209	1957	3621	0	2	4	6	8	0.32	0.16	
0.50	0.50	0.99	44	WOUND_WAIT	0	130490.40	109	1020	1339	2083	4932	0	2	4	7	8	0.34	0.17	
0.50	0.50	0.99	48	WOUND_WAIT	0	137937.59	114	1077	1447	2344	5067	0	2	4	7	9	0.36	0.17	
0.50	0.50	0.99	52	WOUND_WAIT	0	107721.01	159	1464	1894	3037	6132	0	2	5	7	9	0.38	0.18	
0.50	0.50	0.99	56	WOUND_WAIT	0	101983.15	184	1640	2112	3247	6768	0	3	5	8	10	0.39	0.19	
0.50	0.50	0.99	60	WOUND_WAIT	0	85234.33	259	2062	2590	3951	7608	0	3	5	8	10	0.40	0.19	
0.50	0.50	0.99	64	WOUND_WAIT	0	91581.77	259	2121	2721	4108	8217	0	3	6	8	10	0.42	0.19	
0.50	0.50	0.99	1	DLOCK	0	156334.00	3	17	23	44	78	0	0	0	0	0	0.00	0.00	
0.50	0.50	0.99	4	DLOCK	0	452303.60	3	22	31	59	108	0	0	0	1	2	0.02	0.01	
0.50	0.50	0.99	8	DLOCK	0	672280.89	4	28	42	83	210	0	0	0	2	4	0.05	0.04	
0.50	0.50	0.99	12	DLOCK	0	772928.31	4	37	58	120	367	0	0	1	2	4	0.09	0.06	
0.50	0.50	0.99	16	DLOCK	0	967916.94	4	42	66	129	412	0	0	1	3	4	0.10	0.07	
0.50	0.50	0.99	20	DLOCK	0	734344.55	4	85	124	223	681	0	0	1	3	6	0.14	0.09	
0.50	0.50	0.99	24	DLOCK	0	585431.08	5	137	194	362	850	0	1	2	4	6	0.17	0.10	
0.50	0.50	0.99	28	DLOCK	0	561876.59	5	173	244	485	1177	0	1	2	4	7	0.20	0.11	
0.50	0.50	0.99	32	DLOCK	0	591499.00	5	195	270	510	1275	0	1	2	5	7	0.21	0.11	
0.50	0.50	0.99	36	DLOCK	0	504482.53	6	260	368	778	1916	0	1	2	5	7	0.23	0.12	
0.50	0.50	0.99	40	DLOCK	0	430463.55	6	333	484	1033	2332	0	1	3	6	8	0.25	0.13	
0.50	0.50	0.99	44	DLOCK	0	439558.12	6	369	524	1098	2591	0	1	3	6	8	0.27	0.13	
0.50	0.50	0.99	48	DLOCK	0	407176.51	6	430	625	1295	3212	0	1	3	6	8	0.28	0.13	
0.50	0.50	0.99	52	DLOCK	0	329559.01	19	573	831	1821	4119	0	1	4	7	9	0.30	0.14	
0.50	0.50	0.99	56	DLOCK	0	398111.27	8	518	733	1612	4185	0	1	4	7	9	0.30	0.14	
0.50	0.50	0.99	60	DLOCK	0	339386.66	8	641	958	2004	4825	0	1	4	7	9	0.32	0.14	
0.50	0.50	0.99	64	DLOCK	0	355771.50	8	649	978	2079	4902	0	2	4	7	9	0.33	0.15	
0.50	0.50	0.99	1	SILO	0	174207.54	2	17	23	32	59	0	0	0	0	0	0.00	0.00	
0.50	0.50	0.99	4	SILO	0	286204.92	3	22	38	88	352	0	0	1	2	4	0.09	0.08	
0.50	0.50	0.99	8	SILO	0	355781.20	3	18	35	89	641	0	0	1	2	5	0.11	0.09	
0.50	0.50	0.99	12	SILO	0	435998.00	3	21	41	109	1064	0	1	1	3	6	0.14	0.11	
0.50	0.50	0.99	16	SILO	0	539033.39	3	18	39	111	1408	0	1	1	3	7	0.16	0.11	
0.50	0.50	0.99	20	SILO	0	604498.76	3	28	50	154	2863	0	1	1	4	9	0.18	0.13	
0.50	0.50	0.99	24	SILO	0	704242.19	4	34	61	187	4753	0	1	1	4	10	0.20	0.14	
0.50	0.50	0.99	28	SILO	0	729741.17	4	41	74	229	6743	0	1	2	4	11	0.22	0.15	
0.50	0.50	0.99	32	SILO	0	739367.05	4	42	75	266	8007	0	1	2	5	12	0.23	0.15	
0.50	0.50	0.99	36	SILO	0	732875.33	4	47	88	299	9820	0	1	2	5	13	0.24	0.16	
0.50	0.50	0.99	40	SILO	0	736255.25	4	47	91	329	11093	0	1	2	5	14	0.24	0.16	
0.50	0.50	0.99	44	SILO	0	732119.76	4	50	96	374	12363	0	1	2	5	14	0.25	0.16	
0.50	0.50	0.99	48	SILO	0	738674.05	5	51	98	400	13639	0	1	2	5	15	0.25	0.16	
0.50	0.50	0.99	52	SILO	0	732178.32	5	53	106	421	15207	0	1	2	5	16	0.25	0.17	
0.50	0.50	0.99	56	SILO	0	744399.32	5	53	108	452	16182	0	1	2	6	16	0.26	0.17	
0.50	0.50	0.99	60	SILO	0	746621.03	5	55	112	495	17220	0	1	2	6	17	0.26	0.17	
0.50	0.50	0.99	64	SILO	0	753918.27	5	58	118	541	18220	0	1	2	6	18	0.27	0.17	
0.50	0.50	0.99	1	WOUND_WAIT	0	159512.73	3	18	23	40	71	0	0	0	0	0	0.00	0.00	
0.50	0.50	0.99	4	WOUND_WAIT	0	423880.17	3	24	36	67	144	0	0	0	1	2	0.03	0.02	
0.50	0.50	0.99	8	WOUND_WAIT	0	503124.53	4	39	58	110	327	0	0	1	2	4	0.08	0.06	
0.50	0.50	0.99	12	WOUND_WAIT	0	563285.39	4	57	81	149	678	0	0	1	3	5	0.11	0.08	
0.50	0.50	0.99	16	WOUND_WAIT	0	564248.68	5	79	104	163	731	0	0	1	3	5	0.14	0.10	
0.50	0.50	0.99	20	WOUND_WAIT	0	320396.38	13	194	266	456	931	0	1	2	4	5	0.19	0.12	
0.50	0.50	0.99	24	WOUND_WAIT	0	274600.57	23	270	358	649	1315	0	1	2	4	6	0.22	0.13	
0.50	0.50	0.99	28	WOUND_WAIT	0	251662.23	24	345	458	802	1715	0	1	3	5	6	0.25	0.14	
0.50	0.50	0.99	32	WOUND_WAIT	0	235541.13	30	426	586	1120	2235	0	1	3	5	7	0.27	0.15	
0.50	0.50	0.99	36	WOUND_WAIT	0	190949.59	43	586	794	1374	2896	0	2	3	6	7	0.30	0.16	
0.50	0.50	0.99	40	WOUND_WAIT	0	166464.78	62	745	1002	1662	3248	0	2	4	6	8	0.32	0.16	
0.50	0.50	0.99	44	WOUND_WAIT	0	130354.47	105	1032	1342	2123	5631	0	2	4	6	8	0.34	0.17	
0.50	0.50	0.99	48	WOUND_WAIT	0	136958.49	107	1079	1450	2397	5624	0	2	4	7	9	0.36	0.18	
0.50	0.50	0.99	52	WOUND_WAIT	0	111809.18	147	1472	1984	3224	6324	0	2	5	7	9	0.37	0.18	
0.50	0.50	0.99	56	WOUND_WAIT	0	103892.97	175	1638	2135	3360	7677	0	3	5	7	9	0.39	0.18	
0.50	0.50	0.99	60	WOUND_WAIT	0	112469.44	179	1665	2260	3576	7522	0	3	5	7	9	0.40	0.19	
0.50	0.50	0.99	64	WOUND_WAIT	0	113843.88	191	1764	2410	3922	8259	0	3	5	8	10	0.41	0.19	
0.50	0.50	0.99	1	DLOCK	0	158350.85	3	18	24	48	85	0	0	0	0	0	0.00	0.00	
0.50	0.50	0.99	4	DLOCK	0	538537.73	3	20	27	53	99	0	0	0	1	2	0.02	0.01	
0.50	0.50	0.99	8	DLOCK	0	743125.81	3	25	37	74	208	0	0	0	2	3	0.05	0.04	
0.50	0.50	0.99	12	DLOCK	0	854868.55	4	31	49	100	354	0	0	1	2	4	0.08	0.06	
0.50	0.50	0.99	16	DLOCK	0	991583.30	4	41	67	134	447	0	0	1	2	4	0.10	0.07	
0.50	0.50	0.99	20	DLOCK	0	705349.30	5	89	130	232	658	0	0	1	3	5	0.14	0.09	
0.50	0.50	0.99	24	DLOCK	0	615446.14	5	136	191	341	781	0	0	2	4	6	0.17	0.10	
0.50	0.50	0.99	28	DLOCK	0	592774.77	5	166	232	410	984	0	1	2	4	6	0.19	0.11	
0.50	0.50	0.99	32	DLOCK	0	574943.57	5	197	273	489	1331	0	1	2	4	7	0.21	0.11	
0.50	0.50	0.99	36	DLOCK	0	456444.44	6	287	406	799	1793	0	1	2	5	7	0.23	0.12	
0.50	0.50	0.99	40	DLOCK	0	456640.81	6	318	454	941	2217	0	1	3	5	8	0.24	0.12	
0.50	0.50	0.99	44	DLOCK	0	
0.50	0.50	0.99	48	DLOCK	0	393345.92	6	444	642	1333	3172	0	1	3	6	8	0.27	0.13	
0.50	0.50	0.99	52	DLOCK	0	396162.65	7	474	704	1563	3656	0	1	3	6	8	0.28	0.14	
0.50	0.50	0.99	56	DLOCK	0	360405.99	7	572	831	1752	4420	0	1	4	6	9	0.30	0.14	
0.50	0.50	0.99	60	DLOCK	0	416166.38	7	530	766	1754	4452	0	1	4	6	9	0.30	0.14	
0.50	0.50	0.99	64	DLOCK	0	420514.64	10	562	797	1813	5047	0	1	4	7	9	0.31	0.15	
0.50	0.50	0.99	1	SILO	0	168635.39	3	18	24	31	52	0	0	0	0	0	0.00	0.00	
0.50	0.50	0.99	4	SILO	0	326095.34	3	20	37	95	451	0	0	1	2	4	0.09	0.08	
0.50	0.50	0.99	8	SILO	0	360400.06	3	20	39	108	746	0	0	1	2	5	0.12	0.09	
0.50	0.50	0.99	12	SILO	0	462167.78	3	19	40	117	1099	0	1	1	3	6	0.14	0.10	
0.50	0.50	0.99	16	SILO	0	528108.77	3	19	41	123	1405	0	1	1	3	7	0.15	0.11	
0.50	0.50	0.99	20	SILO	0	606897.43	3	29	53	166	2638	0	1	1	4	8	0.18	0.13	
0.50	0.50	0.99	24	SILO	0	693463.92	4	35	63	198	4387	0	1	1	4	9	0.20	0.14	
0.50	0.50	0.99	28	SILO	0	708871.24	4	41	73	237	6466	0	1	2	4	10	0.21	0.15	
0.50	0.50	0.99	32	SILO	0	718141.50	4	42	76	256	8209	0	1	2	4	11	0.22	0.15	
0.50	0.50	0.99	36	SILO	0	703405.59	4	47	86	294	10107	0	1	2	5	12	0.23	0.15	
0.50	0.50	0.99	40	SILO	0	701105.37	4	51	99	338	11701	0	1	2	5	12	0.23	0.16	
0.50	0.50	0.99	44	SILO	0	721847.75	4	48	90	356	13347	0	1	2	5	13	0.24	0.16	
0.50	0.50	0.99	48	SILO	0	708632.53	4	53	105	392	14489	0	1	2	5	14	0.24	0.16	
0.50	0.50	0.99	52	SILO	0	718175.03	4	53	106	413	15860	0	1	2	5	15	0.24	0.16	
0.50	0.50	0.99	56	SILO	0	710878.13	5	56	113	447	17605	0	1	2	5	15	0.25	0.16	
0.50	0.50	0.99	60	SILO	0	718588.56	5	57	117	477	18270	0	1	2	5	16	0.26	0.17	
0.50	0.50	0.99	64	SILO	0	728747.98	5	53	107	472	19990	0	1	2	5	16	0.25	0.16	
