1 storage working thread
Rd	Wt	Zip	T	CC	TP	P50	P90	P99	P999	Abt
0.50	0.50	0.99	1	NO_WAIT	0	106215.31	5	20	39	45	57	0	0	0	0	0	0.00	0.00	
0.50	0.50	0.99	4	NO_WAIT	0	172421.93	5	39	53	160	1559	0	1	3	6	10	0.27	0.12	
0.50	0.50	0.99	8	NO_WAIT	0	184896.32	6	56	98	726	3717	0	3	5	9	16	0.43	0.19	
0.50	0.50	0.99	12	NO_WAIT	0	242510.56	5	44	84	1031	4624	0	3	5	9	18	0.44	0.21	
0.50	0.50	0.99	16	NO_WAIT	0	60044.97	35	406	1227	5788	15238	0	7	10	20	42	0.64	0.27	
0.50	0.50	0.99	20	NO_WAIT	0	345337.48	4	43	96	1585	6238	0	4	5	11	22	0.48	0.23	
0.50	0.50	0.99	24	NO_WAIT	0	249698.42	6	64	162	2625	8759	0	4	6	13	28	0.53	0.25	
0.50	0.50	0.99	28	NO_WAIT	0	233759.65	6	72	212	3249	10686	0	4	7	15	33	0.56	0.26	
0.50	0.50	0.99	32	NO_WAIT	0	172666.90	6	149	597	5130	16963	0	6	8	20	48	0.61	0.26	
0.50	0.50	0.99	1	WAIT_DIE	0	147443.04	4	23	29	33	40	0	0	0	0	0	0.00	0.00	
0.50	0.50	0.99	4	WAIT_DIE	0	214816.29	6	43	66	145	610	0	2	4	5	7	0.29	0.14	
0.50	0.50	0.99	8	WAIT_DIE	0	248806.81	6	95	156	321	880	0	5	6	7	9	0.52	0.27	
0.50	0.50	0.99	12	WAIT_DIE	0	113600.94	10	334	624	1474	3118	0	7	8	10	12	0.63	0.30	
0.50	0.50	0.99	16	WAIT_DIE	0	258240.91	6	168	308	698	1301	0	6	7	9	10	0.61	0.33	
0.50	0.50	0.99	20	WAIT_DIE	0	262725.27	7	224	418	991	1667	0	7	8	9	10	0.64	0.35	
0.50	0.50	0.99	24	WAIT_DIE	0	195027.95	7	395	804	1738	3627	0	7	9	10	14	0.67	0.36	
0.50	0.50	0.99	28	WAIT_DIE	0	156776.74	7	326	749	2143	23047	0	7	9	11	48	0.68	0.37	
0.50	0.50	0.99	32	WAIT_DIE	0	41042.70	8	592	1858	17454	37754	0	8	10	40	86	0.75	0.37	
0.50	0.50	0.99	1	WOUND_WAIT	0	121785.46	5	23	35	41	61	0	0	0	0	0	0.00	0.00	
0.50	0.50	0.99	4	WOUND_WAIT	0	245615.11	6	46	64	104	178	0	0	0	1	3	0.03	0.03	
0.50	0.50	0.99	8	WOUND_WAIT	0	232254.77	7	88	124	215	461	0	0	1	2	5	0.08	0.06	
0.50	0.50	0.99	12	WOUND_WAIT	0	305317.85	7	105	137	206	572	0	0	1	3	5	0.13	0.08	
0.50	0.50	0.99	16	WOUND_WAIT	0	306846.15	7	143	183	272	459	0	1	2	4	6	0.17	0.10	
0.50	0.50	0.99	20	WOUND_WAIT	0	222034.66	13	264	342	608	1723	0	1	2	5	7	0.21	0.12	
0.50	0.50	0.99	24	WOUND_WAIT	0	105341.26	38	519	676	2138	17411	0	1	2	6	8	0.25	0.13	
0.50	0.50	0.99	28	WOUND_WAIT	0	63807.54	65	777	1124	12222	27211	0	1	3	7	9	0.29	0.14	
0.50	0.50	0.99	32	WOUND_WAIT	0	16114.11	35	7157	14376	27312	53904	0	2	4	7	13	0.32	0.15	
0.50	0.50	0.99	1	DLOCK	0	93139.35	5	30	38	45	596	0	0	0	0	0	0.00	0.00	
0.50	0.50	0.99	4	DLOCK	0	305913.73	6	39	48	77	125	0	0	0	1	4	0.03	0.02	
0.50	0.50	0.99	8	DLOCK	0	377861.91	7	51	73	136	527	0	0	0	3	6	0.08	0.05	
0.50	0.50	0.99	12	DLOCK	0	482647.88	6	58	87	169	590	0	0	1	4	6	0.12	0.07	
0.50	0.50	0.99	16	DLOCK	0	466027.33	6	85	126	210	645	0	0	1	4	7	0.15	0.08	
0.50	0.50	0.99	20	DLOCK	0	527265.23	6	121	162	243	557	0	0	2	5	7	0.19	0.10	
0.50	0.50	0.99	24	DLOCK	0	422626.20	8	194	254	379	919	0	1	2	6	8	0.22	0.11	
0.50	0.50	0.99	28	DLOCK	0	418247.68	9	238	302	426	899	0	1	3	6	8	0.25	0.11	
0.50	0.50	0.99	32	DLOCK	0	414665.31	9	271	341	479	1141	0	1	3	7	9	0.27	0.12	
0.50	0.50	0.99	1	HLOCK	0	107960.74	5	25	42	61	101	0	0	0	0	0	0.00	0.00	
0.50	0.50	0.99	4	HLOCK	0	229939.82	8	50	66	100	569	0	0	0	1	3	0.05	0.04	
0.50	0.50	0.99	8	HLOCK	0	328763.19	8	43	71	140	615	0	0	1	2	6	0.13	0.10	
0.50	0.50	0.99	12	HLOCK	0	367043.02	12	88	137	221	465	0	1	2	3	6	0.21	0.16	
0.50	0.50	0.99	16	HLOCK	0	384265.94	14	129	197	329	1589	0	2	3	5	6	0.30	0.22	
0.50	0.50	0.99	20	HLOCK	0	324388.26	16	165	268	458	728	0	2	4	6	8	0.38	0.25	
0.50	0.50	0.99	24	HLOCK	0	263453.45	23	290	469	743	1243	0	3	5	7	9	0.44	0.27	
0.50	0.50	0.99	28	HLOCK	0	275860.06	21	335	542	868	1418	0	4	6	8	9	0.48	0.29	
0.50	0.50	0.99	32	HLOCK	0	228897.88	27	454	747	1215	1919	0	4	6	8	10	0.51	0.30	
0.50	0.50	0.99	1	SILO	0	104307.02	5	33	41	46	76	0	0	0	0	0	0.00	0.00	
0.50	0.50	0.99	4	SILO	0	184032.45	6	33	68	161	795	0	0	1	3	7	0.11	0.07	
0.50	0.50	0.99	8	SILO	0	232970.73	7	38	94	349	4026	0	0	1	6	16	0.20	0.09	
0.50	0.50	0.99	12	SILO	0	264156.18	6	23	81	405	5172	0	0	2	7	18	0.23	0.10	
0.50	0.50	0.99	16	SILO	0	247305.68	6	40	110	786	7418	0	1	2	8	23	0.27	0.11	
0.50	0.50	0.99	20	SILO	0	283922.74	6	28	97	1057	8652	0	1	2	9	27	0.29	0.11	
0.50	0.50	0.99	24	SILO	0	307539.48	7	29	124	1882	11338	0	1	2	11	32	0.32	0.11	
0.50	0.50	0.99	28	SILO	0	181514.79	11	57	236	3965	17830	0	1	3	15	46	0.38	0.10	
0.50	0.50	0.99	32	SILO	0	278655.55	7	38	140	2696	14085	0	1	3	13	38	0.35	0.11	
4 storage working thread
0.50	0.50	0.99	1	NO_WAIT	0	117675.45	4	28	33	37	555	0	0	0	0	0	0.00	0.00	
0.50	0.50	0.99	4	NO_WAIT	0	165074.77	6	42	65	189	1701	0	1	4	6	10	0.29	0.12	
0.50	0.50	0.99	8	NO_WAIT	0	172371.89	6	69	127	905	3936	0	4	5	9	17	0.44	0.18	
0.50	0.50	0.99	12	NO_WAIT	0	272923.38	5	41	79	948	4578	0	3	5	9	18	0.44	0.21	
0.50	0.50	0.99	16	NO_WAIT	0	234050.10	5	48	105	1551	6328	0	4	5	11	22	0.48	0.22	
0.50	0.50	0.99	20	NO_WAIT	0	262142.90	5	52	123	1955	7243	0	4	6	12	25	0.50	0.23	
0.50	0.50	0.99	24	NO_WAIT	0	55045.62	28	808	2450	9719	26314	0	9	13	30	71	0.72	0.27	
0.50	0.50	0.99	28	NO_WAIT	0	284861.28	5	59	157	2742	9822	0	4	6	14	31	0.54	0.25	
0.50	0.50	0.99	32	NO_WAIT	0	214489.79	6	75	263	3895	13824	0	5	7	16	39	0.57	0.26	
0.50	0.50	0.99	1	WAIT_DIE	0	131966.30	4	26	32	36	45	0	0	0	0	0	0.00	0.00	
0.50	0.50	0.99	4	WAIT_DIE	0	224085.92	5	40	59	139	669	0	1	3	5	7	0.28	0.13	
0.50	0.50	0.99	8	WAIT_DIE	0	282871.53	6	74	127	272	887	0	4	5	7	8	0.48	0.25	
0.50	0.50	0.99	12	WAIT_DIE	0	283120.36	6	109	188	415	966	0	5	6	8	9	0.57	0.31	
0.50	0.50	0.99	16	WAIT_DIE	0	446259.32	4	113	205	481	1056	0	6	7	8	9	0.59	0.33	
0.50	0.50	0.99	20	WAIT_DIE	0	272038.67	6	196	378	953	1844	0	6	8	9	11	0.63	0.35	
0.50	0.50	0.99	24	WAIT_DIE	0	174807.38	6	359	744	1831	14115	0	7	9	11	36	0.67	0.34	
0.50	0.50	0.99	28	WAIT_DIE	0	132947.50	7	625	1267	2698	15431	0	8	10	12	40	0.70	0.36	
0.50	0.50	0.99	32	WAIT_DIE	0	93678.20	8	884	1722	6700	26338	0	9	10	16	66	0.73	0.37	
0.50	0.50	0.99	1	WOUND_WAIT	0	113731.09	5	19	37	43	52	0	0	0	0	0	0.00	0.00	
0.50	0.50	0.99	4	WOUND_WAIT	0	237643.55	7	45	61	105	211	0	0	0	1	3	0.04	0.03	
0.50	0.50	0.99	8	WOUND_WAIT	0	340682.64	5	70	105	203	654	0	0	1	2	5	0.09	0.06	
0.50	0.50	0.99	12	WOUND_WAIT	0	375372.59	5	94	122	182	325	0	0	1	3	6	0.13	0.08	
0.50	0.50	0.99	16	WOUND_WAIT	0	277787.89	7	165	209	312	768	0	1	2	4	7	0.18	0.10	
0.50	0.50	0.99	20	WOUND_WAIT	0	283992.76	7	194	243	360	4272	0	1	2	5	7	0.21	0.12	
0.50	0.50	0.99	24	WOUND_WAIT	0	123059.18	35	539	735	1424	15970	0	1	2	6	8	0.24	0.13	
0.50	0.50	0.99	28	WOUND_WAIT	0	227916.73	14	285	353	735	13362	0	1	3	6	8	0.27	0.14	
0.50	0.50	0.99	32	WOUND_WAIT	0	14426.24	108	7571	16038	30110	51941	0	1	3	7	13	0.31	0.15	
0.50	0.50	0.99	1	DLOCK	0	134117.13	4	24	31	35	57	0	0	0	0	0	0.00	0.00	
0.50	0.50	0.99	4	DLOCK	0	281828.93	6	35	50	80	184	0	0	0	1	4	0.03	0.02	
0.50	0.50	0.99	8	DLOCK	0	437889.31	6	42	61	121	565	0	0	0	3	6	0.08	0.04	
0.50	0.50	0.99	12	DLOCK	0	467624.53	6	64	97	189	598	0	0	1	4	7	0.12	0.07	
0.50	0.50	0.99	16	DLOCK	0	546675.06	5	70	104	182	648	0	0	1	4	7	0.15	0.08	
0.50	0.50	0.99	20	DLOCK	0	510230.60	6	125	169	256	712	0	0	2	5	7	0.19	0.10	
0.50	0.50	0.99	24	DLOCK	0	591009.55	5	137	180	266	608	0	1	2	5	8	0.22	0.10	
0.50	0.50	0.99	28	DLOCK	0	468592.93	7	203	263	399	1055	0	1	3	6	8	0.25	0.11	
0.50	0.50	0.99	32	DLOCK	0	398203.27	7	304	417	733	1437	0	1	3	7	9	0.27	0.12	
0.50	0.50	0.99	1	HLOCK	0	110178.44	4	21	36	47	580	0	0	0	0	0	0.00	0.00	
0.50	0.50	0.99	4	HLOCK	0	219945.33	8	36	63	106	384	0	0	0	1	5	0.06	0.04	
0.50	0.50	0.99	8	HLOCK	0	368061.56	6	35	54	104	635	0	0	1	2	7	0.12	0.08	
0.50	0.50	0.99	12	HLOCK	0	520219.65	8	55	87	163	617	0	1	2	4	6	0.20	0.15	
0.50	0.50	0.99	16	HLOCK	0	498193.85	8	62	97	175	1200	0	1	2	5	8	0.27	0.18	
0.50	0.50	0.99	20	HLOCK	0	515119.24	10	121	176	280	457	0	2	4	6	7	0.37	0.25	
0.50	0.50	0.99	24	HLOCK	0	493546.98	9	158	237	390	744	0	3	5	7	8	0.45	0.27	
0.50	0.50	0.99	28	HLOCK	0	466604.99	9	191	298	524	1015	0	4	6	7	9	0.48	0.28	
0.50	0.50	0.99	32	HLOCK	0	433540.86	10	245	388	691	1228	0	5	6	8	9	0.51	0.29	
0.50	0.50	0.99	1	SILO	0	127160.25	4	27	34	38	45	0	0	0	0	0	0.00	0.00	
0.50	0.50	0.99	4	SILO	0	169618.87	7	27	74	180	1203	0	0	1	3	8	0.11	0.07	
0.50	0.50	0.99	8	SILO	0	247728.41	6	29	75	236	3349	0	0	1	5	14	0.18	0.09	
0.50	0.50	0.99	12	SILO	0	307253.11	5	29	68	238	4735	0	0	1	5	17	0.20	0.10	
0.50	0.50	0.99	16	SILO	0	332077.71	6	41	93	469	6525	0	1	2	7	22	0.25	0.11	
0.50	0.50	0.99	20	SILO	0	346109.48	5	22	70	431	7720	0	1	2	7	24	0.25	0.10	
0.50	0.50	0.99	24	SILO	0	424949.88	4	21	53	302	8253	0	1	2	6	25	0.24	0.10	
0.50	0.50	0.99	28	SILO	0	342808.78	6	83	160	1374	10703	0	1	2	10	31	0.32	0.13	
0.50	0.50	0.99	32	SILO	0	415438.88	5	30	79	1016	12674	0	1	2	9	36	0.31	0.11	
the number of storage working threads is equal to the TX threads
0.50	0.50	0.99	1	NO_WAIT	0	126081.21	4	22	35	41	57	0	0	0	0	0	0.00	0.00	
0.50	0.50	0.99	4	NO_WAIT	0	162835.58	6	42	60	194	1828	0	1	4	6	10	0.29	0.13	
0.50	0.50	0.99	8	NO_WAIT	0	202328.65	6	47	82	621	3706	0	3	5	8	16	0.41	0.19	
0.50	0.50	0.99	12	NO_WAIT	0	299800.90	4	40	78	884	4418	0	3	5	9	18	0.44	0.20	
0.50	0.50	0.99	16	NO_WAIT	0	244100.58	5	53	117	1697	6955	0	4	6	11	24	0.49	0.22	
0.50	0.50	0.99	20	NO_WAIT	0	260849.31	5	54	126	1972	7440	0	4	6	12	25	0.50	0.23	
0.50	0.50	0.99	24	NO_WAIT	0	275509.88	5	57	147	2422	8394	0	4	6	13	27	0.52	0.24	
0.50	0.50	0.99	28	NO_WAIT	0	104550.25	6	65	251	9281	30849	0	4	7	25	71	0.60	0.24	
0.50	0.50	0.99	32	NO_WAIT	0	151132.37	6	76	297	6415	23477	0	5	7	21	59	0.60	0.25	
0.50	0.50	0.99	1	WAIT_DIE	0	119573.34	4	28	35	39	57	0	0	0	0	0	0.00	0.00	
0.50	0.50	0.99	4	WAIT_DIE	0	201057.36	5	54	95	235	700	0	2	4	6	8	0.32	0.13	
0.50	0.50	0.99	8	WAIT_DIE	0	256987.49	6	87	146	309	755	0	5	6	7	9	0.50	0.26	
0.50	0.50	0.99	12	WAIT_DIE	0	318176.18	5	106	180	389	935	0	5	6	8	9	0.57	0.31	
0.50	0.50	0.99	16	WAIT_DIE	0	327527.20	5	132	240	556	1233	0	6	7	8	10	0.60	0.33	
0.50	0.50	0.99	20	WAIT_DIE	0	256693.88	6	204	396	1031	4499	0	6	8	9	13	0.64	0.35	
0.50	0.50	0.99	24	WAIT_DIE	0	162959.82	6	245	516	1551	24605	0	7	8	10	49	0.67	0.36	
0.50	0.50	0.99	28	WAIT_DIE	0	26783.15	6	890	7333	25759	43540	0	8	14	49	83	0.77	0.35	
0.50	0.50	0.99	32	WAIT_DIE	0	21750.68	7	2495	11742	29357	48249	0	10	21	57	96	0.81	0.36	
0.50	0.50	0.99	1	WOUND_WAIT	0	150709.92	4	23	29	32	38	0	0	0	0	0	0.00	0.00	
0.50	0.50	0.99	4	WOUND_WAIT	0	246478.56	6	42	57	101	222	0	0	0	1	4	0.04	0.03	
0.50	0.50	0.99	8	WOUND_WAIT	0	273657.87	7	80	110	181	668	0	0	1	2	6	0.09	0.06	
0.50	0.50	0.99	12	WOUND_WAIT	0	258535.08	7	132	177	308	719	0	0	1	3	6	0.13	0.08	
0.50	0.50	0.99	16	WOUND_WAIT	0	315866.86	6	150	190	277	543	0	1	2	4	7	0.18	0.10	
0.50	0.50	0.99	20	WOUND_WAIT	0	236111.86	12	269	372	730	2059	0	1	2	5	7	0.21	0.12	
0.50	0.50	0.99	24	WOUND_WAIT	0	14516.60	60	3169	12702	27162	48181	0	1	2	6	10	0.25	0.13	
0.50	0.50	0.99	28	WOUND_WAIT	0	12621.65	82	7716	14282	31029	53096	0	1	3	7	12	0.29	0.14	
0.50	0.50	0.99	32	WOUND_WAIT	0	6770.99	132	16521	24211	40879	75614	0	1	3	8	14	0.32	0.15	
0.50	0.50	0.99	1	DLOCK	0	129401.12	4	19	28	44	55	0	0	0	0	0	0.00	0.00	
0.50	0.50	0.99	4	DLOCK	0	211262.90	7	56	87	174	342	0	0	0	1	5	0.03	0.02	
0.50	0.50	0.99	8	DLOCK	0	345472.39	6	71	109	209	625	0	0	0	4	7	0.10	0.05	
0.50	0.50	0.99	12	DLOCK	0	247134.78	7	161	251	627	1696	0	0	1	5	8	0.16	0.07	
0.50	0.50	0.99	16	DLOCK	0	493181.69	6	96	136	215	607	0	0	1	4	7	0.16	0.08	
0.50	0.50	0.99	20	DLOCK	0	529185.23	6	118	159	243	801	0	0	2	5	7	0.19	0.10	
0.50	0.50	0.99	24	DLOCK	0	194956.79	9	359	773	1770	5245	0	1	2	7	10	0.25	0.10	
0.50	0.50	0.99	28	DLOCK	0	450554.39	7	231	313	570	1344	0	1	3	6	9	0.25	0.11	
0.50	0.50	0.99	32	DLOCK	0	289768.04	8	382	567	1121	2202	0	1	3	7	10	0.28	0.12	
0.50	0.50	0.99	1	HLOCK	0	118030.03	5	30	38	43	49	0	0	0	0	0	0.00	0.00	
0.50	0.50	0.99	4	HLOCK	0	246895.80	7	37	59	94	605	0	0	0	1	5	0.06	0.04	
0.50	0.50	0.99	8	HLOCK	0	314256.48	9	57	85	146	914	0	0	1	2	7	0.12	0.09	
0.50	0.50	0.99	12	HLOCK	0	447926.84	7	49	73	138	1056	0	1	2	4	8	0.19	0.13	
0.50	0.50	0.99	16	HLOCK	0	522681.65	8	61	101	183	1427	0	1	2	5	9	0.26	0.18	
0.50	0.50	0.99	20	HLOCK	0	559937.89	9	107	160	256	625	0	2	4	6	7	0.38	0.25	
0.50	0.50	0.99	24	HLOCK	0	352515.67	12	196	295	613	4367	0	3	4	6	8	0.42	0.27	
0.50	0.50	0.99	28	HLOCK	0	466532.71	10	192	294	503	982	0	4	6	7	9	0.48	0.29	
0.50	0.50	0.99	32	HLOCK	0	401908.73	10	259	410	735	1399	0	5	7	8	9	0.52	0.29	
0.50	0.50	0.99	1	SILO	0	128563.90	4	27	34	38	43	0	0	0	0	0	0.00	0.00	
0.50	0.50	0.99	4	SILO	0	164038.31	7	46	89	195	905	0	0	1	3	8	0.12	0.08	
0.50	0.50	0.99	8	SILO	0	222886.75	6	27	81	282	3840	0	0	1	5	15	0.18	0.08	
0.50	0.50	0.99	12	SILO	0	280315.61	6	37	83	313	5341	0	0	1	6	18	0.22	0.10	
0.50	0.50	0.99	16	SILO	0	314379.97	6	38	95	569	6702	0	1	2	8	22	0.26	0.11	
0.50	0.50	0.99	20	SILO	0	335391.33	6	27	94	930	8622	0	1	2	9	27	0.28	0.10	
0.50	0.50	0.99	24	SILO	0	333169.17	7	94	168	1011	9416	0	1	2	9	28	0.30	0.13	
0.50	0.50	0.99	28	SILO	0	364827.90	5	27	74	767	11785	0	1	2	8	33	0.29	0.11	
0.50	0.50	0.99	32	SILO	0	375197.48	5	41	77	754	14024	0	1	2	8	38	0.30	0.11	
