bimodal, w/o log
Rd	Wt	Zip	T	CC	TP	P50	P90	P99	P999	Abt
0.50	0.50	0.99	1	MOCC	0	3549.92	COMMIT	13990	3968097	0	0	0	0	ABORT	0	0	0	0	0	0	0	161	2223	2433	2864	0	0	0	0	0.00	
0.50	0.50	0.99	4	MOCC	0	11652.74	COMMIT	10425	2662710	0	0	0	0	ABORT	3309	1290260	0	0	21994	0	0	150	4541	12233	22533	0	5	8	10	0.23	
0.50	0.50	0.99	8	MOCC	0	17069.98	COMMIT	7811	1936446	0	0	0	0	ABORT	4857	1970446	0	0	94595	0	0	152	8119	23432	40463	0	7	12	17	0.38	
0.50	0.50	0.99	12	MOCC	0	20666.06	COMMIT	5990	1514798	0	0	0	0	ABORT	5415	2344777	0	0	166395	0	0	156	10696	31657	59054	0	9	16	26	0.46	
0.50	0.50	0.99	16	MOCC	0	23325.11	COMMIT	4807	1254964	0	0	0	0	ABORT	5759	2576566	0	0	270466	0	0	159	13063	34847	59829	0	11	18	28	0.53	
0.50	0.50	0.99	20	MOCC	0	26931.11	COMMIT	4655	1183615	0	0	0	0	ABORT	7143	2592008	0	0	448963	0	0	164	12662	39568	65346	0	14	24	36	0.60	
0.50	0.50	0.99	24	MOCC	0	27547.77	COMMIT	3887	973672	0	0	0	0	ABORT	6390	2732736	0	0	421538	0	0	169	16030	43633	75061	0	15	26	41	0.63	
0.50	0.50	0.99	28	MOCC	0	29468.36	COMMIT	3635	949364	0	0	0	0	ABORT	7107	2692609	0	0	585792	0	0	170	15993	43222	80012	0	18	31	56	0.66	
0.50	0.50	0.99	32	MOCC	0	31559.34	COMMIT	2818	753943	0	0	0	0	ABORT	7656	2835371	0	0	915506	0	0	178	15013	43754	88782	1	21	40	74	0.71	
0.50	0.50	0.99	36	MOCC	0	30162.29	COMMIT	2338	673313	0	0	0	0	ABORT	6343	2798918	0	0	774487	0	0	188	19187	50198	99999	1	23	44	87	0.72	
bimodal, w/o log
Rd	Wt	Zip	T	CC	TP	P50	P90	P99	P999	Abt
0.50	0.50	0.99	1	MOCC	0	18573.82	COMMIT	73285	3966219	0	0	2869893	1074913	ABORT	0	0	0	0	0	0	0	41	184	215	3423	0	0	0	0	0.00	
0.50	0.50	0.99	4	MOCC	0	61886.08	COMMIT	62477	3375479	0	0	2392402	962488	ABORT	6625	580324	0	0	30490	505833	41814	44	361	723	3166	0	2	5	9	0.10	
0.50	0.50	0.99	8	MOCC	0	90795.66	COMMIT	41208	2422395	0	0	1742441	666923	ABORT	11183	1494597	0	0	464322	958911	68075	46	645	4229	10850	0	5	14	28	0.21	
0.50	0.50	0.99	12	MOCC	0	102819.38	COMMIT	30323	1804155	0	0	1292273	501773	ABORT	12047	2032999	0	0	914812	1050972	63770	47	1040	8741	20651	0	7	23	50	0.27	
0.50	0.50	0.99	16	MOCC	0	108615.06	COMMIT	22858	1365907	0	0	980119	376271	ABORT	11747	2464765	0	0	1339635	1067449	53520	48	1648	13752	36296	0	9	33	80	0.32	
0.50	0.50	0.99	20	MOCC	0	112500.41	COMMIT	17537	1046125	0	0	747403	292281	ABORT	11089	2749503	0	0	1666380	1030008	49167	48	2583	18404	46111	0	11	43	101	0.36	
0.50	0.50	0.99	24	MOCC	0	113234.81	COMMIT	14030	868268	0	0	618882	244198	ABORT	10345	2777969	0	0	1726075	1003132	44842	50	3477	23094	63225	0	12	53	134	0.39	
0.50	0.50	0.99	28	MOCC	0	114681.09	COMMIT	12763	781927	0	0	556294	220849	ABORT	10412	2894637	0	0	1837326	1008901	45216	50	4273	28041	70822	0	14	63	151	0.42	
0.50	0.50	0.99	32	MOCC	0	112910.30	COMMIT	9516	628149	0	0	451607	172659	ABORT	9312	2936495	0	0	1913447	981251	38851	52	4914	34190	93346	0	15	74	198	0.44	
0.50	0.50	0.99	36	MOCC	0	109818.01	COMMIT	7851	548110	0	0	395018	149122	ABORT	8843	2940845	0	0	1917609	981334	37699	55	5718	41996	99999	0	17	91	225	0.47	
