bimodal, w/o log (stored procedure)
Rd	Wt	Zip	T	CC	TP	P50	P90	P99	P999	Abt
0.50	0.50	0.99	1	DLOCK	0	223076.70	COMMIT	887356	3948573	365322	3029039	685833	ABORT	0	0	0	0	0	0	3	14	16	19	0	0	0	0	0.00	
0.50	0.50	0.99	4	DLOCK	0	489184.24	COMMIT	551986	3240669	462703	2434318	641418	ABORT	25570	712988	38967	489681	181288	33543	4	29	84	813	0	1	3	5	0.04	
0.50	0.50	0.99	8	DLOCK	0	723618.24	COMMIT	519197	3134118	631082	2357949	616205	ABORT	38944	829878	74433	512102	259921	45129	4	40	130	2039	0	2	4	8	0.07	
0.50	0.50	0.99	12	DLOCK	0	819872.24	COMMIT	399583	2769998	791651	2131623	503652	ABORT	43284	1201652	108574	819395	317299	49998	5	59	196	4184	0	2	4	13	0.11	
0.50	0.50	0.99	16	DLOCK	0	946023.57	COMMIT	199214	1998411	913313	1600175	310103	ABORT	34874	2030097	157029	1648208	319230	46645	5	81	228	5761	0	3	5	17	0.14	
0.50	0.50	0.99	20	DLOCK	0	1001290.62	COMMIT	199779	2210417	1141274	1808703	318899	ABORT	38735	1900759	197679	1455943	373612	54427	5	113	294	4991	0	3	6	17	0.18	
0.50	0.50	0.99	24	DLOCK	0	989279.73	COMMIT	164790	2358959	1429247	1985451	301309	ABORT	40276	1625501	282722	1078523	467254	63917	6	128	296	5200	0	4	6	17	0.20	
0.50	0.50	0.99	28	DLOCK	0	921678.63	COMMIT	131921	2707432	1892300	2345632	296095	ABORT	40722	1268428	424573	555505	613028	78663	6	173	400	3083	0	5	7	12	0.23	
0.50	0.50	0.99	32	DLOCK	0	900981.01	COMMIT	112995	2720934	2006753	2386419	275976	ABORT	39625	1258669	472994	503737	652684	83764	6	192	420	3180	0	5	7	12	0.26	
0.50	0.50	0.99	36	DLOCK	0	888285.32	COMMIT	98702	2870140	2216029	2544530	273812	ABORT	39448	1112187	526310	295356	708174	90634	7	209	311	491	0	6	7	8	0.28	
0.50	0.50	0.99	1	HLOCK	0	206711.80	COMMIT	823097	3951724	540368	2911755	801371	ABORT	0	0	0	0	0	0	3	15	18	21	0	0	0	0	0.00	
0.50	0.50	0.99	4	HLOCK	0	536076.51	COMMIT	575550	3653602	640110	2526585	929523	ABORT	19178	310733	25297	133730	133822	36639	5	27	55	302	0	1	2	4	0.03	
0.50	0.50	0.99	8	HLOCK	0	728195.04	COMMIT	406995	2768190	603210	1814510	806192	ABORT	29637	1205975	62747	935122	189938	70293	5	36	122	1987	0	2	4	7	0.06	
0.50	0.50	0.99	12	HLOCK	0	910321.67	COMMIT	299730	2156638	608992	1332086	713607	ABORT	41173	1986897	151603	1595554	248803	126871	5	51	162	2343	0	2	4	8	0.11	
0.50	0.50	0.99	16	HLOCK	0	934838.75	COMMIT	240010	2013368	792302	1116522	790117	ABORT	72718	1967409	596703	1098461	436429	404899	6	131	361	3059	0	4	6	8	0.22	
0.50	0.50	0.99	20	HLOCK	0	694274.41	COMMIT	132529	1427362	908744	645116	723633	ABORT	81420	2557022	1534242	1122322	489256	918259	7	297	674	2924	0	6	8	9	0.36	
0.50	0.50	0.99	24	HLOCK	0	476374.54	COMMIT	75754	1067988	891212	392798	638459	ABORT	74176	2920455	2190689	1191523	454705	1251644	7	505	810	1186	0	8	9	10	0.47	
0.50	0.50	0.99	28	HLOCK	0	408510.18	COMMIT	54821	852324	749916	295054	530931	ABORT	60738	3137414	2280381	1460340	376675	1282436	7	756	1228	1518	0	8	9	10	0.50	
0.50	0.50	0.99	32	HLOCK	0	380255.52	COMMIT	43995	739574	686167	242226	476869	ABORT	52512	3251117	2295349	1624050	335164	1277017	7	1002	1482	1797	0	9	10	11	0.52	
0.50	0.50	0.99	36	HLOCK	0	353813.75	COMMIT	36494	648001	619129	206348	424526	ABORT	46310	3344058	2254610	1786815	299412	1244505	7	1279	1736	2083	0	9	11	12	0.53	

bimodal, interactive
Rd	Wt	Zip	T	CC	TP	P50	P90	P99	P999	Abt
0.50	0.50	0.99	1	DLOCK	0	19094.14	COMMIT	75827	3964003	33082	2817008	1114674	ABORT	0	0	0	0	0	0	40	176	204	2131	0	0	0	0	0.00	
0.50	0.50	0.99	4	DLOCK	0	63005.60	COMMIT	63904	3851990	357304	2737615	1077358	ABORT	2481	104768	11596	4089	93760	5435	45	245	358	2133	0	1	2	3	0.04	
0.50	0.50	0.99	8	DLOCK	0	99205.34	COMMIT	47270	3638965	801802	2737306	874781	ABORT	5003	276985	49306	10122	249861	14231	48	359	550	2353	0	2	3	5	0.09	
0.50	0.50	0.99	12	DLOCK	0	110567.31	COMMIT	34500	3439530	1267250	2717596	702401	ABORT	6173	434853	119062	20651	394034	17154	52	564	912	2629	0	3	5	7	0.14	
0.50	0.50	0.99	16	DLOCK	0	109156.77	COMMIT	25570	3251459	1581618	2678113	556901	ABORT	6246	577129	214404	41359	509916	22847	54	819	1830	2759	0	4	7	8	0.19	
0.50	0.50	0.99	20	DLOCK	0	110350.56	COMMIT	19850	3112662	1828376	2639010	462043	ABORT	5833	659470	297890	57845	567452	31580	52	1097	2133	3715	0	5	8	9	0.22	
0.50	0.50	0.99	24	DLOCK	0	92064.97	COMMIT	13871	2944947	1895602	2573815	361477	ABORT	4879	782248	394537	86303	655948	37534	63	1546	2930	5407	0	6	9	10	0.25	
0.50	0.50	0.99	28	DLOCK	0	85052.15	COMMIT	10604	2773236	1935481	2452815	312552	ABORT	4084	786565	435336	90316	658403	35754	67	1942	3191	4902	0	7	10	11	0.27	
0.50	0.50	0.99	32	DLOCK	0	78742.45	COMMIT	8729	2721721	1997115	2436465	278588	ABORT	3681	860134	504973	97856	702098	58283	71	2348	4135	10981	0	8	10	12	0.29	
0.50	0.50	0.99	36	DLOCK	0	68840.91	COMMIT	6346	2556830	1944851	2303019	248600	ABORT	2883	774197	45345595764	633587	43362	82	3001	4665	9204	0	9	11	13	0.31

0.50	0.50	0.99	1	HLOCK	0	18887.57	COMMIT	75034	3964169	53062	2807986	1124645	ABORT	0	0	0	0	0	0	40	178	206	2245	0	0	0	0	0.00	
0.50	0.50	0.99	4	HLOCK	0	68040.57	COMMIT	68692	3881053	147377	2672032	1168590	ABORT	1817	73043	4959	2866	63163	5834	44	215	281	2285	0	1	2	2	0.03	
0.50	0.50	0.99	8	HLOCK	0	130086.49	COMMIT	59770	3706090	231884	2541804	1130742	ABORT	4403	208104	24773	7873	176779	21013	45	245	346	2444	0	1	2	3	0.07	
0.50	0.50	0.99	12	HLOCK	0	167523.67	COMMIT	51193	3480219	342209	2349233	1101791	ABORT	7192	384625	79862	15131	309030	56504	49	278	380	2534	0	2	3	5	0.12	
0.50	0.50	0.99	16	HLOCK	0	199671.50	COMMIT	45237	3196152	437048	2084663	1080585	ABORT	10872	624883	165803	29617	480203	108523	52	318	450	2578	0	3	5	6	0.18	
0.50	0.50	0.99	20	HLOCK	0	213156.00	COMMIT	38409	2863363	509184	1817157	1024660	ABORT	14892	926581	297188	54115	684119	181295	56	383	546	2630	0	4	6	7	0.26	
0.50	0.50	0.99	24	HLOCK	0	222492.96	COMMIT	32222	2495084	507580	1560849	915810	ABORT	18290	1207784	425534	98300	848193	253038	59	456	668	2927	0	5	7	8	0.33	
0.50	0.50	0.99	28	HLOCK	0	222049.68	COMMIT	26720	2126141	495262	1294454	816596	ABORT	21083	1524556	551652	170248	1025362	319820	63	549	846	3262	0	6	8	8	0.40	
0.50	0.50	0.99	32	HLOCK	0	221178.68	COMMIT	22234	1678529	475526	960804	705611	ABORT	22659	1690159	688782	269170	1020936	391049	66	660	1080	3038	0	7	8	9	0.45	
0.50	0.50	0.99	36	HLOCK	0	202203.92	COMMIT	17398	1571435	440758	929622	631312	ABORT	21614	1925251	773748	377494	1101047	438194	74	867	1614	3769	0	8	9	10	0.50	
bimodal, log1
Rd	Wt	Zip	T	CC	TP	P50	P90	P99	P999	Abt
0.50	0.50	0.99	1	DLOCK	0	122453.08	COMMIT	487437	3972411	201285	1668033	2160511	ABORT	0	0	0	0	0	0	6	28	34	39	0	0	0	0	0.00	
0.50	0.50	0.99	4	DLOCK	0	339138.97	COMMIT	336459	3721550	549261	1797740	1802619	ABORT	12054	257177	34821	128557	105060	19329	8	48	81	152	0	1	2	4	0.03	
0.50	0.50	0.99	8	DLOCK	0	474300.32	COMMIT	250216	3631680	1046321	2011039	1521988	ABORT	21169	347098	80620	89152	218887	30772	9	79	127	241	0	2	3	5	0.08	
0.50	0.50	0.99	12	DLOCK	0	528911.35	COMMIT	175628	3400333	1466936	2157243	1165396	ABORT	25032	586717	163671	194959	343123	38269	10	121	221	1040	0	3	5	8	0.12	
0.50	0.50	0.99	16	DLOCK	0	536394.82	COMMIT	99537	2572751	1410016	1801996	712096	ABORT	22539	1413970	378331	825689	541933	35378	10	153	248	1637	0	3	6	8	0.16	
0.50	0.50	0.99	20	DLOCK	0	536758.11	COMMIT	107587	3182903	1928519	2339633	788581	ABORT	26142	804914	296258	252635	490147	51308	10	192	336	2971	0	4	6	12	0.19	
0.50	0.50	0.99	24	DLOCK	0	536768.47	COMMIT	88588	3230578	2149335	2484842	699378	ABORT	26282	761005	313728	178525	514665	57690	11	229	299	431	0	5	7	8	0.22	
0.50	0.50	0.99	28	DLOCK	0	532895.99	COMMIT	74965	3149345	2225387	2498239	611664	ABORT	25344	840747	375991	202158	564576	63978	11	266	356	541	0	6	7	8	0.24	
0.50	0.50	0.99	32	DLOCK	0	526900.79	COMMIT	64887	3094486	2275326	2505924	554587	ABORT	23883	894602	419415	224772	599605	60229	11	305	413	610	0	6	8	8	0.26	
0.50	0.50	0.99	36	DLOCK	0	521085.88	COMMIT	56805	3015826	2287351	2489560	497106	ABORT	23190	976044	470864	258656	645668	63357	12	343	496	715	0	6	8	9	0.28	
0.50	0.50	0.99	1	HLOCK	0	117877.72	COMMIT	469226	3973476	308859	1660138	2171333	ABORT	0	0	0	0	0	0	6	30	36	41	0	0	0	0	0.00	
0.50	0.50	0.99	4	HLOCK	0	345739.61	COMMIT	344374	3817083	590896	1645735	2033133	ABORT	11661	161545	33330	31668	95262	30136	8	44	65	104	0	1	2	3	0.02	
0.50	0.50	0.99	8	HLOCK	0	534028.73	COMMIT	265660	3505781	895570	1415085	1994907	ABORT	26724	476528	165498	131865	222880	112243	9	67	118	265	0	2	3	5	0.09	
0.50	0.50	0.99	12	HLOCK	0	581201.94	COMMIT	189701	2936519	1091563	1092153	1768692	ABORT	46728	1046661	494197	315351	408410	305334	11	112	215	936	0	3	5	8	0.19	
0.50	0.50	0.99	16	HLOCK	0	528792.76	COMMIT	128954	2230474	1096099	745764	1418246	ABORT	63307	1757042	1114638	562501	518940	650946	11	212	439	1837	0	5	7	9	0.31	
0.50	0.50	0.99	20	HLOCK	0	406816.56	COMMIT	76366	1603374	1099680	467019	1102236	ABORT	65181	2385749	1950789	754629	510623	1099858	12	396	614	886	0	7	8	9	0.44	
0.50	0.50	0.99	24	HLOCK	0	363488.90	COMMIT	55528	1199641	837462	336954	833970	ABORT	59901	2786585	2136059	1133455	443069	1188733	12	588	946	1281	0	8	9	10	0.49	
0.50	0.50	0.99	28	HLOCK	0	330609.16	COMMIT	43315	999444	745701	271586	706643	ABORT	51708	2988118	2273042	1336028	383679	1250468	12	822	1281	1553	0	8	9	10	0.51	
0.50	0.50	0.99	32	HLOCK	0	289967.02	COMMIT	33469	841106	687881	215203	609251	ABORT	42522	3149238	2293259	1552987	326785	1255426	12	1196	1635	1997	0	9	10	11	0.53	
0.50	0.50	0.99	36	HLOCK	0	277526.02	COMMIT	28925	766970	651794	193322	560663	ABORT	38049	3225099	2329010	1644741	305478	1264024	12	1446	1912	2249	0	10	11	12	0.55	
bimodal, log2
Rd	Wt	Zip	T	CC	TP	P50	P90	P99	P999	Abt
0.50	0.50	0.99	1	DLOCK	0	144638.72	COMMIT	576174	3966605	232930	3251433	550673	ABORT	0	0	0	0	0	0	5	23	28	32	0	0	0	0	0.00	
0.50	0.50	0.99	4	DLOCK	0	372304.90	COMMIT	418862	3512303	404213	2794309	569996	ABORT	19140	460785	29137	250685	179535	23458	6	38	82	362	0	1	3	5	0.04	
0.50	0.50	0.99	8	DLOCK	0	560412.99	COMMIT	220772	2295052	483765	1845991	362166	ABORT	19123	1677930	50374	1458891	186824	23364	7	59	126	820	0	2	3	6	0.09	
0.50	0.50	0.99	12	DLOCK	0	630448.17	COMMIT	197368	2566865	842039	2121555	362024	ABORT	29222	1603494	133170	1196796	357043	37954	8	85	194	3864	0	2	4	11	0.13	
0.50	0.50	0.99	16	DLOCK	0	686098.85	COMMIT	173888	2502861	991348	2094113	327100	ABORT	32172	1478097	238699	925581	493654	43773	8	108	297	10121	0	3	6	25	0.16	
0.50	0.50	0.99	20	DLOCK	0	712393.21	COMMIT	98228	2088969	1156168	1803806	235128	ABORT	29993	1897180	374853	1222940	616974	44273	8	137	249	8036	0	4	6	23	0.19	
0.50	0.50	0.99	24	DLOCK	0	717665.24	COMMIT	97775	2454652	1508854	2151990	253641	ABORT	32622	1526697	384142	810480	646921	55084	9	169	314	5159	0	5	7	16	0.22	
0.50	0.50	0.99	28	DLOCK	0	713752.02	COMMIT	97354	2826754	1868141	2504564	273286	ABORT	35600	1161054	454026	335933	743066	68281	9	202	358	2703	0	5	7	13	0.25	
0.50	0.50	0.99	32	DLOCK	0	708975.65	COMMIT	86742	2890208	2012354	2577121	267416	ABORT	33575	1097311	488706	247854	766848	68767	9	229	323	483	0	6	7	8	0.27	
0.50	0.50	0.99	36	DLOCK	0	695160.33	COMMIT	75383	2825290	2043360	2536594	246655	ABORT	32236	1165413	535253	276046	803718	72833	10	261	372	566	0	6	7	8	0.29	
0.50	0.50	0.99	1	HLOCK	0	138456.73	COMMIT	551190	3968137	362546	3156727	643139	ABORT	0	0	0	0	0	0	5	24	29	33	0	0	0	0	0.00	
0.50	0.50	0.99	4	HLOCK	0	409846.80	COMMIT	410683	3601605	467989	2696686	761793	ABORT	12104	396341	15472	251134	117623	23257	7	36	68	215	0	1	2	4	0.03	
0.50	0.50	0.99	8	HLOCK	0	688376.09	COMMIT	346891	3420209	533471	2491320	804177	ABORT	21584	557116	46709	303477	193877	51837	7	51	121	546	0	2	3	5	0.07	
0.50	0.50	0.99	12	HLOCK	0	727348.26	COMMIT	195822	2223449	444086	1560716	581851	ABORT	28284	1764578	95674	1402440	265378	85403	8	62	144	1877	0	2	4	9	0.11	
0.50	0.50	0.99	16	HLOCK	0	814175.62	COMMIT	189250	2325711	566994	1568830	664205	ABORT	46636	1699464	262157	1013393	468029	197220	9	98	287	4966	0	3	6	13	0.18	
0.50	0.50	0.99	20	HLOCK	0	747771.06	COMMIT	143087	1928089	684391	1208424	659972	ABORT	66460	2055822	739835	867771	686466	478113	9	209	565	4158	0	5	7	10	0.30	
0.50	0.50	0.99	24	HLOCK	0	549823.14	COMMIT	83661	1398635	780801	731734	624288	ABORT	75091	2588889	1512634	886210	781935	895035	10	373	596	913	0	7	8	9	0.44	
0.50	0.50	0.99	28	HLOCK	0	463689.45	COMMIT	59748	1074346	680481	521118	524442	ABORT	65145	2915407	1739617	1209174	685958	1000938	10	572	931	1255	0	8	9	10	0.49	
0.50	0.50	0.99	32	HLOCK	0	409057.67	COMMIT	45764	858859	584323	398842	438610	ABORT	56150	3131674	1815205	1497021	592783	1025899	10	805	1272	1547	0	8	9	10	0.51	
0.50	0.50	0.99	36	HLOCK	0	383280.10	COMMIT	37735	755347	535568	337455	398895	ABORT	49524	3232492	1870715	1629155	538161	1047466	10	1040	1510	1829	0	9	10	11	0.53	
