Rd	Wt	Zip	T	CC	TP	P50	P90	P99	P999	Abt
0.50	0.50	0.99	1	MOCC	10	230658.64	COMMIT	921158	3949567	0	0	3232817	510537	ABORT	0	0	0	0	0	0	0	3	14	16	19	0	0	0	0	0.00	
0.50	0.50	0.99	4	MOCC	10	526681.86	COMMIT	593799	3616737	0	0	2921714	568604	ABORT	13393	364338	0	0	173858	166172	21009	4	31	61	211	0	1	2	4	0.02	
0.50	0.50	0.99	8	MOCC	10	561805.39	COMMIT	226963	1688787	0	0	1384192	254798	ABORT	11245	2475618	0	0	2233121	219079	20667	5	50	176	3076	0	1	4	9	0.04	
0.50	0.50	0.99	12	MOCC	10	618708.21	COMMIT	196661	1718548	0	0	1427241	245244	ABORT	12794	2269144	0	0	1817117	422054	26845	5	93	649	8500	0	1	6	17	0.06	
0.50	0.50	0.99	16	MOCC	10	626612.71	COMMIT	185316	1808081	0	0	1516992	239606	ABORT	14264	2179889	0	0	1400576	742792	32857	5	174	1921	12156	0	2	9	26	0.08	
0.50	0.50	0.99	20	MOCC	10	581962.08	COMMIT	119775	1516730	0	0	1314017	176461	ABORT	14095	2473914	0	0	1289072	1146317	34835	5	313	3916	16469	0	3	13	36	0.10	
0.50	0.50	0.99	24	MOCC	10	397147.86	COMMIT	47647	1275351	0	0	1149819	114336	ABORT	9595	2719961	0	0	977970	1704255	35006	5	735	7497	22842	0	4	19	46	0.14	
0.50	0.50	0.99	28	MOCC	10	348254.72	COMMIT	37989	1247521	0	0	1135792	102781	ABORT	8022	2747486	0	0	836173	1876066	32957	5	1082	9868	28386	0	4	21	50	0.15	
0.50	0.50	0.99	32	MOCC	10	292746.30	COMMIT	27014	1107944	0	0	1022764	78450	ABORT	6448	2888081	0	0	795184	2060906	30083	5	1621	12934	34587	0	5	23	53	0.16	
0.50	0.50	0.99	36	MOCC	10	259335.44	COMMIT	22980	1146003	0	0	1067729	71901	ABORT	5605	2851007	0	0	683029	2139312	27256	5	2183	15840	42177	0	5	24	57	0.18	
0.50	0.50	0.99	1	MOCC	12	231182.30	COMMIT	923415	3950404	0	0	3236476	509384	ABORT	0	0	0	0	0	0	0	3	14	16	19	0	0	0	0	0.00	
0.50	0.50	0.99	4	MOCC	12	551136.66	COMMIT	599956	3596638	0	0	2901874	567315	ABORT	18909	368130	0	0	129715	210783	22948	4	31	66	248	0	1	2	4	0.03	
0.50	0.50	0.99	8	MOCC	12	581087.25	COMMIT	271567	1894665	0	0	1541841	293496	ABORT	13468	2398337	0	0	2146604	227719	20720	5	50	171	2285	0	1	4	8	0.05	
0.50	0.50	0.99	12	MOCC	12	623269.77	COMMIT	238320	1863144	0	0	1539485	269031	ABORT	14213	2122322	0	0	1685297	408263	25298	5	88	578	7533	0	2	6	18	0.06	
0.50	0.50	0.99	16	MOCC	12	629576.25	COMMIT	188562	1816900	0	0	1519133	242244	ABORT	15676	2170845	0	0	1375396	758020	33131	5	171	1864	12998	0	2	9	27	0.08	
0.50	0.50	0.99	20	MOCC	12	544175.00	COMMIT	102114	1459384	0	0	1270931	165701	ABORT	14239	2533285	0	0	1257468	1235926	36135	5	368	4301	16676	0	3	14	37	0.12	
0.50	0.50	0.99	24	MOCC	12	
0.50	0.50	0.99	28	MOCC	12	339378.92	COMMIT	33829	1142448	0	0	1046242	87989	ABORT	7899	2853324	0	0	926888	1893337	30790	5	1130	9739	27822	0	4	20	48	0.16	
0.50	0.50	0.99	32	MOCC	12	286984.69	COMMIT	27041	1087726	0	0	1002528	78282	ABORT	6821	2908111	0	0	821254	2055100	29766	5	1653	12933	32758	0	5	22	51	0.17	
0.50	0.50	0.99	36	MOCC	12	245774.42	COMMIT	17711	986737	0	0	919703	62166	ABORT	5221	3010594	0	0	669553	2311209	28568	5	2291	17071	44574	0	5	24	56	0.18	
0.50	0.50	0.99	1	MOCC	14	230480.85	COMMIT	920138	3950630	0	0	3227213	510508	ABORT	0	0	0	0	0	0	0	3	14	16	19	0	0	0	0	0.00	
0.50	0.50	0.99	4	MOCC	14	545253.09	COMMIT	596464	3378751	0	0	2707811	543070	ABORT	29435	625955	0	0	314210	276904	27830	4	32	79	392	0	1	3	4	0.05	
0.50	0.50	0.99	8	MOCC	14	574589.51	COMMIT	351580	2283241	0	0	1844720	361097	ABORT	22736	1695071	0	0	1373202	290117	26326	4	49	173	2292	0	2	4	9	0.06	
0.50	0.50	0.99	12	MOCC	14	635712.71	COMMIT	171553	1408602	0	0	1165498	203348	ABORT	17039	2627997	0	0	2192881	406310	24785	5	86	625	7225	0	2	6	17	0.08	
0.50	0.50	0.99	16	MOCC	14	632090.71	COMMIT	121044	1284751	0	0	1084328	166033	ABORT	15429	2733856	0	0	1998549	702978	28202	5	164	1644	11392	0	2	9	25	0.10	
0.50	0.50	0.99	20	MOCC	14	556421.49	COMMIT	101338	1472088	0	0	1283526	165776	ABORT	16269	2818132	0	0	1601769	1176735	35392	5	345	3996	16073	0	3	14	35	0.13	
0.50	0.50	0.99	24	MOCC	14	422677.27	COMMIT	54299	1239759	0	0	1114038	112489	ABORT	12227	2754315	0	0	1157579	1559652	33543	5	652	6880	20618	0	4	18	43	0.15	
0.50	0.50	0.99	28	MOCC	14	345223.17	COMMIT	40338	1166007	0	0	1060830	95556	ABORT	9624	2829045	0	0	942494	1852734	31105	5	1052	9350	26051	0	5	20	47	0.17	
0.50	0.50	0.99	32	MOCC	14	290150.38	COMMIT	25639	1064804	0	0	982393	76081	ABORT	7171	2931281	0	0	803070	2095619	30493	5	1530	12658	33740	0	5	22	50	0.18	
0.50	0.50	0.99	36	MOCC	14	254554.09	COMMIT	22217	1095770	0	0	1016316	73211	ABORT	6092	2901015	0	0	682014	2188331	29103	5	2095	15556	38184	0	5	24	52	0.19	
0.50	0.50	0.99	1	MOCC	16	231104.77	COMMIT	922453	3950499	0	0	3236195	509051	ABORT	0	0	0	0	0	0	0	3	14	16	19	0	0	0	0	0.00	
0.50	0.50	0.99	4	MOCC	16	462215.84	COMMIT	519262	2672143	0	0	2115284	443982	ABORT	37296	1296089	0	0	942477	312134	32697	4	34	134	1156	0	1	3	5	0.07	
0.50	0.50	0.99	8	MOCC	16	605007.42	COMMIT	337439	1935514	0	0	1536608	324308	ABORT	35525	2559529	0	0	2201090	317964	32007	4	46	284	4071	0	2	5	9	0.10	
0.50	0.50	0.99	12	MOCC	16	665046.63	COMMIT	225576	1506312	0	0	1217197	237363	ABORT	29498	2490543	0	0	2085116	367988	30181	5	71	677	6780	0	2	7	15	0.11	
0.50	0.50	0.99	16	MOCC	16	677641.72	COMMIT	194730	1554638	0	0	1274887	223234	ABORT	27053	2431957	0	0	1803033	590014	31359	5	124	1454	9975	0	3	9	22	0.12	
0.50	0.50	0.99	20	MOCC	16	592490.58	COMMIT	137279	1442941	0	0	1227429	185310	ABORT	23459	2546115	0	0	1531783	973826	34691	5	268	3029	13000	0	3	12	29	0.15	
0.50	0.50	0.99	24	MOCC	16	407365.32	COMMIT	63905	1223151	0	0	1086911	120659	ABORT	16565	2769873	0	0	1157855	1569597	37890	5	605	6017	18776	0	4	17	39	0.18	
0.50	0.50	0.99	28	MOCC	16	355561.81	COMMIT	51397	1105575	0	0	994768	98399	ABORT	14452	2887917	0	0	1102340	1748454	33110	5	884	7985	22910	0	5	19	43	0.19	
0.50	0.50	0.99	32	MOCC	16	300275.85	COMMIT	39865	1101334	0	0	1005258	86508	ABORT	11829	2893275	0	0	950610	1907949	31426	5	1243	10375	28999	0	5	21	46	0.21	
0.50	0.50	0.99	36	MOCC	16	262008.76	COMMIT	29940	978732	0	0	899062	71384	ABORT	9562	3017333	0	0	949777	2037073	28017	5	1668	12864	33081	0	6	23	49	0.22	
0.50	0.50	0.99	1	MOCC	18	231142.07	COMMIT	923071	3950903	0	0	3237616	509166	ABORT	0	0	0	0	0	0	0	3	14	16	19	0	0	0	0	0.00	
0.50	0.50	0.99	4	MOCC	18	461023.22	COMMIT	473973	2442074	0	0	1931955	405431	ABORT	34870	1975427	0	0	1643046	292900	31262	4	34	129	1117	0	1	3	5	0.07	
0.50	0.50	0.99	8	MOCC	18	468685.90	COMMIT	274274	1449070	0	0	1135551	251587	ABORT	32992	2935084	0	0	2630789	267129	29359	4	42	286	4735	0	2	5	10	0.11	
0.50	0.50	0.99	12	MOCC	18	549502.22	COMMIT	228056	1211773	0	0	944771	214318	ABORT	34630	2810435	0	0	2501550	270701	29926	4	52	882	7933	0	3	7	15	0.13	
0.50	0.50	0.99	16	MOCC	18	625502.26	COMMIT	213200	1125388	0	0	863186	201068	ABORT	36366	2907987	0	0	2589410	275858	32259	5	62	1608	10878	0	3	9	20	0.16	
0.50	0.50	0.99	20	MOCC	18	708576.79	COMMIT	159077	845489	0	0	652184	157875	ABORT	35088	3189203	0	0	2882762	265885	31683	5	74	2354	11974	0	4	11	25	0.18	
0.50	0.50	0.99	24	MOCC	18	842520.87	COMMIT	153388	946426	0	0	745524	166090	ABORT	35695	3196960	0	0	2794472	359727	33443	5	99	2809	11754	0	4	13	29	0.19	
0.50	0.50	0.99	28	MOCC	18	649157.47	COMMIT	110880	1104533	0	0	932115	147594	ABORT	30738	2890435	0	0	1893210	951456	37980	5	351	4796	17083	0	5	16	38	0.22	
0.50	0.50	0.99	32	MOCC	18	496224.80	COMMIT	83728	1070029	0	0	927446	123104	ABORT	27494	2919361	0	0	1502704	1369962	39060	5	682	6741	20385	0	5	20	43	0.24	
0.50	0.50	0.99	36	MOCC	18	431535.48	COMMIT	64661	977947	0	0	859218	100942	ABORT	22536	3014804	0	0	1434720	1538663	35139	5	891	8305	25871	0	6	21	47	0.26	
0.50	0.50	0.99	1	MOCC	20	230985.35	COMMIT	922676	3950569	0	0	3235236	509748	ABORT	0	0	0	0	0	0	0	3	14	16	19	0	0	0	0	0.00	
0.50	0.50	0.99	4	MOCC	20	437773.91	COMMIT	431437	2229066	0	0	1763555	371684	ABORT	31086	1743210	0	0	1446366	261317	28174	4	33	113	970	0	1	3	5	0.07	
0.50	0.50	0.99	8	MOCC	20	495806.64	COMMIT	237114	1221170	0	0	955771	212531	ABORT	30466	2793334	0	0	2520599	239464	25956	4	42	318	5490	0	2	5	10	0.10	
0.50	0.50	0.99	12	MOCC	20	538830.15	COMMIT	219233	1135846	0	0	884854	199597	ABORT	33164	2849412	0	0	2559640	253475	28329	4	51	884	8161	0	3	7	15	0.13	
0.50	0.50	0.99	16	MOCC	20	617862.85	COMMIT	184456	980782	0	0	752173	175490	ABORT	33697	3011681	0	0	2716119	256438	29582	5	61	1536	10205	0	3	9	20	0.16	
0.50	0.50	0.99	20	MOCC	20	697872.38	COMMIT	118499	636398	0	0	486186	122300	ABORT	31373	3392890	0	0	3122243	233732	28874	5	73	2359	12414	0	4	11	25	0.18	
0.50	0.50	0.99	24	MOCC	20	777780.61	COMMIT	123115	656857	0	0	500669	127675	ABORT	33765	3330790	0	0	3040273	250696	30928	5	85	3118	13644	0	4	13	29	0.20	
0.50	0.50	0.99	28	MOCC	20	856634.35	COMMIT	138627	739580	0	0	563439	143316	ABORT	37441	3246122	0	0	2925558	276608	33962	5	102	3784	15941	0	4	15	33	0.22	
0.50	0.50	0.99	32	MOCC	20	923670.34	COMMIT	130730	696088	0	0	528206	138103	ABORT	38545	3289598	0	0	2961421	282437	35449	5	115	4339	16464	0	5	17	38	0.24	
0.50	0.50	0.99	36	MOCC	20	998047.33	COMMIT	128317	698618	0	0	527749	137116	ABORT	39685	3381782	0	0	3040289	295024	35907	5	132	5018	17381	0	5	19	42	0.25	
