1 storage working thread
Rd	Wt	Zip	T	CC	TP	P50	P90	P99	P999	Abt
0.50	0.50	0.99	1	NO_WAIT	0	81392.27	5	36	43	53	625	0	0	0	0	0	0.00	0.00	
0.50	0.50	0.99	4	NO_WAIT	0	229066.42	4	28	42	122	1345	0	1	3	5	9	0.24	0.11	
0.50	0.50	0.99	8	NO_WAIT	0	87665.42	20	146	270	1764	5992	0	4	6	11	21	0.50	0.21	
0.50	0.50	0.99	12	NO_WAIT	0	141262.97	7	112	238	2094	6854	0	4	7	12	23	0.51	0.22	
0.50	0.50	0.99	16	NO_WAIT	0	79254.54	23	282	862	4697	13543	0	6	9	18	39	0.62	0.25	
0.50	0.50	0.99	20	NO_WAIT	0	41599.88	44	541	1886	8548	23309	0	7	11	26	60	0.69	0.29	
0.50	0.50	0.99	24	NO_WAIT	0	196421.72	7	79	231	3082	10364	0	5	7	14	32	0.55	0.25	
0.50	0.50	0.99	28	NO_WAIT	0	106774.31	19	258	1154	6655	19375	0	6	10	23	53	0.65	0.28	
0.50	0.50	0.99	32	NO_WAIT	0	22561.96	89	2013	6432	23828	66709	0	11	21	60	155	0.81	0.34	
0.50	0.50	0.99	1	WAIT_DIE	0	82487.71	5	37	49	101	188	0	0	0	0	0	0.00	0.00	
0.50	0.50	0.99	4	WAIT_DIE	0	151259.76	7	62	97	230	956	0	2	4	6	8	0.34	0.15	
0.50	0.50	0.99	8	WAIT_DIE	0	234122.44	7	91	151	371	1258	0	5	6	7	10	0.52	0.27	
0.50	0.50	0.99	12	WAIT_DIE	0	97369.86	22	344	660	1416	2512	0	7	8	10	12	0.63	0.31	
0.50	0.50	0.99	16	WAIT_DIE	0	250389.51	8	177	326	772	1517	0	6	7	9	10	0.62	0.34	
0.50	0.50	0.99	20	WAIT_DIE	0	203544.27	9	285	576	1521	2880	0	7	8	10	12	0.65	0.35	
0.50	0.50	0.99	24	WAIT_DIE	0	40621.40	85	2058	3422	6162	13904	0	11	13	17	32	0.77	0.38	
0.50	0.50	0.99	28	WAIT_DIE	0	39779.61	66	2266	3784	8954	23294	0	11	13	20	52	0.78	0.40	
0.50	0.50	0.99	32	WAIT_DIE	0	26568.15	57	2727	5272	17975	40087	0	12	16	41	79	0.81	0.40	
0.50	0.50	0.99	1	WOUND_WAIT	0	30847.03	6	90	150	274	537	0	0	0	0	0	0.00	0.00	
0.50	0.50	0.99	4	WOUND_WAIT	0	258131.37	6	43	59	102	616	0	0	0	1	3	0.03	0.03	
0.50	0.50	0.99	8	WOUND_WAIT	0	66648.13	47	364	496	832	1946	0	0	1	2	4	0.08	0.06	
0.50	0.50	0.99	12	WOUND_WAIT	0	224459.87	10	155	205	337	780	0	0	1	3	6	0.13	0.08	
0.50	0.50	0.99	16	WOUND_WAIT	0	84518.73	54	511	688	1199	2651	0	1	2	4	7	0.18	0.10	
0.50	0.50	0.99	20	WOUND_WAIT	0	70173.21	88	964	1316	2193	7300	0	1	2	5	8	0.22	0.12	
0.50	0.50	0.99	24	WOUND_WAIT	0	53174.55	98	1032	1425	3774	17916	0	1	2	6	9	0.25	0.13	
0.50	0.50	0.99	28	WOUND_WAIT	0	18616.46	276	2953	3826	14546	35986	0	1	3	7	11	0.29	0.14	
0.50	0.50	0.99	32	WOUND_WAIT	0	23330.65	159	2297	6540	20356	36973	0	1	3	7	11	0.31	0.15	
0.50	0.50	0.99	1	DLOCK	0	21681.22	17	114	195	364	872	0	0	0	0	0	0.00	0.00	
0.50	0.50	0.99	4	DLOCK	0	115872.72	10	86	127	240	679	0	0	0	1	6	0.03	0.02	
0.50	0.50	0.99	8	DLOCK	0	96056.04	31	230	350	669	1371	0	0	0	5	8	0.11	0.05	
0.50	0.50	0.99	12	DLOCK	0	213890.36	12	138	202	394	774	0	0	1	4	7	0.14	0.07	
0.50	0.50	0.99	16	DLOCK	0	351891.33	10	138	189	313	914	0	0	1	5	7	0.17	0.09	
0.50	0.50	0.99	20	DLOCK	0	124246.28	41	548	755	1228	2458	0	0	2	6	9	0.22	0.10	
0.50	0.50	0.99	24	DLOCK	0	327078.68	12	235	307	641	1609	0	1	2	6	9	0.23	0.11	
0.50	0.50	0.99	28	DLOCK	0	186319.06	20	475	647	2672	5192	0	1	3	7	10	0.27	0.11	
0.50	0.50	0.99	32	DLOCK	0	268088.86	14	408	518	872	2013	0	1	3	7	9	0.28	0.12	
0.50	0.50	0.99	1	HLOCK	0	21229.45	20	119	205	342	786	0	0	0	0	0	0.00	0.00	
0.50	0.50	0.99	4	HLOCK	0	83143.27	22	113	216	468	899	0	0	0	1	2	0.05	0.04	
0.50	0.50	0.99	8	HLOCK	0	271905.56	13	85	125	211	529	0	1	1	2	4	0.12	0.10	
0.50	0.50	0.99	12	HLOCK	0	257291.02	17	123	203	502	1030	0	1	2	3	5	0.21	0.17	
0.50	0.50	0.99	16	HLOCK	0	261317.91	18	163	266	510	997	0	2	3	5	7	0.30	0.22	
0.50	0.50	0.99	20	HLOCK	0	250226.20	23	245	409	707	1296	0	2	4	6	8	0.38	0.25	
0.50	0.50	0.99	24	HLOCK	0	194242.20	33	394	647	1070	1895	0	3	5	7	9	0.43	0.27	
0.50	0.50	0.99	28	HLOCK	0	177618.75	35	505	833	1312	2107	0	4	6	8	10	0.48	0.29	
0.50	0.50	0.99	32	HLOCK	0	61551.21	145	1808	2777	4046	11514	0	5	7	10	12	0.54	0.31	
0.50	0.50	0.99	1	SILO	0	63633.57	6	44	55	146	639	0	0	0	0	0	0.00	0.00	
0.50	0.50	0.99	4	SILO	0	131158.57	10	72	151	298	795	0	0	1	3	7	0.14	0.09	
0.50	0.50	0.99	8	SILO	0	55028.08	40	159	581	1841	8940	0	1	2	8	20	0.26	0.11	
0.50	0.50	0.99	12	SILO	0	64928.15	35	162	672	3478	14593	0	1	2	11	30	0.32	0.11	
0.50	0.50	0.99	16	SILO	0	91969.73	15	104	369	3061	15375	0	1	2	12	36	0.33	0.11	
0.50	0.50	0.99	20	SILO	0	33014.59	66	288	1408	11736	44266	0	1	3	20	68	0.46	0.11	
0.50	0.50	0.99	24	SILO	0	54215.08	42	239	1046	10362	39211	0	1	4	21	70	0.47	0.11	
0.50	0.50	0.99	28	SILO	0	184795.84	10	64	239	4121	18824	0	1	3	15	46	0.38	0.10	
0.50	0.50	0.99	32	SILO	0	174199.57	12	51	277	5353	23819	0	0	3	17	56	0.41	0.10	
4 storage working thread
0.50	0.50	0.99	1	NO_WAIT	0	64360.22	5	45	65	193	679	0	0	0	0	0	0.00	0.00	
0.50	0.50	0.99	4	NO_WAIT	0	173413.98	5	37	54	240	1892	0	1	3	6	11	0.28	0.12	
0.50	0.50	0.99	8	NO_WAIT	0	82619.57	10	171	347	1954	5910	0	5	7	12	21	0.52	0.19	
0.50	0.50	0.99	12	NO_WAIT	0	134668.03	7	119	266	2109	6780	0	5	7	12	23	0.52	0.21	
0.50	0.50	0.99	16	NO_WAIT	0	84190.60	10	273	832	4159	11108	0	7	9	17	34	0.61	0.23	
0.50	0.50	0.99	20	NO_WAIT	0	76649.25	24	353	1239	5573	14635	0	7	10	20	42	0.65	0.25	
0.50	0.50	0.99	24	NO_WAIT	0	89220.03	22	313	1210	5893	15774	0	7	10	21	46	0.65	0.26	
0.50	0.50	0.99	28	NO_WAIT	0	251059.51	6	67	193	3042	10691	0	4	7	14	33	0.55	0.25	
0.50	0.50	0.99	32	NO_WAIT	0	138047.60	6	104	440	5849	21862	0	5	8	20	56	0.61	0.25	
0.50	0.50	0.99	1	WAIT_DIE	0	86940.39	6	35	47	60	90	0	0	0	0	0	0.00	0.00	
0.50	0.50	0.99	4	WAIT_DIE	0	158811.41	7	67	110	256	1085	0	2	5	7	9	0.35	0.14	
0.50	0.50	0.99	8	WAIT_DIE	0	73032.97	21	294	499	1006	1772	0	7	8	9	11	0.58	0.25	
0.50	0.50	0.99	12	WAIT_DIE	0	242212.96	6	132	233	577	1334	0	6	7	8	10	0.58	0.31	
0.50	0.50	0.99	16	WAIT_DIE	0	258102.80	6	168	310	731	1439	0	6	7	9	10	0.61	0.33	
0.50	0.50	0.99	20	WAIT_DIE	0	122862.89	17	525	1020	2089	4878	0	8	9	11	15	0.68	0.34	
0.50	0.50	0.99	24	WAIT_DIE	0	58577.76	37	1349	2203	4049	13419	0	10	11	14	33	0.74	0.36	
0.50	0.50	0.99	28	WAIT_DIE	0	61696.66	32	1357	2365	6794	27560	0	10	12	17	57	0.75	0.37	
0.50	0.50	0.99	32	WAIT_DIE	0	25121.04	48	2589	5071	21689	59102	0	12	15	46	111	0.82	0.38	
0.50	0.50	0.99	1	WOUND_WAIT	0	37263.31	7	68	107	188	295	0	0	0	0	0	0.00	0.00	
0.50	0.50	0.99	4	WOUND_WAIT	0	167089.77	7	70	104	193	585	0	0	0	1	3	0.03	0.02	
0.50	0.50	0.99	8	WOUND_WAIT	0	248291.15	7	80	110	193	776	0	0	1	2	5	0.08	0.06	
0.50	0.50	0.99	12	WOUND_WAIT	0	301538.75	7	114	159	297	737	0	0	1	3	5	0.12	0.08	
0.50	0.50	0.99	16	WOUND_WAIT	0	56076.54	94	828	1051	1536	5941	0	0	1	4	7	0.16	0.10	
0.50	0.50	0.99	20	WOUND_WAIT	0	261686.79	8	208	264	431	2920	0	1	2	5	7	0.21	0.12	
0.50	0.50	0.99	24	WOUND_WAIT	0	248664.61	10	255	315	512	4285	0	1	3	6	8	0.25	0.13	
0.50	0.50	0.99	28	WOUND_WAIT	0	78018.07	34	526	938	10395	27197	0	1	3	6	9	0.27	0.14	
0.50	0.50	0.99	32	WOUND_WAIT	0	15822.22	152	3655	13161	27242	49669	0	1	3	8	13	0.32	0.15	
0.50	0.50	0.99	1	DLOCK	0	79776.15	6	36	48	65	97	0	0	0	0	0	0.00	0.00	
0.50	0.50	0.99	4	DLOCK	0	129199.88	8	96	144	294	633	0	0	0	1	7	0.04	0.02	
0.50	0.50	0.99	8	DLOCK	0	127889.77	22	184	275	547	1184	0	0	0	5	8	0.12	0.05	
0.50	0.50	0.99	12	DLOCK	0	182132.94	18	219	331	725	1532	0	0	1	6	8	0.16	0.07	
0.50	0.50	0.99	16	DLOCK	0	281147.00	8	189	271	471	963	0	0	1	5	8	0.18	0.08	
0.50	0.50	0.99	20	DLOCK	0	113630.43	48	630	877	1557	2687	0	0	2	7	10	0.23	0.09	
0.50	0.50	0.99	24	DLOCK	0	149068.00	35	576	806	1502	2728	0	1	2	7	10	0.25	0.10	
0.50	0.50	0.99	28	DLOCK	0	402239.61	8	237	308	523	1393	0	1	3	6	9	0.25	0.11	
0.50	0.50	0.99	32	DLOCK	0	152340.46	35	748	1091	1920	4068	0	1	3	8	11	0.30	0.12	
0.50	0.50	0.99	1	HLOCK	0	57817.21	7	51	63	147	617	0	0	0	0	0	0.00	0.00	
0.50	0.50	0.99	4	HLOCK	0	112975.69	12	99	151	245	364	0	0	0	1	2	0.05	0.04	
0.50	0.50	0.99	8	HLOCK	0	261497.45	9	77	118	224	738	0	1	1	2	5	0.12	0.10	
0.50	0.50	0.99	12	HLOCK	0	245539.28	21	145	213	352	647	0	1	2	3	5	0.20	0.16	
0.50	0.50	0.99	16	HLOCK	0	244616.92	28	204	303	541	869	0	2	2	4	6	0.28	0.21	
0.50	0.50	0.99	20	HLOCK	0	278548.94	26	229	322	497	891	0	2	3	6	7	0.36	0.25	
0.50	0.50	0.99	24	HLOCK	0	230952.06	36	344	476	711	1169	0	3	4	7	8	0.43	0.27	
0.50	0.50	0.99	28	HLOCK	0	355117.33	20	254	373	632	1135	0	4	5	7	8	0.47	0.29	
0.50	0.50	0.99	32	HLOCK	0	248803.27	38	462	671	1114	1977	0	4	6	8	9	0.51	0.31	
0.50	0.50	0.99	1	SILO	0	113899.11	5	29	37	63	580	0	0	0	0	0	0.00	0.00	
0.50	0.50	0.99	4	SILO	0	144312.33	9	66	125	239	752	0	0	1	2	5	0.12	0.09	
0.50	0.50	0.99	8	SILO	0	244902.32	6	42	84	257	2937	0	1	1	5	13	0.19	0.10	
0.50	0.50	0.99	12	SILO	0	238223.02	8	80	181	545	4610	0	1	2	6	16	0.24	0.13	
0.50	0.50	0.99	16	SILO	0	232745.03	9	106	229	744	6770	0	1	2	7	21	0.27	0.14	
0.50	0.50	0.99	20	SILO	0	228549.43	9	93	212	1417	10256	0	1	2	9	28	0.30	0.13	
0.50	0.50	0.99	24	SILO	0	187266.53	12	129	312	2190	12924	0	1	2	10	33	0.34	0.15	
0.50	0.50	0.99	28	SILO	0	336092.60	7	59	139	1706	12408	0	1	2	10	34	0.32	0.12	
0.50	0.50	0.99	32	SILO	0	224592.57	9	98	244	2908	16537	0	1	3	12	41	0.37	0.14	
the number of storage working threads is equal to the TX threads
0.50	0.50	0.99	1	NO_WAIT	0	85304.28	5	33	42	89	186	0	0	0	0	0	0.00	0.00	
0.50	0.50	0.99	4	NO_WAIT	0	95977.61	7	85	145	466	2276	0	2	5	8	12	0.37	0.13	
0.50	0.50	0.99	8	NO_WAIT	0	98977.87	9	129	248	1545	5020	0	5	7	11	19	0.49	0.19	
0.50	0.50	0.99	12	NO_WAIT	0	213892.95	6	54	110	1333	5418	0	4	5	10	20	0.47	0.21	
0.50	0.50	0.99	16	NO_WAIT	0	134542.42	7	136	320	2835	8596	0	5	7	14	28	0.56	0.22	
0.50	0.50	0.99	20	NO_WAIT	0	204048.91	6	67	168	2492	8700	0	4	6	13	28	0.53	0.24	
0.50	0.50	0.99	24	NO_WAIT	0	204248.44	6	76	227	3182	11539	0	5	7	15	34	0.55	0.25	
0.50	0.50	0.99	28	NO_WAIT	0	210243.62	7	81	270	3712	13659	0	5	7	16	39	0.57	0.26	
0.50	0.50	0.99	32	NO_WAIT	0	33543.48	39	1209	4286	19714	47252	0	10	17	52	116	0.78	0.28	
0.50	0.50	0.99	1	WAIT_DIE	0	56637.55	6	55	72	214	413	0	0	0	0	0	0.00	0.00	
0.50	0.50	0.99	4	WAIT_DIE	0	146000.76	7	60	90	193	918	0	2	4	6	8	0.33	0.15	
0.50	0.50	0.99	8	WAIT_DIE	0	248626.67	7	88	144	307	1109	0	5	6	7	9	0.51	0.26	
0.50	0.50	0.99	12	WAIT_DIE	0	244002.61	6	134	237	610	1418	0	6	7	8	10	0.58	0.31	
0.50	0.50	0.99	16	WAIT_DIE	0	135674.53	11	373	688	1442	2442	0	7	8	10	12	0.66	0.32	
0.50	0.50	0.99	20	WAIT_DIE	0	56597.71	35	1222	2024	4040	16988	0	9	11	14	41	0.73	0.34	
0.50	0.50	0.99	24	WAIT_DIE	0	26526.19	54	2162	3876	15239	29136	0	11	14	38	70	0.79	0.36	
0.50	0.50	0.99	28	WAIT_DIE	0	29798.01	82	2993	4954	12729	28268	0	13	16	30	59	0.81	0.38	
0.50	0.50	0.99	32	WAIT_DIE	0	16095.18	8	2489	13405	38248	76840	0	10	26	73	147	0.83	0.35	
0.50	0.50	0.99	1	WOUND_WAIT	0	55781.47	6	45	73	117	186	0	0	0	0	0	0.00	0.00	
0.50	0.50	0.99	4	WOUND_WAIT	0	207381.10	6	45	69	143	394	0	0	0	1	3	0.04	0.03	
0.50	0.50	0.99	8	WOUND_WAIT	0	83799.74	27	300	422	680	1051	0	0	1	2	4	0.07	0.06	
0.50	0.50	0.99	12	WOUND_WAIT	0	136270.03	26	274	389	793	1605	0	0	1	3	6	0.12	0.08	
0.50	0.50	0.99	16	WOUND_WAIT	0	59150.92	74	811	1084	1847	12319	0	0	1	4	7	0.16	0.10	
0.50	0.50	0.99	20	WOUND_WAIT	0	38097.52	104	1152	1679	10506	27542	0	1	2	5	8	0.21	0.11	
0.50	0.50	0.99	24	WOUND_WAIT	0	37720.22	112	1323	2046	14690	30651	0	1	2	6	9	0.24	0.13	
0.50	0.50	0.99	28	WOUND_WAIT	0	82820.28	18	375	620	11205	35788	0	1	3	6	9	0.28	0.14	
0.50	0.50	0.99	32	WOUND_WAIT	0	5369.74	463	20269	28395	46579	64129	0	1	3	8	16	0.31	0.14	
0.50	0.50	0.99	1	DLOCK	0	63529.48	6	47	73	197	420	0	0	0	0	0	0.00	0.00	
0.50	0.50	0.99	4	DLOCK	0	202941.75	7	52	78	154	538	0	0	0	1	5	0.03	0.02	
0.50	0.50	0.99	8	DLOCK	0	219409.74	7	91	142	334	802	0	0	0	4	7	0.10	0.05	
0.50	0.50	0.99	12	DLOCK	0	241036.69	8	147	222	453	1068	0	0	1	5	8	0.15	0.07	
0.50	0.50	0.99	16	DLOCK	0	387619.53	7	121	171	328	770	0	0	1	5	8	0.17	0.09	
0.50	0.50	0.99	20	DLOCK	0	151106.51	26	469	693	1255	2491	0	0	2	7	10	0.23	0.09	
0.50	0.50	0.99	24	DLOCK	0	107445.21	44	768	1145	2290	6624	0	1	3	8	11	0.27	0.10	
0.50	0.50	0.99	28	DLOCK	0	415392.07	7	217	284	482	2152	0	1	3	6	9	0.25	0.11	
0.50	0.50	0.99	32	DLOCK	0	103754.19	50	1079	1519	2605	12544	0	1	4	9	12	0.32	0.12	
0.50	0.50	0.99	1	HLOCK	0	104477.01	5	28	41	59	607	0	0	0	0	0	0.00	0.00	
0.50	0.50	0.99	4	HLOCK	0	215239.33	8	39	70	122	687	0	0	0	1	4	0.06	0.04	
0.50	0.50	0.99	8	HLOCK	0	300769.24	10	53	83	152	767	0	0	1	2	7	0.13	0.10	
0.50	0.50	0.99	12	HLOCK	0	410590.07	8	62	92	169	1249	0	1	2	3	8	0.20	0.14	
0.50	0.50	0.99	16	HLOCK	0	483165.18	9	75	113	195	1192	0	1	3	5	8	0.28	0.20	
0.50	0.50	0.99	20	HLOCK	0	355959.35	13	167	236	398	980	0	2	3	5	7	0.35	0.24	
0.50	0.50	0.99	24	HLOCK	0	335263.64	15	218	303	469	810	0	3	4	6	8	0.42	0.27	
0.50	0.50	0.99	28	HLOCK	0	402855.10	12	214	317	521	1014	0	4	6	7	9	0.49	0.29	
0.50	0.50	0.99	32	HLOCK	0	220532.27	46	389	543	909	10279	0	4	6	8	9	0.50	0.30	
0.50	0.50	0.99	1	SILO	0	74824.90	5	33	56	98	151	0	0	0	0	0	0.00	0.00	
0.50	0.50	0.99	4	SILO	0	126589.30	9	65	137	241	608	0	0	1	2	5	0.12	0.10	
0.50	0.50	0.99	8	SILO	0	249298.23	5	35	71	204	2476	0	0	1	4	12	0.18	0.10	
0.50	0.50	0.99	12	SILO	0	310498.62	8	82	151	367	3282	0	1	2	5	14	0.23	0.14	
0.50	0.50	0.99	16	SILO	0	326671.93	6	29	81	477	7331	0	1	2	7	23	0.24	0.11	
0.50	0.50	0.99	20	SILO	0	331079.64	7	58	121	794	8755	0	1	2	8	27	0.28	0.12	
0.50	0.50	0.99	24	SILO	0	301759.74	8	88	172	849	10005	0	1	2	8	29	0.31	0.15	
0.50	0.50	0.99	28	SILO	0	308555.74	8	87	177	1393	12148	0	1	2	9	33	0.32	0.14	
0.50	0.50	0.99	32	SILO	0	297587.36	9	129	248	1523	13205	0	1	2	10	35	0.34	0.16	
