Rd	Wt	Zip	T	CC	TP	P50	P90	P99	P999	Abt
0.50	0.50	0.99	1	WOUND_WAIT	0	41529.21	18	47	53	76	103	0	0	0	0	0	0.00	0.00	
0.50	0.50	0.99	4	WOUND_WAIT	0	114414.78	28	60	73	101	142	0	1	1	2	3	0.11	0.10	
0.50	0.50	0.99	8	WOUND_WAIT	0	126674.06	59	113	131	173	241	0	2	2	4	5	0.30	0.28	
0.50	0.50	0.99	12	WOUND_WAIT	0	127171.18	95	162	185	237	365	0	3	3	5	7	0.44	0.40	
0.50	0.50	0.99	16	WOUND_WAIT	0	126426.67	129	206	232	298	609	0	3	4	6	8	0.53	0.48	
0.50	0.50	0.99	20	WOUND_WAIT	0	80783.56	249	416	482	757	2143	1	4	6	7	9	0.60	0.54	
0.50	0.50	0.99	24	WOUND_WAIT	0	67823.20	356	603	715	1083	3239	1	5	6	8	10	0.65	0.59	
0.50	0.50	0.99	28	WOUND_WAIT	0	62190.65	455	804	974	1478	5720	1	6	7	9	11	0.68	0.62	
0.50	0.50	0.99	32	WOUND_WAIT	0	60104.76	542	984	1192	1732	4000	2	7	8	9	11	0.71	0.65	
0.50	0.50	0.99	36	WOUND_WAIT	0	52410.97	701	1311	1570	2206	5137	2	7	8	10	12	0.73	0.67	
0.50	0.50	0.99	40	WOUND_WAIT	0	44884.06	900	1671	1966	2747	6328	2	8	9	10	13	0.75	0.69	
0.50	0.50	0.99	44	WOUND_WAIT	0	41928.14	1056	1983	2318	3155	7862	2	8	9	11	14	0.77	0.71	
0.50	0.50	0.99	48	WOUND_WAIT	0	37783.74	1285	2343	2706	3674	8465	3	9	10	11	14	0.78	0.73	
0.50	0.50	0.99	52	WOUND_WAIT	0	33778.14	1571	3048	3569	4659	8553	3	9	10	12	16	0.79	0.74	
0.50	0.50	0.99	56	WOUND_WAIT	0	31272.24	1846	3294	3739	4858	8438	3	9	11	13	16	0.80	0.75	
0.50	0.50	0.99	60	WOUND_WAIT	0	28838.74	2180	4173	5017	6584	9950	3	10	11	14	17	0.81	0.76	
0.50	0.50	0.99	64	WOUND_WAIT	0	28987.86	2328	4291	4977	6245	7815	4	10	11	14	17	0.82	0.77	
0.50	0.50	0.99	1	DLOCK	0	40968.62	18	50	59	82	116	0	0	0	0	0	0.00	0.00	
0.50	0.50	0.99	4	DLOCK	0	148026.78	21	48	59	86	132	0	0	0	1	4	0.05	0.04	
0.50	0.50	0.99	8	DLOCK	0	224396.02	27	67	81	112	162	0	1	1	3	5	0.16	0.14	
0.50	0.50	0.99	12	DLOCK	0	246881.60	35	99	117	156	219	0	1	2	4	6	0.27	0.22	
0.50	0.50	0.99	16	DLOCK	0	250533.50	46	135	157	206	301	0	2	3	5	7	0.35	0.27	
0.50	0.50	0.99	20	DLOCK	0	196118.34	79	227	273	400	890	0	3	4	6	8	0.42	0.32	
0.50	0.50	0.99	24	DLOCK	0	173991.33	111	317	387	622	1507	0	3	5	7	9	0.48	0.35	
0.50	0.50	0.99	28	DLOCK	0	171177.83	135	387	483	781	1507	0	4	6	8	10	0.51	0.37	
0.50	0.50	0.99	32	DLOCK	0	173057.50	153	444	563	945	1690	0	4	6	8	10	0.54	0.40	
0.50	0.50	0.99	36	DLOCK	0	156373.69	192	562	736	1222	2307	0	5	7	9	11	0.57	0.42	
0.50	0.50	0.99	40	DLOCK	0	143080.33	232	693	918	1490	2746	0	5	7	9	11	0.60	0.43	
0.50	0.50	0.99	44	DLOCK	0	128785.53	287	872	1142	1858	3399	0	6	8	10	12	0.62	0.45	
0.50	0.50	0.99	48	DLOCK	0	128467.40	316	953	1265	2226	3973	0	6	8	10	13	0.63	0.46	
0.50	0.50	0.99	52	DLOCK	0	118266.00	369	1149	1505	2410	4050	0	7	8	10	13	0.65	0.47	
0.50	0.50	0.99	56	DLOCK	0	116886.49	401	1259	1670	2693	4700	0	7	9	11	14	0.66	0.49	
0.50	0.50	0.99	60	DLOCK	0	107538.26	467	1455	1895	2978	5315	0	8	9	11	14	0.67	0.50	
0.50	0.50	0.99	64	DLOCK	0	105110.98	516	1597	2117	3566	5656	1	8	9	12	15	0.69	0.51	
0.50	0.50	0.99	1	SILO	0	48306.13	17	36	40	56	73	0	0	0	0	0	0.00	0.00	
0.50	0.50	0.99	4	SILO	0	146794.94	24	44	53	76	153	0	2	2	3	6	0.35	0.40	
0.50	0.50	0.99	8	SILO	0	216176.55	26	54	71	163	1206	1	3	4	6	10	0.50	0.56	
0.50	0.50	0.99	12	SILO	0	250221.24	27	61	88	388	2466	1	3	5	8	14	0.56	0.61	
0.50	0.50	0.99	16	SILO	0	270076.02	28	68	108	810	3296	1	4	5	9	17	0.59	0.64	
0.50	0.50	0.99	20	SILO	0	262493.14	33	88	142	1167	4237	1	4	6	10	19	0.62	0.67	
0.50	0.50	0.99	24	SILO	0	261533.47	38	108	177	1509	4841	1	4	6	11	21	0.63	0.69	
0.50	0.50	0.99	28	SILO	0	264185.90	42	124	212	1792	5642	1	4	6	12	23	0.65	0.71	
0.50	0.50	0.99	32	SILO	0	268691.14	44	136	250	2092	6250	1	5	7	13	25	0.66	0.72	
0.50	0.50	0.99	36	SILO	0	268073.26	47	152	298	2399	6964	1	5	7	14	27	0.67	0.73	
0.50	0.50	0.99	40	SILO	0	272402.04	48	167	345	2702	7800	1	5	7	15	30	0.68	0.74	
0.50	0.50	0.99	44	SILO	0	199346.01	56	189	403	2946	8452	1	5	8	15	31	0.69	0.76	
0.50	0.50	0.99	48	SILO	0	274742.02	52	193	472	3223	9031	1	5	8	16	34	0.70	0.75	
0.50	0.50	0.99	52	SILO	0	270397.57	59	219	538	3447	9715	1	6	8	17	36	0.70	0.77	
0.50	0.50	0.99	56	SILO	0	270564.81	63	247	620	3752	10286	1	6	8	18	37	0.71	0.77	
0.50	0.50	0.99	60	SILO	0	271427.59	66	264	702	3975	11005	1	6	9	18	39	0.72	0.78	
0.50	0.50	0.99	64	SILO	0	277646.31	61	268	799	4241	11817	1	6	9	19	42	0.72	0.78	
0.50	0.50	0.99	1	WOUND_WAIT	0	29347.16	26	58	66	92	123	0	0	0	0	0	0.00	0.00	
0.50	0.50	0.99	4	WOUND_WAIT	0	80666.33	43	87	103	138	190	0	1	1	2	3	0.11	0.11	
0.50	0.50	0.99	8	WOUND_WAIT	0	91668.06	81	149	171	219	313	0	2	2	4	6	0.31	0.28	
0.50	0.50	0.99	12	WOUND_WAIT	0	92294.60	132	220	248	318	569	0	3	4	5	7	0.45	0.40	
0.50	0.50	0.99	16	WOUND_WAIT	0	91385.20	182	286	321	413	1058	0	4	5	6	8	0.54	0.49	
0.50	0.50	0.99	20	WOUND_WAIT	0	63913.62	318	518	594	880	2409	1	5	6	8	9	0.61	0.54	
0.50	0.50	0.99	24	WOUND_WAIT	0	55232.78	446	737	868	1296	3560	1	5	7	8	10	0.65	0.59	
0.50	0.50	0.99	28	WOUND_WAIT	0	51175.83	569	966	1153	1662	4207	1	6	7	9	11	0.69	0.62	
0.50	0.50	0.99	32	WOUND_WAIT	0	48064.86	693	1171	1376	1939	5430	2	7	8	9	12	0.71	0.65	
0.50	0.50	0.99	36	WOUND_WAIT	0	41649.59	881	1534	1799	2562	6756	2	7	8	10	13	0.74	0.68	
0.50	0.50	0.99	40	WOUND_WAIT	0	36278.31	1144	1965	2301	3158	7295	2	8	9	11	14	0.76	0.70	
0.50	0.50	0.99	44	WOUND_WAIT	0	34867.36	1302	2366	2777	3702	7207	2	8	9	11	14	0.77	0.71	
0.50	0.50	0.99	48	WOUND_WAIT	0	30997.22	1590	2657	3046	4119	7913	3	9	10	12	15	0.78	0.73	
0.50	0.50	0.99	52	WOUND_WAIT	0	30379.01	1792	3328	3979	5265	8321	3	9	10	13	16	0.80	0.74	
0.50	0.50	0.99	56	WOUND_WAIT	0	27245.69	2124	3699	4202	5399	9236	3	10	11	13	17	0.81	0.76	
0.50	0.50	0.99	60	WOUND_WAIT	0	25441.98	2482	3989	4480	5588	8230	3	10	11	14	17	0.81	0.76	
0.50	0.50	0.99	64	WOUND_WAIT	0	24344.82	2785	4857	5600	6943	8600	4	11	12	14	18	0.82	0.77	
0.50	0.50	0.99	1	DLOCK	0	31729.35	25	56	65	88	119	0	0	0	0	0	0.00	0.00	
0.50	0.50	0.99	4	DLOCK	0	109331.12	29	60	71	98	141	0	0	0	1	3	0.05	0.04	
0.50	0.50	0.99	8	DLOCK	0	168894.34	36	88	105	142	199	0	1	1	2	5	0.16	0.14	
0.50	0.50	0.99	12	DLOCK	0	180378.27	48	136	159	207	289	0	1	2	4	6	0.27	0.22	
0.50	0.50	0.99	16	DLOCK	0	185363.17	64	183	213	277	425	0	2	3	5	7	0.36	0.28	
0.50	0.50	0.99	20	DLOCK	0	153793.96	102	290	345	499	1154	0	3	4	7	8	0.43	0.32	
0.50	0.50	0.99	24	DLOCK	0	135486.94	142	402	483	716	1521	0	3	5	7	9	0.48	0.35	
0.50	0.50	0.99	28	DLOCK	0	128173.18	177	502	611	939	1946	0	4	6	8	10	0.52	0.38	
0.50	0.50	0.99	32	DLOCK	0	134745.41	197	562	695	1102	2106	0	4	6	8	10	0.55	0.40	
0.50	0.50	0.99	36	DLOCK	0	125552.22	239	694	872	1377	2559	0	5	7	9	11	0.58	0.42	
0.50	0.50	0.99	40	DLOCK	0	115421.06	290	855	1088	1701	3264	0	6	8	9	12	0.60	0.43	
0.50	0.50	0.99	44	DLOCK	0	107315.78	344	1017	1287	1955	3833	0	6	8	10	12	0.62	0.45	
0.50	0.50	0.99	48	DLOCK	0	110599.90	375	1095	1415	2404	3704	0	7	8	10	13	0.64	0.46	
0.50	0.50	0.99	52	DLOCK	0	99947.64	445	1324	1688	2582	4019	0	7	9	11	14	0.65	0.48	
0.50	0.50	0.99	56	DLOCK	0	93632.29	520	1541	2006	3294	5666	0	7	9	11	15	0.67	0.49	
0.50	0.50	0.99	60	DLOCK	0	85591.70	604	1788	2295	3438	5883	0	8	9	12	15	0.68	0.50	
0.50	0.50	0.99	64	DLOCK	0	86321.14	635	1921	2491	3750	5900	1	8	10	12	16	0.69	0.51	
0.50	0.50	0.99	1	SILO	0	30843.85	26	49	56	74	100	0	0	0	0	0	0.00	0.00	
0.50	0.50	0.99	4	SILO	0	101957.52	32	63	76	115	305	0	2	2	4	7	0.37	0.39	
0.50	0.50	0.99	8	SILO	0	140395.68	38	82	113	347	2168	1	3	4	7	13	0.52	0.53	
0.50	0.50	0.99	12	SILO	0	157031.87	40	99	150	926	3545	1	4	5	9	17	0.58	0.58	
0.50	0.50	0.99	16	SILO	0	168436.05	41	111	191	1469	4813	1	4	6	11	21	0.61	0.60	
0.50	0.50	0.99	20	SILO	0	167765.47	47	140	244	1931	5861	1	4	6	12	23	0.63	0.64	
0.50	0.50	0.99	24	SILO	0	169200.26	55	162	316	2350	6606	1	5	7	13	26	0.65	0.67	
0.50	0.50	0.99	28	SILO	0	171628.98	63	185	379	2724	7514	1	5	7	15	29	0.67	0.69	
0.50	0.50	0.99	32	SILO	0	175316.37	64	201	483	3121	8589	1	5	8	16	31	0.68	0.69	
0.50	0.50	0.99	36	SILO	0	176567.54	67	225	598	3514	9396	1	6	8	17	34	0.69	0.71	
0.50	0.50	0.99	40	SILO	0	177530.70	71	246	703	3878	10456	1	6	9	18	37	0.70	0.72	
0.50	0.50	0.99	44	SILO	0	179942.23	75	277	892	4211	10906	1	6	9	19	38	0.71	0.73	
0.50	0.50	0.99	48	SILO	0	181136.54	79	305	1012	4504	11819	1	6	9	20	41	0.72	0.74	
0.50	0.50	0.99	52	SILO	0	180812.32	84	325	1132	4845	12834	1	7	10	21	44	0.73	0.75	
0.50	0.50	0.99	56	SILO	0	182692.75	86	360	1259	5187	13940	1	7	10	22	48	0.73	0.75	
0.50	0.50	0.99	60	SILO	0	184475.57	86	379	1384	5537	14941	1	7	11	23	51	0.74	0.76	
0.50	0.50	0.99	64	SILO	0	187328.83	84	396	1515	5930	15961	1	7	11	24	53	0.75	0.75	
0.50	0.50	0.99	1	WOUND_WAIT	0	21775.24	39	70	76	103	134	0	0	0	0	0	0.00	0.00	
0.50	0.50	0.99	4	WOUND_WAIT	0	54834.87	65	122	142	185	255	0	1	1	2	3	0.11	0.11	
0.50	0.50	0.99	8	WOUND_WAIT	0	61758.19	124	223	252	318	481	0	2	2	4	6	0.31	0.28	
0.50	0.50	0.99	12	WOUND_WAIT	0	61567.34	198	325	366	468	919	0	3	4	6	8	0.46	0.40	
0.50	0.50	0.99	16	WOUND_WAIT	0	58369.00	286	449	501	646	1859	0	4	5	7	9	0.55	0.49	
0.50	0.50	0.99	20	WOUND_WAIT	0	44952.56	456	718	818	1186	3224	1	5	6	8	10	0.61	0.54	
0.50	0.50	0.99	24	WOUND_WAIT	0	37594.65	664	1031	1181	1652	5914	1	6	7	9	11	0.66	0.59	
0.50	0.50	0.99	28	WOUND_WAIT	0	36984.81	788	1235	1431	2111	6510	1	7	8	10	12	0.70	0.62	
0.50	0.50	0.99	32	WOUND_WAIT	0	36428.79	915	1484	1705	2349	6460	2	7	8	10	12	0.72	0.65	
0.50	0.50	0.99	36	WOUND_WAIT	0	31947.30	1173	1932	2243	3093	6287	2	8	9	11	13	0.75	0.68	
0.50	0.50	0.99	40	WOUND_WAIT	0	26381.02	1581	2411	2726	3553	8010	2	8	9	11	14	0.76	0.70	
0.50	0.50	0.99	44	WOUND_WAIT	0	25534.34	1800	2781	3144	4140	8090	2	9	10	12	15	0.78	0.71	
0.50	0.50	0.99	48	WOUND_WAIT	0	22750.17	2205	3372	3783	4890	8258	3	9	10	13	16	0.79	0.73	
0.50	0.50	0.99	52	WOUND_WAIT	0	24537.66	2265	3875	4477	5850	9544	3	10	11	13	17	0.80	0.75	
0.50	0.50	0.99	56	WOUND_WAIT	0	23924.02	2496	4069	4611	5932	8641	3	10	11	14	17	0.81	0.75	
0.50	0.50	0.99	60	WOUND_WAIT	0	22308.63	2868	4631	5225	6556	10293	4	10	12	14	18	0.82	0.76	
0.50	0.50	0.99	64	WOUND_WAIT	0	20429.90	3322	5267	5886	7314	11002	4	11	12	15	19	0.82	0.77	
0.50	0.50	0.99	1	DLOCK	0	18194.94	44	81	91	121	163	0	0	0	0	0	0.00	0.00	
0.50	0.50	0.99	4	DLOCK	0	71934.16	45	84	98	131	182	0	0	0	1	2	0.05	0.04	
0.50	0.50	0.99	8	DLOCK	0	111950.68	54	132	158	209	281	0	1	1	2	5	0.16	0.14	
0.50	0.50	0.99	12	DLOCK	0	120113.53	73	204	238	305	414	0	1	2	4	7	0.27	0.22	
0.50	0.50	0.99	16	DLOCK	0	122467.18	94	276	318	406	618	0	2	3	6	8	0.36	0.28	
0.50	0.50	0.99	20	DLOCK	0	105712.33	147	415	490	682	1540	0	3	4	7	9	0.43	0.32	
0.50	0.50	0.99	24	DLOCK	0	99817.85	191	537	635	905	1950	0	3	5	8	9	0.48	0.35	
0.50	0.50	0.99	28	DLOCK	0	97261.63	234	654	780	1146	2156	0	4	6	8	10	0.52	0.38	
0.50	0.50	0.99	32	DLOCK	0	95518.31	277	772	929	1368	2236	0	5	7	9	11	0.56	0.40	
0.50	0.50	0.99	36	DLOCK	0	88913.90	340	957	1166	1688	2995	0	5	7	9	11	0.59	0.42	
0.50	0.50	0.99	40	DLOCK	0	84560.84	402	1136	1390	2006	3950	0	6	8	10	12	0.61	0.44	
0.50	0.50	0.99	44	DLOCK	0	81392.35	464	1299	1605	2312	5655	0	6	8	10	13	0.63	0.45	
0.50	0.50	0.99	48	DLOCK	0	82566.42	505	1435	1783	2682	4392	0	7	9	11	13	0.64	0.47	
0.50	0.50	0.99	52	DLOCK	0	76773.29	598	1689	2102	3242	4967	0	7	9	11	14	0.66	0.48	
0.50	0.50	0.99	56	DLOCK	0	75237.47	657	1857	2339	3571	5537	0	8	9	12	15	0.67	0.49	
0.50	0.50	0.99	60	DLOCK	0	71197.07	745	2079	2604	3800	5665	0	8	10	12	16	0.69	0.50	
0.50	0.50	0.99	64	DLOCK	0	69805.30	806	2233	2701	3894	6148	1	8	10	12	16	0.70	0.51	
0.50	0.50	0.99	1	SILO	0	23053.96	38	59	65	81	103	0	0	0	0	0	0.00	0.00	
0.50	0.50	0.99	4	SILO	0	61707.28	50	103	131	221	673	0	2	3	5	8	0.38	0.38	
0.50	0.50	0.99	8	SILO	0	82636.22	62	142	213	772	3309	1	3	5	9	16	0.53	0.50	
0.50	0.50	0.99	12	SILO	0	92053.62	65	178	291	1723	5443	1	4	6	11	22	0.59	0.55	
0.50	0.50	0.99	16	SILO	0	97273.54	67	211	391	2503	7040	1	5	7	13	27	0.63	0.57	
0.50	0.50	0.99	20	SILO	0	98926.33	73	245	520	3130	8233	1	5	8	15	30	0.66	0.61	
0.50	0.50	0.99	24	SILO	0	100691.11	93	290	694	3599	9729	1	6	8	16	34	0.68	0.65	
0.50	0.50	0.99	28	SILO	0	103305.53	95	320	923	4319	10796	1	6	9	18	37	0.70	0.66	
0.50	0.50	0.99	32	SILO	0	105019.59	100	357	1163	4783	12392	1	6	10	20	41	0.71	0.68	
0.50	0.50	0.99	36	SILO	0	106641.82	105	405	1368	5380	13593	1	7	10	21	45	0.72	0.69	
0.50	0.50	0.99	40	SILO	0	107816.68	106	449	1560	5946	15338	1	7	11	23	50	0.73	0.70	
0.50	0.50	0.99	44	SILO	0	108628.57	115	492	1763	6398	16293	1	7	11	24	53	0.74	0.71	
0.50	0.50	0.99	48	SILO	0	110289.22	121	562	1936	6926	17597	1	8	12	26	56	0.75	0.72	
0.50	0.50	0.99	52	SILO	0	110466.66	133	620	2131	7309	19255	1	8	12	27	61	0.76	0.73	
0.50	0.50	0.99	56	SILO	0	111184.16	137	696	2320	7919	20678	1	8	13	28	65	0.77	0.74	
0.50	0.50	0.99	60	SILO	0	112376.62	143	769	2491	8331	21346	1	8	13	30	68	0.77	0.75	
0.50	0.50	0.99	64	SILO	0	113568.39	141	824	2653	8863	24113	1	9	14	31	74	0.78	0.75	
