bimodal, log1
Rd	Wt	Zip	T	CC	TP	P50	P90	P99	P999	Abt
0.50	0.50	0.99	1	MOCC	0	39512.77	COMMIT	149028	3994225	0	0	0	0	ABORT	0	0	0	0	0	0	0	10	157	273	299	0	0	0	0	0.00	
0.50	0.50	0.99	2	MOCC	0	56418.34	COMMIT	110824	3327390	0	0	0	0	ABORT	22593	665968	0	0	100143	0	0	16	267	446	621	0	4	6	8	0.17	
0.50	0.50	0.99	4	MOCC	0	81558.67	COMMIT	81839	2392886	0	0	0	0	ABORT	45204	1599189	0	0	451809	0	0	22	402	1133	2347	0	6	9	12	0.36	
0.50	0.50	0.99	8	MOCC	0	100892.25	COMMIT	51842	1517974	0	0	0	0	ABORT	52207	2473054	0	0	1200004	0	0	26	984	3004	5266	0	9	14	19	0.51	
0.50	0.50	0.99	12	MOCC	0	109052.79	COMMIT	36370	1062452	0	0	0	0	ABORT	47454	2931480	0	0	1738509	0	0	28	1714	4454	7193	0	11	17	24	0.57	
0.50	0.50	0.99	16	MOCC	0	112218.75	COMMIT	27412	830861	0	0	0	0	ABORT	42511	3160844	0	0	2100014	0	0	29	2461	5726	9162	0	13	20	28	0.61	
0.50	0.50	0.99	20	MOCC	0	110759.84	COMMIT	21249	683955	0	0	0	0	ABORT	37708	3309203	0	0	2241517	0	0	31	3110	6868	11061	0	14	23	32	0.64	
0.50	0.50	0.99	24	MOCC	0	110937.37	COMMIT	18573	603441	0	0	0	0	ABORT	35302	3390232	0	0	2409018	0	0	33	3775	8095	13596	0	16	25	36	0.66	
0.50	0.50	0.99	28	MOCC	0	111818.59	COMMIT	15821	515725	0	0	0	0	ABORT	32700	3477587	0	0	2489474	0	0	34	4313	9356	17094	1	17	27	39	0.68	
0.50	0.50	0.99	32	MOCC	0	111064.64	COMMIT	13258	434516	0	0	0	0	ABORT	30432	3559863	0	0	2528127	0	0	35	4862	11197	21605	1	18	31	44	0.69	
0.50	0.50	0.99	36	MOCC	0	104766.81	COMMIT	12223	423406	0	0	0	0	ABORT	28401	3568458	0	0	2493767	0	0	39	5582	13354	27998	1	19	32	47	0.70	
bimodal, log2
Rd	Wt	Zip	T	CC	TP	P50	P90	P99	P999	Abt
0.50	0.50	0.99	1	MOCC	0	45074.81	COMMIT	171578	3993033	0	0	0	0	ABORT	0	0	0	0	0	0	0	9	154	234	259	0	0	0	0	0.00	
0.50	0.50	0.99	2	MOCC	0	59236.13	COMMIT	117152	3058399	0	0	0	0	ABORT	24735	934575	0	0	110798	0	0	14	274	490	752	0	4	6	8	0.18	
0.50	0.50	0.99	4	MOCC	0	78129.87	COMMIT	78053	2021222	0	0	0	0	ABORT	44495	1970293	0	0	593507	0	0	19	469	1551	3332	0	6	10	15	0.36	
0.50	0.50	0.99	8	MOCC	0	90986.30	COMMIT	44662	1158343	0	0	0	0	ABORT	44969	2832528	0	0	1453497	0	0	21	1263	3954	7195	0	10	16	22	0.50	
0.50	0.50	0.99	12	MOCC	0	97074.80	COMMIT	31143	804348	0	0	0	0	ABORT	40533	3190208	0	0	1934070	0	0	22	2182	5612	9666	0	12	20	28	0.56	
0.50	0.50	0.99	16	MOCC	0	98181.05	COMMIT	23442	627092	0	0	0	0	ABORT	36625	3363681	0	0	2220118	0	0	23	2994	7274	13446	0	14	23	35	0.60	
0.50	0.50	0.99	20	MOCC	0	98121.11	COMMIT	18161	497561	0	0	0	0	ABORT	31961	3494853	0	0	2384763	0	0	24	3733	8824	17946	0	15	27	40	0.63	
0.50	0.50	0.99	24	MOCC	0	97225.99	COMMIT	14415	407672	0	0	0	0	ABORT	29430	3584503	0	0	2547687	0	0	26	4476	10737	24412	0	17	30	50	0.66	
0.50	0.50	0.99	28	MOCC	0	96498.48	COMMIT	12505	353837	0	0	0	0	ABORT	27242	3638379	0	0	2606420	0	0	26	5220	12099	31862	0	19	33	56	0.67	
0.50	0.50	0.99	32	MOCC	0	101326.69	COMMIT	11400	321802	0	0	0	0	ABORT	26142	3670995	0	0	2689831	0	0	26	5700	12926	34627	0	20	36	62	0.69	
0.50	0.50	0.99	36	MOCC	0	101111.36	COMMIT	9578	267486	0	0	0	0	ABORT	24138	3725051	0	0	2782327	0	0	27	6231	14356	44113	0	21	38	72	0.70	
