w/o log
	T	CC	TP	P50	P90	P99	P999	Abt
TPCC	MOCC	1	78432.65	COMMIT	306450	3987997	0	0	0	0	ABORT	0	0	0	0	0	0	0	7	35	104	118	0	0	0	0	0.00	
TPCC	MOCC	4	113442.50	COMMIT	101379	1466667	0	0	0	0	ABORT	62836	2504015	0	0	1252373	0	0	12	234	1314	3686	0	6	10	14	0.37	
TPCC	MOCC	8	133919.10	COMMIT	65730	927832	0	0	0	0	ABORT	66648	3054615	0	0	1801686	0	0	14	880	3214	5677	0	9	15	21	0.50	
TPCC	MOCC	12	141186.07	COMMIT	45408	643323	0	0	0	0	ABORT	57976	3347603	0	0	2280993	0	0	14	1639	4506	7851	0	11	18	26	0.56	
TPCC	MOCC	16	
TPCC	MOCC	20	132136.69	COMMIT	23677	837802	0	0	0	0	ABORT	36968	3154081	0	0	2402802	0	0	24	2778	6950	12598	0	14	24	35	0.60	
TPCC	MOCC	24	127151.30	COMMIT	18695	885110	0	0	0	0	ABORT	31860	3108194	0	0	2412371	0	0	27	3328	8319	16291	0	15	27	40	0.62	
TPCC	MOCC	28	
TPCC	MOCC	32	
TPCC	MOCC	36	119873.18	COMMIT	11945	1337823	0	0	0	0	ABORT	23209	2654722	0	0	2125085	0	0	34	4450	10636	29025	0	17	31	54	0.64	
w/o log
	T	CC	TP	P50	P90	P99	P999	Abt
TPCC	MOCC	1	79417.12	COMMIT	310393	3987100	0	0	0	0	ABORT	0	0	0	0	0	0	0	7	35	103	116	0	0	0	0	0.00	
TPCC	MOCC	4	113949.29	COMMIT	113723	1644288	0	0	0	0	ABORT	68487	2342610	0	0	967967	0	0	12	245	1380	3935	0	6	10	14	0.38	
TPCC	MOCC	8	133327.79	COMMIT	64043	911632	0	0	0	0	ABORT	66299	3076174	0	0	1824221	0	0	13	871	3327	5750	0	9	15	20	0.50	
TPCC	MOCC	12	141050.15	COMMIT	44589	632067	0	0	0	0	ABORT	57146	3358923	0	0	2308671	0	0	14	1644	4613	8159	0	11	18	27	0.56	
TPCC	MOCC	16	137801.93	COMMIT	30451	786107	0	0	0	0	ABORT	44354	3205823	0	0	2367615	0	0	21	2208	5618	9693	0	12	21	30	0.58	
TPCC	MOCC	20	132058.76	COMMIT	24985	908803	0	0	0	0	ABORT	38418	3082029	0	0	2308763	0	0	25	2746	6746	12231	0	14	23	35	0.60	
TPCC	MOCC	24	128194.41	COMMIT	19663	960314	0	0	0	0	ABORT	32317	3031652	0	0	2347934	0	0	27	3259	8035	16450	0	15	26	39	0.61	
TPCC	MOCC	28	124036.50	COMMIT	15828	1046443	0	0	0	0	ABORT	28588	2946988	0	0	2317520	0	0	30	3730	9141	20479	0	16	29	45	0.63	
TPCC	MOCC	32	
TPCC	MOCC	36	121131.11	COMMIT	12128	1390145	0	0	0	0	ABORT	23280	2603362	0	0	2098867	0	0	35	4379	10482	28884	0	17	31	53	0.64	
w/o log
	T	CC	TP	P50	P90	P99	P999	Abt
TPCC	MOCC	1	79459.27	COMMIT	310514	3987751	0	0	0	0	ABORT	0	0	0	0	0	0	0	7	35	102	116	0	0	0	0	0.00	
TPCC	MOCC	4	125964.61	COMMIT	114275	3213240	0	0	0	0	ABORT	31142	769962	0	0	269451	0	0	27	146	508	1913	0	4	8	11	0.20	
TPCC	MOCC	8	124146.83	COMMIT	44729	3370945	0	0	0	0	ABORT	17811	616925	0	0	310846	0	0	38	481	1397	3556	0	5	10	15	0.24	
TPCC	MOCC	12	117290.78	COMMIT	32702	3410408	0	0	0	0	ABORT	13061	585596	0	0	333978	0	0	46	776	2167	5479	0	6	12	19	0.27	
TPCC	MOCC	16	108376.95	COMMIT	22158	3436610	0	0	0	0	ABORT	10647	560194	0	0	323637	0	0	54	1220	3113	7646	0	6	14	23	0.29	
TPCC	MOCC	20	101477.30	COMMIT	17122	3436416	0	0	0	0	ABORT	8864	558896	0	0	332001	0	0	64	1620	4080	11762	0	7	16	29	0.32	
TPCC	MOCC	24	95308.84	COMMIT	13363	3416812	0	0	0	0	ABORT	7865	579970	0	0	334000	0	0	73	2148	5167	17061	0	7	18	38	0.34	
TPCC	MOCC	28	86562.54	COMMIT	9873	3421741	0	0	0	0	ABORT	6241	574650	0	0	326529	0	0	83	2787	6511	24309	0	8	20	45	0.35	
TPCC	MOCC	32	
TPCC	MOCC	36	
