1 storage working thread
Rd	Wt	Zip	T	CC	TP	P50	P90	P99	P999	Abt
0.50	0.50	0.99	1	NO_WAIT	0	83727.57	4	32	54	95	170	0	0	0	0	0	0.00	0.00	
0.50	0.50	0.99	4	NO_WAIT	0	120403.78	7	70	112	336	2231	0	2	5	7	12	0.35	0.14	
0.50	0.50	0.99	8	NO_WAIT	0	135615.93	9	89	157	1158	4640	0	4	6	10	18	0.46	0.20	
0.50	0.50	0.99	12	NO_WAIT	0	108810.19	17	147	304	2501	7619	0	5	7	13	25	0.54	0.23	
0.50	0.50	0.99	16	NO_WAIT	0	72082.00	28	286	829	4743	12655	0	6	9	18	37	0.62	0.26	
0.50	0.50	0.99	20	NO_WAIT	0	94624.28	19	230	782	4846	13634	0	6	9	19	39	0.62	0.26	
0.50	0.50	0.99	24	NO_WAIT	0	113216.11	17	201	710	5011	14083	0	6	9	19	41	0.62	0.27	
0.50	0.50	0.99	28	NO_WAIT	0	82543.43	22	356	1571	7324	19643	0	7	11	24	55	0.68	0.29	
0.50	0.50	0.99	32	NO_WAIT	0	92718.75	19	338	1636	7572	20540	0	7	11	25	57	0.68	0.29	
0.50	0.50	0.99	1	WAIT_DIE	0	95216.15	4	30	46	79	141	0	0	0	0	0	0.00	0.00	
0.50	0.50	0.99	4	WAIT_DIE	0	141341.47	8	81	124	240	624	0	3	5	6	8	0.37	0.16	
0.50	0.50	0.99	8	WAIT_DIE	0	129728.05	16	188	300	576	1113	0	6	7	8	9	0.56	0.27	
0.50	0.50	0.99	12	WAIT_DIE	0	181811.91	12	202	337	704	1444	0	6	7	8	10	0.60	0.31	
0.50	0.50	0.99	16	WAIT_DIE	0	143213.83	19	347	619	1304	2565	0	7	8	10	12	0.65	0.34	
0.50	0.50	0.99	20	WAIT_DIE	0	101723.92	26	647	1183	2077	3532	0	8	9	11	13	0.69	0.36	
0.50	0.50	0.99	24	WAIT_DIE	0	61075.64	57	1485	2393	3964	6681	0	10	11	14	19	0.74	0.38	
0.50	0.50	0.99	28	WAIT_DIE	0	84492.90	34	1239	2048	3364	5033	0	9	11	13	17	0.74	0.38	
0.50	0.50	0.99	32	WAIT_DIE	0	84544.98	32	1386	2316	3807	5829	0	10	12	14	18	0.75	0.39	
0.50	0.50	0.99	1	WOUND_WAIT	0	86817.88	4	31	52	88	156	0	0	0	0	0	0.00	0.00	
0.50	0.50	0.99	4	WOUND_WAIT	0	117868.71	16	101	143	226	414	0	0	0	1	2	0.03	0.02	
0.50	0.50	0.99	8	WOUND_WAIT	0	130045.74	22	183	243	364	659	0	0	1	2	4	0.08	0.06	
0.50	0.50	0.99	12	WOUND_WAIT	0	121781.70	32	292	370	537	1268	0	0	1	3	6	0.13	0.08	
0.50	0.50	0.99	16	WOUND_WAIT	0	100956.38	51	465	577	854	3359	0	1	2	4	7	0.17	0.10	
0.50	0.50	0.99	20	WOUND_WAIT	0	100494.76	59	571	695	993	3745	0	1	2	5	8	0.21	0.12	
0.50	0.50	0.99	24	WOUND_WAIT	0	86248.98	79	786	946	1353	4853	0	1	2	6	9	0.25	0.13	
0.50	0.50	0.99	28	WOUND_WAIT	0	98224.82	84	808	987	1666	4768	0	1	3	6	9	0.28	0.14	
0.50	0.50	0.99	32	WOUND_WAIT	0	67670.31	130	1278	1515	2186	6037	0	1	3	7	10	0.31	0.15	
0.50	0.50	0.99	1	DLOCK	0	68817.66	5	39	65	122	211	0	0	0	0	0	0.00	0.00	
0.50	0.50	0.99	4	DLOCK	0	135183.18	16	85	123	199	371	0	0	0	1	5	0.03	0.02	
0.50	0.50	0.99	8	DLOCK	0	115546.46	33	210	289	462	925	0	0	1	4	7	0.11	0.05	
0.50	0.50	0.99	12	DLOCK	0	163564.54	25	227	309	474	890	0	0	1	5	8	0.15	0.07	
0.50	0.50	0.99	16	DLOCK	0	150200.93	31	345	469	711	2134	0	0	1	6	8	0.19	0.09	
0.50	0.50	0.99	20	DLOCK	0	181749.91	27	364	484	744	2974	0	0	2	6	9	0.21	0.10	
0.50	0.50	0.99	24	DLOCK	0	263886.12	17	313	408	614	2007	0	1	2	6	9	0.24	0.11	
0.50	0.50	0.99	28	DLOCK	0	125151.60	45	768	978	1409	4600	0	1	3	8	10	0.27	0.11	
0.50	0.50	0.99	32	DLOCK	0	117642.98	49	915	1160	1681	5228	0	1	3	8	10	0.30	0.12	
0.50	0.50	0.99	1	HLOCK	0	77417.85	6	37	56	86	143	0	0	0	0	0	0.00	0.00	
0.50	0.50	0.99	4	HLOCK	0	187795.66	9	59	94	146	253	0	0	0	1	4	0.06	0.04	
0.50	0.50	0.99	8	HLOCK	0	186256.04	21	123	191	295	593	0	1	1	2	4	0.12	0.11	
0.50	0.50	0.99	12	HLOCK	0	172361.78	35	214	332	549	1123	0	1	2	3	5	0.21	0.17	
0.50	0.50	0.99	16	HLOCK	0	156249.73	40	302	473	702	993	0	2	3	5	7	0.30	0.22	
0.50	0.50	0.99	20	HLOCK	0	129019.29	55	480	754	1138	2010	0	2	4	6	8	0.37	0.25	
0.50	0.50	0.99	24	HLOCK	0	128134.39	57	588	932	1401	2262	0	3	5	7	9	0.43	0.27	
0.50	0.50	0.99	28	HLOCK	0	105771.63	74	850	1356	2071	3800	0	4	6	8	10	0.48	0.29	
0.50	0.50	0.99	32	HLOCK	0	98637.47	81	1049	1661	2511	4118	0	4	6	9	11	0.52	0.31	
0.50	0.50	0.99	1	SILO	0	87151.72	5	32	51	86	135	0	0	0	0	0	0.00	0.00	
0.50	0.50	0.99	4	SILO	0	144006.01	10	52	128	253	930	0	0	1	3	8	0.14	0.09	
0.50	0.50	0.99	8	SILO	0	145337.38	12	72	188	617	5223	0	1	2	6	17	0.23	0.10	
0.50	0.50	0.99	12	SILO	0	143254.99	13	81	230	1350	8877	0	1	2	9	25	0.28	0.11	
0.50	0.50	0.99	16	SILO	0	123723.43	17	98	310	2789	13770	0	1	2	11	34	0.33	0.11	
0.50	0.50	0.99	20	SILO	0	99935.84	23	108	467	4507	19714	0	1	3	14	45	0.38	0.11	
0.50	0.50	0.99	24	SILO	0	74355.86	32	155	725	7522	30884	0	1	3	19	62	0.44	0.12	
0.50	0.50	0.99	28	SILO	0	49535.90	58	259	1410	13640	58607	0	1	4	25	93	0.52	0.12	
0.50	0.50	0.99	32	SILO	0	71524.96	35	180	896	10547	43960	0	1	4	24	84	0.50	0.12	
4 storage working thread
0.50	0.50	0.99	1	NO_WAIT	0	97334.28	4	30	44	77	139	0	0	0	0	0	0.00	0.00	
0.50	0.50	0.99	4	NO_WAIT	0	128157.17	6	61	103	314	2181	0	2	5	7	12	0.34	0.13	
0.50	0.50	0.99	8	NO_WAIT	0	120006.78	9	109	198	1384	4796	0	4	6	10	19	0.48	0.19	
0.50	0.50	0.99	12	NO_WAIT	0	104076.53	16	159	339	2565	7475	0	5	7	13	25	0.55	0.22	
0.50	0.50	0.99	16	NO_WAIT	0	103745.81	18	192	517	3624	9936	0	6	8	16	31	0.59	0.24	
0.50	0.50	0.99	20	NO_WAIT	0	124173.69	14	176	540	3909	10915	0	6	8	16	34	0.60	0.25	
0.50	0.50	0.99	24	NO_WAIT	0	101901.16	15	270	1075	5513	14586	0	7	10	20	42	0.65	0.26	
0.50	0.50	0.99	28	NO_WAIT	0	91859.91	19	368	1534	6967	18325	0	7	11	24	52	0.68	0.28	
0.50	0.50	0.99	32	NO_WAIT	0	100666.78	12	335	1549	7238	19492	0	7	11	25	55	0.68	0.28	
0.50	0.50	0.99	1	WAIT_DIE	0	70740.50	5	37	63	115	201	0	0	0	0	0	0.00	0.00	
0.50	0.50	0.99	4	WAIT_DIE	0	145190.92	7	73	116	234	697	0	3	5	7	8	0.36	0.14	
0.50	0.50	0.99	8	WAIT_DIE	0	148356.37	10	166	277	565	1158	0	6	7	8	9	0.55	0.26	
0.50	0.50	0.99	12	WAIT_DIE	0	144563.82	12	259	446	943	1676	0	7	8	9	10	0.62	0.30	
0.50	0.50	0.99	16	WAIT_DIE	0	137461.17	16	365	657	1355	2290	0	7	8	10	11	0.65	0.33	
0.50	0.50	0.99	20	WAIT_DIE	0	117800.82	19	571	1071	1953	3666	0	8	9	11	14	0.69	0.34	
0.50	0.50	0.99	24	WAIT_DIE	0	94179.92	29	961	1660	2983	4697	0	9	10	13	16	0.72	0.36	
0.50	0.50	0.99	28	WAIT_DIE	0	134438.38	21	733	1383	2445	4101	0	9	10	12	15	0.71	0.37	
0.50	0.50	0.99	32	WAIT_DIE	0	75647.85	40	1639	2686	4644	7413	0	10	12	16	21	0.76	0.38	
0.50	0.50	0.99	1	WOUND_WAIT	0	103175.17	4	30	39	72	123	0	0	0	0	0	0.00	0.00	
0.50	0.50	0.99	4	WOUND_WAIT	0	142067.92	8	84	122	204	393	0	0	0	1	3	0.03	0.02	
0.50	0.50	0.99	8	WOUND_WAIT	0	164433.21	16	147	198	306	618	0	0	1	2	4	0.07	0.06	
0.50	0.50	0.99	12	WOUND_WAIT	0	171397.44	19	216	281	439	1139	0	0	1	3	6	0.12	0.08	
0.50	0.50	0.99	16	WOUND_WAIT	0	121113.49	38	418	532	794	3218	0	0	1	4	7	0.17	0.10	
0.50	0.50	0.99	20	WOUND_WAIT	0	152145.26	33	389	487	726	3050	0	1	2	5	7	0.20	0.11	
0.50	0.50	0.99	24	WOUND_WAIT	0	123194.97	52	569	703	1049	3639	0	1	2	6	8	0.24	0.13	
0.50	0.50	0.99	28	WOUND_WAIT	0	96891.51	84	840	1032	1569	5617	0	1	3	6	9	0.28	0.14	
0.50	0.50	0.99	32	WOUND_WAIT	0	81263.98	115	1141	1382	1996	5873	0	1	3	7	10	0.30	0.15	
0.50	0.50	0.99	1	DLOCK	0	83375.84	4	34	54	90	161	0	0	0	0	0	0.00	0.00	
0.50	0.50	0.99	4	DLOCK	0	181907.62	7	66	100	172	328	0	0	0	1	6	0.03	0.02	
0.50	0.50	0.99	8	DLOCK	0	257866.17	12	91	130	224	488	0	0	0	4	7	0.10	0.05	
0.50	0.50	0.99	12	DLOCK	0	246574.09	13	157	229	385	823	0	0	1	5	8	0.15	0.07	
0.50	0.50	0.99	16	DLOCK	0	214087.23	20	248	341	533	1260	0	0	1	6	8	0.18	0.08	
0.50	0.50	0.99	20	DLOCK	0	262468.78	19	255	345	541	1372	0	0	2	6	8	0.21	0.09	
0.50	0.50	0.99	24	DLOCK	0	208346.51	22	400	534	819	2959	0	1	2	7	9	0.24	0.10	
0.50	0.50	0.99	28	DLOCK	0	
0.50	0.50	0.99	32	DLOCK	0	240892.70	24	460	605	948	3472	0	1	3	7	10	0.28	0.12	
0.50	0.50	0.99	1	HLOCK	0	69654.12	6	40	63	110	179	0	0	0	0	0	0.00	0.00	
0.50	0.50	0.99	4	HLOCK	0	187205.36	9	62	91	144	291	0	0	0	1	4	0.06	0.04	
0.50	0.50	0.99	8	HLOCK	0	286805.84	11	73	109	174	506	0	0	1	2	6	0.13	0.10	
0.50	0.50	0.99	12	HLOCK	0	356545.45	12	87	128	201	499	0	1	2	3	6	0.20	0.15	
0.50	0.50	0.99	16	HLOCK	0	372671.56	18	124	177	258	381	0	2	2	4	6	0.28	0.21	
0.50	0.50	0.99	20	HLOCK	0	355998.78	22	175	248	371	605	0	2	3	6	7	0.36	0.25	
0.50	0.50	0.99	24	HLOCK	0	329737.90	24	240	344	524	884	0	3	4	7	8	0.43	0.28	
0.50	0.50	0.99	28	HLOCK	0	322923.68	25	291	414	632	1125	0	4	5	7	9	0.47	0.29	
0.50	0.50	0.99	32	HLOCK	0	297078.93	28	365	531	839	1521	0	4	6	8	9	0.51	0.30	
0.50	0.50	0.99	1	SILO	0	97350.89	5	31	45	66	112	0	0	0	0	0	0.00	0.00	
0.50	0.50	0.99	4	SILO	0	186133.13	7	45	95	179	572	0	0	1	3	6	0.13	0.09	
0.50	0.50	0.99	8	SILO	0	217185.15	9	55	130	309	3202	0	1	1	5	13	0.20	0.11	
0.50	0.50	0.99	12	SILO	0	271147.77	7	55	131	392	5355	0	1	2	6	18	0.24	0.12	
0.50	0.50	0.99	16	SILO	0	268308.38	8	60	148	581	7843	0	1	2	7	24	0.27	0.13	
0.50	0.50	0.99	20	SILO	0	281918.78	8	61	152	834	10064	0	1	2	8	29	0.29	0.13	
0.50	0.50	0.99	24	SILO	0	273425.26	8	68	167	1335	12434	0	1	2	9	34	0.32	0.13	
0.50	0.50	0.99	28	SILO	0	262006.56	9	77	195	2106	13453	0	1	2	11	37	0.34	0.13	
0.50	0.50	0.99	32	SILO	0	261610.45	9	78	196	2598	16263	0	1	3	12	43	0.36	0.13	
the number of storage working threads is equal to the TX threads
0.50	0.50	0.99	1	NO_WAIT	0	77617.24	4	34	57	108	185	0	0	0	0	0	0.00	0.00	
0.50	0.50	0.99	4	NO_WAIT	0	129650.19	7	65	105	326	2079	0	2	5	7	11	0.34	0.13	
0.50	0.50	0.99	8	NO_WAIT	0	118881.83	9	107	194	1347	4754	0	4	6	10	18	0.48	0.19	
0.50	0.50	0.99	12	NO_WAIT	0	99320.03	11	176	396	2710	8059	0	6	8	13	26	0.56	0.22	
0.50	0.50	0.99	16	NO_WAIT	0	88600.79	13	249	728	3964	10695	0	6	9	17	33	0.61	0.23	
0.50	0.50	0.99	20	NO_WAIT	0	104482.87	13	237	772	4465	12020	0	6	9	18	36	0.62	0.25	
0.50	0.50	0.99	24	NO_WAIT	0	18684.98	37	714	4328	29015	99999	0	8	15	57	233	0.80	0.24	
0.50	0.50	0.99	28	NO_WAIT	0	6348.61	48	1421	21511	99999	99999	0	10	32	133	351	0.87	0.23	
0.50	0.50	0.99	32	NO_WAIT	0	2084.89	69	6533	56920	99999	99999	0	13	60	246	889	0.93	0.22	
0.50	0.50	0.99	1	WAIT_DIE	0	94975.40	4	30	46	78	141	0	0	0	0	0	0.00	0.00	
0.50	0.50	0.99	4	WAIT_DIE	0	121604.12	8	97	151	288	608	0	4	5	7	8	0.40	0.16	
0.50	0.50	0.99	8	WAIT_DIE	0	156452.99	13	153	254	510	1080	0	6	7	8	9	0.55	0.26	
0.50	0.50	0.99	12	WAIT_DIE	0	135630.63	17	280	481	1020	1847	0	7	8	9	11	0.62	0.30	
0.50	0.50	0.99	16	WAIT_DIE	0	100142.70	22	543	989	1842	3422	0	8	9	11	13	0.67	0.32	
0.50	0.50	0.99	20	WAIT_DIE	0	80969.16	29	899	1502	2622	5479	0	9	10	12	18	0.71	0.34	
0.50	0.50	0.99	24	WAIT_DIE	0	3590.13	91	14414	40781	99999	99999	0	23	69	195	911	0.93	0.33	
0.50	0.50	0.99	28	WAIT_DIE	0	1069.84	91	49658	99999	99999	99999	0	57	123	332	630	0.96	0.32	
0.50	0.50	0.99	32	WAIT_DIE	0	283.30	136	99999	99999	99999	99999	0	197	432	1148	1726	0.99	0.33	
0.50	0.50	0.99	1	WOUND_WAIT	0	97608.07	4	30	44	77	139	0	0	0	0	0	0.00	0.00	
0.50	0.50	0.99	4	WOUND_WAIT	0	137765.86	10	88	127	211	407	0	0	0	1	3	0.03	0.02	
0.50	0.50	0.99	8	WOUND_WAIT	0	167898.35	15	144	196	308	592	0	0	1	2	4	0.07	0.06	
0.50	0.50	0.99	12	WOUND_WAIT	0	145862.68	23	250	329	508	1484	0	0	1	3	6	0.12	0.08	
0.50	0.50	0.99	16	WOUND_WAIT	0	100814.81	42	485	623	942	3870	0	0	1	4	7	0.17	0.10	
0.50	0.50	0.99	20	WOUND_WAIT	0	89225.93	63	670	839	1248	5228	0	1	2	5	8	0.20	0.11	
0.50	0.50	0.99	24	WOUND_WAIT	0	658.31	528	99999	99999	99999	99999	0	1	3	8	19	0.30	0.14	
0.50	0.50	0.99	28	WOUND_WAIT	0	254.97	1213	99999	99999	99999	99999	0	1	2	6	11	0.25	0.12	
0.50	0.50	0.99	32	WOUND_WAIT	0	132.71	28585	99999	99999	99999	99999	0	1	3	5	6	0.26	0.14	
0.50	0.50	0.99	1	DLOCK	0	95664.90	4	32	44	78	141	0	0	0	0	0	0.00	0.00	
0.50	0.50	0.99	4	DLOCK	0	184063.82	7	65	98	168	326	0	0	0	1	6	0.03	0.02	
0.50	0.50	0.99	8	DLOCK	0	251368.96	9	93	135	234	490	0	0	0	4	7	0.10	0.05	
0.50	0.50	0.99	12	DLOCK	0	213772.06	13	180	257	431	989	0	0	1	5	8	0.16	0.07	
0.50	0.50	0.99	16	DLOCK	0	233874.96	16	221	309	511	1338	0	0	1	6	8	0.18	0.08	
0.50	0.50	0.99	20	DLOCK	0	167316.65	27	409	566	934	4803	0	0	2	7	9	0.23	0.10	
0.50	0.50	0.99	24	DLOCK	0	1302.08	125	68383	99999	99999	99999	0	1	3	46	139	0.62	0.10	
0.50	0.50	0.99	28	DLOCK	0	612.83	135	99999	99999	99999	99999	0	1	7	111	438	0.80	0.12	
0.50	0.50	0.99	32	DLOCK	0	357.86	178	99999	99999	99999	99999	0	1	5	89	298	0.77	0.11	
0.50	0.50	0.99	1	HLOCK	0	78098.78	6	37	56	86	145	0	0	0	0	0	0.00	0.00	
0.50	0.50	0.99	4	HLOCK	0	222353.58	7	53	79	125	225	0	0	0	1	4	0.06	0.05	
0.50	0.50	0.99	8	HLOCK	0	313974.49	9	71	110	178	441	0	0	1	2	6	0.12	0.10	
0.50	0.50	0.99	12	HLOCK	0	395163.36	10	88	130	205	456	0	1	2	3	6	0.20	0.15	
0.50	0.50	0.99	16	HLOCK	0	411863.47	12	115	163	241	392	0	1	2	4	6	0.28	0.21	
0.50	0.50	0.99	20	HLOCK	0	397611.72	14	159	224	333	556	0	2	3	5	7	0.35	0.25	
0.50	0.50	0.99	24	HLOCK	0	1524.25	109	53312	86003	99999	99999	0	4	6	10	17	0.50	0.26	
0.50	0.50	0.99	28	HLOCK	0	782.07	92	96532	99999	99999	99999	0	4	7	12	20	0.51	0.25	
0.50	0.50	0.99	32	HLOCK	0	336.61	142	99999	99999	99999	99999	0	5	8	15	19	0.58	0.28	
0.50	0.50	0.99	1	SILO	0	82535.54	5	33	51	95	139	0	0	0	0	0	0.00	0.00	
0.50	0.50	0.99	4	SILO	0	179332.11	7	48	107	183	401	0	0	1	3	6	0.13	0.09	
0.50	0.50	0.99	8	SILO	0	254966.88	7	53	108	226	2065	0	1	1	4	11	0.19	0.12	
0.50	0.50	0.99	12	SILO	0	244164.27	9	65	155	440	4888	0	1	2	7	18	0.25	0.13	
0.50	0.50	0.99	16	SILO	0	281107.14	8	75	163	537	6329	0	1	2	7	21	0.27	0.14	
0.50	0.50	0.99	20	SILO	0	266867.69	9	88	203	994	8456	0	1	2	9	26	0.31	0.14	
0.50	0.50	0.99	24	SILO	0	222790.03	9	89	204	914	18273	0	1	2	8	22	0.28	0.14	
0.50	0.50	0.99	28	SILO	0	203001.80	10	88	202	850	24624	0	1	2	7	18	0.26	0.14	
0.50	0.50	0.99	32	SILO	0	194365.03	9	88	188	656	27084	0	1	2	6	16	0.24	0.14	
