w/o TS_OPT
	T	CC	TP	P50	P90	P99	P999	Abt
TPCC	DLOCK	1	51142.30	COMMIT	201816	3984372	86381	0	0	ABORT	0	0	0	0	0	0	7	165	185	197	0	0	0	0	0.00	
TPCC	DLOCK	4	79900.26	COMMIT	80234	3339370	1347352	0	0	ABORT	8913	642686	5284	23406	0	0	30	414	827	1391	0	2	4	7	0.11	
TPCC	DLOCK	8	92285.72	COMMIT	46346	3131727	2026398	0	0	ABORT	24137	861509	86926	71952	0	0	54	496	1209	2481	0	3	6	9	0.35	
TPCC	DLOCK	12	97250.90	COMMIT	32339	2940101	2181653	0	0	ABORT	28075	1043687	161549	136709	0	0	85	626	1714	3415	0	5	8	11	0.47	
TPCC	DLOCK	16	100631.69	COMMIT	25149	2832064	2241107	0	0	ABORT	29916	1160482	212198	207086	0	0	121	741	2228	4202	0	6	9	12	0.54	
TPCC	DLOCK	20	110344.51	COMMIT	21969	2791181	2244468	0	0	ABORT	31910	1199225	238975	289659	0	0	155	660	2479	5198	0	6	9	14	0.59	
TPCC	DLOCK	24	104399.79	COMMIT	17252	2658204	2244963	0	0	ABORT	28543	1334288	262606	374364	0	0	198	959	3477	6466	0	7	11	17	0.62	
TPCC	DLOCK	28	106451.21	COMMIT	15215	2626468	2251765	0	0	ABORT	27646	1367098	260483	441983	0	0	236	1011	3853	7241	0	8	12	17	0.65	
TPCC	DLOCK	32	106285.61	COMMIT	13298	2553623	2243896	0	0	ABORT	26673	1437918	250971	532851	0	0	274	1199	4589	7916	0	8	13	19	0.67	
TPCC	DLOCK	36	113243.62	COMMIT	12446	2488175	2188378	0	0	ABORT	27202	1503890	244171	631361	0	0	301	1084	4750	8808	1	8	13	20	0.68	
TPCC	HLOCK	1	49629.74	COMMIT	194504	3987768	338913	0	0	ABORT	0	0	0	0	0	0	7	154	172	185	0	0	0	0	0.00	
TPCC	HLOCK	4	83936.92	COMMIT	83359	3217571	1348750	0	0	ABORT	16095	763986	8526	119577	0	0	29	408	839	1378	0	4	7	9	0.18	
TPCC	HLOCK	8	103597.50	COMMIT	52094	2682497	1987447	0	0	ABORT	30627	1287937	253519	384311	0	0	45	606	1471	3078	0	7	10	12	0.38	
TPCC	HLOCK	12	109941.81	COMMIT	35804	2130823	1900468	0	0	ABORT	43040	1846932	603944	630293	0	0	65	845	2188	4362	1	8	11	14	0.55	
TPCC	HLOCK	16	113117.24	COMMIT	27657	1659647	1527523	0	0	ABORT	54807	2331349	1064411	908286	0	0	93	1050	2710	5720	1	9	12	16	0.66	
TPCC	HLOCK	20	108313.33	COMMIT	20807	1256018	1207537	0	0	ABORT	56359	2735680	1340430	1189664	0	0	131	1235	3315	6652	2	9	13	17	0.72	
TPCC	HLOCK	24	104133.76	COMMIT	16671	1017073	992529	0	0	ABORT	53627	2972739	1508873	1387375	0	0	160	1553	4235	7715	3	10	14	19	0.75	
TPCC	HLOCK	28	98293.70	COMMIT	13305	839705	836391	0	0	ABORT	50178	3152995	1541554	1589417	0	0	199	1784	5047	9292	3	11	15	22	0.78	
TPCC	HLOCK	32	98951.05	COMMIT	11162	649141	632448	0	0	ABORT	48641	3342942	1601004	1836577	0	0	232	1822	5296	10305	4	11	15	23	0.80	
TPCC	HLOCK	36	95203.45	COMMIT	9532	544865	525546	0	0	ABORT	45182	3447555	1567967	1996676	0	0	265	2073	5778	10449	4	11	16	24	0.81	
TS_OPT = 1
	T	CC	TP	P50	P90	P99	P999	Abt
TPCC	DLOCK	1	50898.25	COMMIT	200831	3983703	86077	0	0	ABORT	0	0	0	0	0	0	7	165	184	197	0	0	0	0	0.00	
TPCC	DLOCK	4	80440.90	COMMIT	80049	3310594	1333176	0	0	ABORT	10068	671475	9593	26439	0	0	30	415	826	1392	0	2	4	7	0.12	
TPCC	DLOCK	8	96081.46	COMMIT	47770	3214910	2089240	0	0	ABORT	20507	762278	66039	46817	0	0	56	445	1029	2106	0	2	6	9	0.30	
TPCC	DLOCK	12	96456.95	COMMIT	32163	3269779	2541837	0	0	ABORT	17983	725523	81929	58910	0	0	89	547	1232	2839	0	3	7	10	0.36	
TPCC	DLOCK	16	96897.87	COMMIT	24038	3225844	2685412	0	0	ABORT	18856	767733	113652	92570	0	0	132	658	1578	3410	0	5	8	11	0.44	
TPCC	DLOCK	20	101099.18	COMMIT	20232	3199505	2730397	0	0	ABORT	20999	795239	143490	119463	0	0	170	709	1874	4093	0	6	9	12	0.51	
TPCC	DLOCK	24	
TPCC	DLOCK	28	102462.12	COMMIT	14742	3032425	2687191	0	0	ABORT	22702	961724	185915	251827	0	0	257	898	2846	5510	0	7	10	15	0.61	
TPCC	DLOCK	32	105352.04	COMMIT	13143	2938543	2640550	0	0	ABORT	23086	1055963	200406	345309	0	0	292	965	3570	6808	0	8	11	17	0.63	
TPCC	DLOCK	36	104384.15	COMMIT	11605	2902817	2635919	0	0	ABORT	21974	1088780	206175	381463	0	0	340	1091	3702	6819	0	8	12	17	0.65	
TPCC	HLOCK	1	49496.66	COMMIT	193953	3987976	337470	0	0	ABORT	0	0	0	0	0	0	7	155	173	187	0	0	0	0	0.00	
TPCC	HLOCK	4	84315.43	COMMIT	83336	3144826	1284027	0	0	ABORT	17809	836993	13149	126418	0	0	29	407	837	1367	0	4	7	9	0.18	
TPCC	HLOCK	8	102201.58	COMMIT	50449	2654506	2052236	0	0	ABORT	30707	1322715	250396	356196	0	0	46	607	1468	2884	0	7	9	12	0.39	
TPCC	HLOCK	12	107495.77	COMMIT	35304	2169507	2106650	0	0	ABORT	43039	1819616	988315	481871	0	0	69	740	1841	3797	1	8	10	13	0.54	
TPCC	HLOCK	16	104675.49	COMMIT	25066	1588136	1636754	0	0	ABORT	56609	2404172	1884327	658754	0	0	107	773	2109	4412	2	8	11	14	0.68	
TPCC	HLOCK	20	99505.70	COMMIT	18893	1141892	1156501	0	0	ABORT	58479	2848101	2106632	977267	0	0	148	1038	2594	4905	3	9	12	15	0.74	
TPCC	HLOCK	24	96680.21	COMMIT	14824	861278	845812	0	0	ABORT	55996	3129267	2107432	1314456	0	0	184	1284	3196	6283	3	10	13	17	0.77	
TPCC	HLOCK	28	91196.00	COMMIT	11779	686269	676868	0	0	ABORT	50659	3305343	2088028	1544590	0	0	226	1541	3971	7381	4	10	14	19	0.80	
TPCC	HLOCK	32	94509.42	COMMIT	10407	546093	506448	0	0	ABORT	49738	3445079	2060938	1769097	0	0	251	1606	3892	7684	4	10	14	19	0.81	
TPCC	HLOCK	36	91390.74	COMMIT	8582	456552	434645	0	0	ABORT	44524	3532333	1868776	2013499	0	0	281	1807	4322	8634	5	11	14	20	0.82	
TS_OPT = 10
	T	CC	TP	P50	P90	P99	P999	Abt
TPCC	DLOCK	1	50981.76	COMMIT	200946	3984778	87128	0	0	ABORT	0	0	0	0	0	0	7	166	185	201	0	0	0	0	0.00	
TPCC	DLOCK	4	80443.33	COMMIT	80924	3280669	1306442	0	0	ABORT	11380	702796	27840	30747	0	0	30	416	840	1339	0	2	4	7	0.14	
TPCC	DLOCK	8	89430.73	COMMIT	44406	2917296	1906333	0	0	ABORT	22942	1066671	221889	61900	0	0	56	553	1208	2370	0	3	7	10	0.34	
TPCC	DLOCK	12	92166.53	COMMIT	30699	3251604	2568244	0	0	ABORT	16188	744298	114378	47737	0	0	83	586	1215	2712	0	3	7	10	0.34	
TPCC	DLOCK	16	91830.98	COMMIT	22943	3503641	2983928	0	0	ABORT	11517	491563	54678	30464	0	0	112	690	1189	2677	0	3	7	10	0.34	
TPCC	DLOCK	20	92889.17	COMMIT	18268	3606748	3200142	0	0	ABORT	9214	388613	39726	23221	0	0	134	790	1174	2498	0	3	6	10	0.34	
TPCC	DLOCK	24	
TPCC	DLOCK	28	
TPCC	DLOCK	32	90795.30	COMMIT	11362	3756631	3510972	0	0	ABORT	5980	237844	21255	17234	0	0	157	1197	1516	3131	0	3	7	11	0.36	
TPCC	DLOCK	36	92060.13	COMMIT	9932	3757001	3526317	0	0	ABORT	5412	238110	25933	18668	0	0	154	1289	1611	3653	0	3	7	11	0.36	
TPCC	HLOCK	1	49749.00	COMMIT	194624	3988481	340843	0	0	ABORT	0	0	0	0	0	0	7	154	172	185	0	0	0	0	0.00	
TPCC	HLOCK	4	85467.54	COMMIT	84881	3180121	1297257	0	0	ABORT	17916	803051	13813	128075	0	0	29	392	824	1370	0	4	7	9	0.19	
TPCC	HLOCK	8	102605.12	COMMIT	51266	2621610	1946470	0	0	ABORT	32447	1370188	315131	328390	0	0	46	616	1469	3157	0	7	9	12	0.40	
TPCC	HLOCK	12	107103.50	COMMIT	35546	2157702	2126974	0	0	ABORT	42900	1836116	1278772	394300	0	0	67	677	1725	3620	1	7	10	13	0.54	
TPCC	HLOCK	16	100123.04	COMMIT	24513	1678085	1874104	0	0	ABORT	44369	2313983	2616086	373725	0	0	80	701	1594	3548	1	7	10	13	0.63	
TPCC	HLOCK	20	95175.39	COMMIT	17661	1239144	1434761	0	0	ABORT	41332	2752369	3383598	570511	0	0	81	953	1497	2895	1	8	9	12	0.68	
TPCC	HLOCK	24	92786.19	COMMIT	13741	907291	1016253	0	0	ABORT	37966	3082736	3525080	873196	0	0	83	1356	1822	3243	1	9	10	12	0.71	
TPCC	HLOCK	28	92792.56	COMMIT	11400	689359	718510	0	0	ABORT	36285	3301810	3288842	1254978	0	0	87	1667	2135	3871	1	10	11	13	0.74	
TPCC	HLOCK	32	88751.09	COMMIT	9250	560722	602816	0	0	ABORT	32464	3430634	3202400	1439762	0	0	94	1990	2439	3493	2	10	12	13	0.75	
TPCC	HLOCK	36	89320.04	COMMIT	8598	503162	532613	0	0	ABORT	31811	3488899	2967402	1621663	0	0	99	2213	2662	3924	2	11	12	14	0.76	