Rd	Wt	Zip	T	CC	TP	P50	P90	P99	P999	Abt
0.50	0.50	0.10	1	NO_WAIT	0	49739.31	19	54	72	1644	0	0	0	0	0.00	
0.50	0.50	0.10	4	NO_WAIT	0	237838.49	16	27	41	55	0	0	0	0	0.00	
0.50	0.50	0.10	8	NO_WAIT	0	493384.59	16	24	43	74	0	0	0	0	0.00	
0.50	0.50	0.10	12	NO_WAIT	0	731765.07	16	24	101	193	0	0	0	1	0.00	
0.50	0.50	0.10	16	NO_WAIT	0	920216.91	17	26	90	141	0	0	0	1	0.00	
0.50	0.50	0.10	20	NO_WAIT	0	986941.29	19	46	120	207	0	0	0	2	0.00	
0.50	0.50	0.10	24	NO_WAIT	0	1034321.79	22	64	147	325	0	0	0	2	0.00	
0.50	0.50	0.10	28	NO_WAIT	0	1096109.60	24	77	162	443	0	0	0	3	0.00	
0.50	0.50	0.10	32	NO_WAIT	0	1160154.98	27	82	165	570	0	0	0	3	0.00	
0.50	0.50	0.10	36	NO_WAIT	0	1203286.17	29	86	180	694	0	0	0	3	0.00	
0.50	0.50	0.10	1	WAIT_DIE	0	49008.12	20	57	79	1653	0	0	0	0	0.00	
0.50	0.50	0.10	4	WAIT_DIE	0	236190.83	16	27	40	53	0	0	0	0	0.00	
0.50	0.50	0.10	8	WAIT_DIE	0	489962.74	16	24	41	61	0	0	0	0	0.00	
0.50	0.50	0.10	12	WAIT_DIE	0	720145.21	16	24	106	192	0	0	0	0	0.00	
0.50	0.50	0.10	16	WAIT_DIE	0	921929.61	17	23	50	90	0	0	0	0	0.00	
0.50	0.50	0.10	20	WAIT_DIE	0	980360.68	19	45	112	216	0	0	0	1	0.00	
0.50	0.50	0.10	24	WAIT_DIE	0	982193.69	23	69	147	333	0	0	0	1	0.00	
0.50	0.50	0.10	28	WAIT_DIE	0	1074240.47	25	78	172	469	0	0	0	2	0.00	
0.50	0.50	0.10	32	WAIT_DIE	0	1147732.88	27	82	172	542	0	0	0	2	0.00	
0.50	0.50	0.10	36	WAIT_DIE	0	1182373.13	30	91	184	689	0	0	0	2	0.00	
0.50	0.50	0.10	1	WOUND_WAIT	0	52615.37	19	36	45	1631	0	0	0	0	0.00	
0.50	0.50	0.10	4	WOUND_WAIT	0	226038.16	17	33	124	151	0	0	0	0	0.00	
0.50	0.50	0.10	8	WOUND_WAIT	0	485279.94	16	27	116	172	0	0	0	0	0.00	
0.50	0.50	0.10	12	WOUND_WAIT	0	730032.38	16	23	41	62	0	0	0	0	0.00	
0.50	0.50	0.10	16	WOUND_WAIT	0	919962.89	17	24	82	208	0	0	0	0	0.00	
0.50	0.50	0.10	20	WOUND_WAIT	0	991015.64	19	40	83	159	0	0	0	0	0.00	
0.50	0.50	0.10	24	WOUND_WAIT	0	1013383.46	22	67	154	345	0	0	0	0	0.00	
0.50	0.50	0.10	28	WOUND_WAIT	0	1097831.37	24	73	145	443	0	0	0	0	0.00	
0.50	0.50	0.10	32	WOUND_WAIT	0	1164354.92	26	80	172	548	0	0	0	0	0.00	
0.50	0.50	0.10	36	WOUND_WAIT	0	1202031.86	29	84	170	612	0	0	0	0	0.00	
0.50	0.50	0.10	1	DLOCK	0	49898.59	20	39	51	1638	0	0	0	0	0.00	
0.50	0.50	0.10	4	DLOCK	0	213994.06	18	45	92	121	0	0	0	0	0.00	
0.50	0.50	0.10	8	DLOCK	0	469063.87	17	26	46	73	0	0	0	0	0.00	
0.50	0.50	0.10	12	DLOCK	0	694537.69	17	26	109	188	0	0	0	0	0.00	
0.50	0.50	0.10	16	DLOCK	0	863849.94	18	26	93	169	0	0	0	0	0.00	
0.50	0.50	0.10	20	DLOCK	0	940425.11	20	41	87	169	0	0	0	0	0.00	
0.50	0.50	0.10	24	DLOCK	0	947733.86	24	66	134	338	0	0	0	0	0.00	
0.50	0.50	0.10	28	DLOCK	0	983708.92	27	82	188	505	0	0	0	0	0.00	
0.50	0.50	0.10	32	DLOCK	0	1008556.08	31	89	180	596	0	0	0	0	0.00	
0.50	0.50	0.10	36	DLOCK	0	1022339.52	34	99	201	753	0	0	0	0	0.00	
0.50	0.50	0.10	1	HLOCK	0	49516.75	20	51	65	1586	0	0	0	0	0.00	
0.50	0.50	0.10	4	HLOCK	0	222087.03	18	27	40	53	0	0	0	0	0.00	
0.50	0.50	0.10	8	HLOCK	0	458184.95	17	25	41	65	0	0	0	0	0.00	
0.50	0.50	0.10	12	HLOCK	0	677103.19	17	27	92	143	0	0	0	0	0.00	
0.50	0.50	0.10	16	HLOCK	0	863161.09	18	27	91	148	0	0	0	0	0.00	
0.50	0.50	0.10	20	HLOCK	0	929533.38	20	48	116	210	0	0	0	0	0.00	
0.50	0.50	0.10	24	HLOCK	0	950414.82	24	66	159	310	0	0	0	0	0.00	
0.50	0.50	0.10	28	HLOCK	0	991382.89	27	79	171	407	0	0	0	0	0.00	
0.50	0.50	0.10	32	HLOCK	0	1007284.65	30	87	168	458	0	0	0	0	0.00	
0.50	0.50	0.10	36	HLOCK	0	1004518.55	34	98	192	598	0	0	0	0	0.00	
0.50	0.50	0.10	1	SILO	0	49942.25	20	32	38	1567	0	0	0	0	0.00	
0.50	0.50	0.10	4	SILO	0	234675.95	17	27	37	48	0	0	0	0	0.00	
0.50	0.50	0.10	8	SILO	0	484181.87	16	25	36	52	0	0	0	0	0.00	
0.50	0.50	0.10	12	SILO	0	702015.95	17	26	103	183	0	0	0	0	0.00	
0.50	0.50	0.10	16	SILO	0	844689.36	18	25	43	65	0	0	0	0	0.00	
0.50	0.50	0.10	20	SILO	0	846754.56	22	45	151	279	0	0	0	1	0.00	
0.50	0.50	0.10	24	SILO	0	794838.60	28	75	148	302	0	0	0	1	0.00	
0.50	0.50	0.10	28	SILO	0	782546.41	34	88	173	368	0	0	0	1	0.00	
0.50	0.50	0.10	32	SILO	0	769890.29	39	103	196	450	0	0	0	1	0.00	
0.50	0.50	0.10	36	SILO	0	775473.20	45	117	242	598	0	0	0	1	0.00	
0.50	0.50	0.80	1	NO_WAIT	0	66379.82	15	28	36	1633	0	0	0	0	0.00	
0.50	0.50	0.80	4	NO_WAIT	0	264734.56	14	38	86	231	0	3	4	6	0.07	
0.50	0.50	0.80	8	NO_WAIT	0	468365.11	14	52	251	1916	0	4	6	9	0.15	
0.50	0.50	0.80	12	NO_WAIT	0	571556.22	14	73	782	5097	0	4	8	12	0.20	
0.50	0.50	0.80	16	NO_WAIT	0	613370.00	14	85	1452	7514	0	5	9	15	0.23	
0.50	0.50	0.80	20	NO_WAIT	0	598608.13	17	162	2390	8666	0	6	12	19	0.28	
0.50	0.50	0.80	24	NO_WAIT	0	572936.92	20	307	3278	8016	0	7	15	24	0.34	
0.50	0.50	0.80	28	NO_WAIT	0	580284.52	22	527	4106	8789	0	8	17	28	0.38	
0.50	0.50	0.80	32	NO_WAIT	0	552604.14	23	825	5105	10382	0	9	20	33	0.40	
0.50	0.50	0.80	36	NO_WAIT	0	562160.62	23	1089	5744	12032	0	10	21	36	0.41	
0.50	0.50	0.80	1	WAIT_DIE	0	65915.33	15	28	36	1629	0	0	0	0	0.00	
0.50	0.50	0.80	4	WAIT_DIE	0	265590.22	14	35	80	137	0	2	4	5	0.04	
0.50	0.50	0.80	8	WAIT_DIE	0	518925.59	14	35	85	429	0	3	5	6	0.10	
0.50	0.50	0.80	12	WAIT_DIE	0	713503.95	15	55	182	743	0	4	5	7	0.15	
0.50	0.50	0.80	16	WAIT_DIE	0	854147.69	15	75	321	1431	0	4	6	8	0.20	
0.50	0.50	0.80	20	WAIT_DIE	0	856824.48	16	116	542	2618	0	5	7	12	0.26	
0.50	0.50	0.80	24	WAIT_DIE	0	749027.61	20	199	740	3486	0	6	8	14	0.34	
0.50	0.50	0.80	28	WAIT_DIE	0	734016.06	22	291	769	3245	0	7	8	13	0.41	
0.50	0.50	0.80	32	WAIT_DIE	0	716782.08	24	393	853	1777	0	7	9	10	0.46	
0.50	0.50	0.80	36	WAIT_DIE	0	688781.80	25	527	1127	2138	0	8	9	11	0.49	
0.50	0.50	0.80	1	WOUND_WAIT	0	62066.01	15	40	56	1629	0	0	0	0	0.00	
0.50	0.50	0.80	4	WOUND_WAIT	0	267504.28	14	34	63	90	0	0	0	1	0.00	
0.50	0.50	0.80	8	WOUND_WAIT	0	533816.27	14	32	75	131	0	0	1	2	0.00	
0.50	0.50	0.80	12	WOUND_WAIT	0	765044.66	14	39	84	157	0	0	1	2	0.01	
0.50	0.50	0.80	16	WOUND_WAIT	0	937916.55	15	51	100	467	0	1	2	3	0.01	
0.50	0.50	0.80	20	WOUND_WAIT	0	938645.86	17	80	162	737	0	1	2	5	0.02	
0.50	0.50	0.80	24	WOUND_WAIT	0	829700.93	20	138	366	2631	0	1	3	9	0.02	
0.50	0.50	0.80	28	WOUND_WAIT	0	724646.21	23	193	446	2980	0	1	2	8	0.02	
0.50	0.50	0.80	32	WOUND_WAIT	0	694723.31	25	235	425	3024	0	1	2	3	0.02	
0.50	0.50	0.80	36	WOUND_WAIT	0	673573.99	26	279	514	2898	0	1	2	3	0.02	
0.50	0.50	0.80	1	DLOCK	0	60428.62	16	41	60	1643	0	0	0	0	0.00	
0.50	0.50	0.80	4	DLOCK	0	263382.82	14	33	65	109	0	0	0	1	0.00	
0.50	0.50	0.80	8	DLOCK	0	535258.96	14	28	81	132	0	0	1	3	0.00	
0.50	0.50	0.80	12	DLOCK	0	780416.43	15	29	82	135	0	0	1	3	0.00	
0.50	0.50	0.80	16	DLOCK	0	986353.58	15	35	79	146	0	0	2	3	0.01	
0.50	0.50	0.80	20	DLOCK	0	1036598.04	17	54	119	257	0	0	2	4	0.01	
0.50	0.50	0.80	24	DLOCK	0	1013014.80	20	87	191	476	0	1	3	6	0.02	
0.50	0.50	0.80	28	DLOCK	0	1019137.35	23	120	283	675	0	1	4	7	0.02	
0.50	0.50	0.80	32	DLOCK	0	1030426.58	24	158	397	989	0	1	5	7	0.03	
0.50	0.50	0.80	36	DLOCK	0	1005874.81	26	207	483	1744	0	1	6	8	0.04	
0.50	0.50	0.80	1	HLOCK	0	59677.00	16	39	54	1583	0	0	0	0	0.00	
0.50	0.50	0.80	4	HLOCK	0	259387.01	15	34	60	89	0	0	1	2	0.01	
0.50	0.50	0.80	8	HLOCK	0	529117.37	15	25	78	123	0	1	2	2	0.02	
0.50	0.50	0.80	12	HLOCK	0	762012.61	15	23	36	63	0	1	2	3	0.03	
0.50	0.50	0.80	16	HLOCK	0	982564.80	16	25	41	82	0	1	2	3	0.05	
0.50	0.50	0.80	20	HLOCK	0	1060872.83	18	40	74	170	0	1	3	4	0.06	
0.50	0.50	0.80	24	HLOCK	0	1060105.48	21	59	127	325	0	2	3	5	0.08	
0.50	0.50	0.80	28	HLOCK	0	1106670.94	23	69	140	346	0	2	4	6	0.09	
0.50	0.50	0.80	32	HLOCK	0	1140660.10	26	80	180	603	0	2	4	7	0.11	
0.50	0.50	0.80	36	HLOCK	0	1143206.91	29	91	239	861	0	2	5	7	0.13	
0.50	0.50	0.80	1	SILO	0	65065.47	15	26	32	1568	0	0	0	0	0.00	
0.50	0.50	0.80	4	SILO	0	273922.88	14	22	28	38	0	1	1	2	0.03	
0.50	0.50	0.80	8	SILO	0	533349.93	14	27	68	115	0	1	2	3	0.06	
0.50	0.50	0.80	12	SILO	0	777075.38	15	28	62	94	0	1	2	3	0.09	
0.50	0.50	0.80	16	SILO	0	976335.73	16	25	40	77	0	1	2	3	0.11	
0.50	0.50	0.80	20	SILO	0	985908.80	19	44	109	192	0	2	3	4	0.13	
0.50	0.50	0.80	24	SILO	0	932348.01	24	62	114	221	0	2	3	4	0.15	
0.50	0.50	0.80	28	SILO	0	918357.47	29	78	149	305	0	2	3	4	0.16	
0.50	0.50	0.80	32	SILO	0	951482.70	32	88	173	376	0	2	3	4	0.17	
0.50	0.50	0.80	36	SILO	0	935457.48	37	98	200	453	0	2	3	4	0.19	
0.50	0.50	0.99	1	NO_WAIT	0	99845.95	9	24	35	79	0	0	0	0	0.00	
0.50	0.50	0.99	4	NO_WAIT	0	140713.00	11	173	2239	7682	0	6	11	18	0.38	
0.50	0.50	0.99	8	NO_WAIT	0	168655.49	13	1022	4153	7601	0	10	17	26	0.54	
0.50	0.50	0.99	12	NO_WAIT	0	184680.34	13	1619	5364	9444	0	11	20	30	0.57	
0.50	0.50	0.99	16	NO_WAIT	0	186626.45	14	2231	6527	11542	0	13	23	36	0.61	
0.50	0.50	0.99	20	NO_WAIT	0	156222.03	16	3133	8214	13730	0	15	27	41	0.65	
0.50	0.50	0.99	24	NO_WAIT	0	110552.37	24	4638	11110	19006	0	19	35	55	0.70	
0.50	0.50	0.99	28	NO_WAIT	0	98254.57	30	5679	13148	21905	1	21	40	63	0.73	
0.50	0.50	0.99	32	NO_WAIT	0	90285.19	35	6777	14938	26149	1	24	45	75	0.76	
0.50	0.50	0.99	36	NO_WAIT	0	89229.50	37	7650	17254	29943	1	26	50	82	0.77	
0.50	0.50	0.99	1	WAIT_DIE	0	99660.57	9	25	35	79	0	0	0	0	0.00	
0.50	0.50	0.99	4	WAIT_DIE	0	187686.03	13	114	316	1694	0	5	6	8	0.45	
0.50	0.50	0.99	8	WAIT_DIE	0	228203.36	19	188	724	2288	1	6	7	11	0.64	
0.50	0.50	0.99	12	WAIT_DIE	0	237015.39	28	286	516	2001	3	7	8	11	0.72	
0.50	0.50	0.99	16	WAIT_DIE	0	230161.30	34	471	887	1918	3	8	9	11	0.75	
0.50	0.50	0.99	20	WAIT_DIE	0	179308.73	48	817	1313	3292	4	9	10	12	0.78	
0.50	0.50	0.99	24	WAIT_DIE	0	120951.78	79	1395	2081	4650	4	10	11	15	0.80	
0.50	0.50	0.99	28	WAIT_DIE	0	104580.59	101	1786	2463	5113	5	11	12	16	0.82	
0.50	0.50	0.99	32	WAIT_DIE	0	100701.39	118	2152	3065	6070	5	12	14	19	0.83	
0.50	0.50	0.99	36	WAIT_DIE	0	92045.44	142	2545	3623	5404	6	12	15	18	0.84	
0.50	0.50	0.99	1	WOUND_WAIT	0	100193.85	9	25	36	76	0	0	0	0	0.00	
0.50	0.50	0.99	4	WOUND_WAIT	0	236962.41	14	45	84	1644	0	2	3	5	0.11	
0.50	0.50	0.99	8	WOUND_WAIT	0	237151.50	31	93	177	1856	0	3	5	7	0.28	
0.50	0.50	0.99	12	WOUND_WAIT	0	234957.65	52	119	203	1933	0	4	6	7	0.42	
0.50	0.50	0.99	16	WOUND_WAIT	0	216525.71	77	198	385	3267	0	5	7	8	0.51	
0.50	0.50	0.99	20	WOUND_WAIT	0	156570.67	133	327	1129	4493	1	6	8	10	0.58	
0.50	0.50	0.99	24	WOUND_WAIT	0	109977.33	228	599	2286	5252	1	7	9	11	0.63	
0.50	0.50	0.99	28	WOUND_WAIT	0	83525.96	351	931	3455	5140	1	8	10	13	0.67	
0.50	0.50	0.99	32	WOUND_WAIT	0	75348.60	438	1296	4156	6772	1	9	11	13	0.70	
0.50	0.50	0.99	36	WOUND_WAIT	0	70230.95	536	1626	4568	6600	2	9	11	14	0.72	
0.50	0.50	0.99	1	DLOCK	0	99461.07	9	26	38	73	0	0	0	0	0.00	
0.50	0.50	0.99	4	DLOCK	0	315664.42	11	34	55	157	0	1	2	4	0.05	
0.50	0.50	0.99	8	DLOCK	0	440934.18	13	58	109	1667	0	2	4	6	0.15	
0.50	0.50	0.99	12	DLOCK	0	458283.59	17	97	193	1734	0	3	5	7	0.25	
0.50	0.50	0.99	16	DLOCK	0	463862.90	20	115	365	3249	0	4	6	10	0.32	
0.50	0.50	0.99	20	DLOCK	0	347829.44	42	206	393	2022	0	6	7	8	0.41	
0.50	0.50	0.99	24	DLOCK	0	263527.68	70	350	809	4474	0	7	8	10	0.46	
0.50	0.50	0.99	28	DLOCK	0	237402.87	94	499	1135	4991	0	7	9	11	0.50	
0.50	0.50	0.99	32	DLOCK	0	234102.74	111	601	1352	4969	0	8	9	11	0.53	
0.50	0.50	0.99	36	DLOCK	0	222550.34	132	771	1733	4914	0	8	10	13	0.56	
0.50	0.50	0.99	1	HLOCK	0	97133.76	10	25	37	81	0	0	0	0	0.00	
0.50	0.50	0.99	4	HLOCK	0	305228.60	11	32	68	438	0	2	3	4	0.18	
0.50	0.50	0.99	8	HLOCK	0	484406.06	13	59	152	770	0	3	4	6	0.34	
0.50	0.50	0.99	12	HLOCK	0	571334.84	16	83	178	1483	1	4	5	7	0.47	
0.50	0.50	0.99	16	HLOCK	0	576962.50	19	135	315	1645	1	5	6	8	0.56	
0.50	0.50	0.99	20	HLOCK	0	421755.12	36	172	283	2048	2	6	7	8	0.69	
0.50	0.50	0.99	24	HLOCK	0	261439.91	61	386	656	4020	3	7	8	9	0.74	
0.50	0.50	0.99	28	HLOCK	0	203213.97	81	659	1114	4018	3	8	9	10	0.77	
0.50	0.50	0.99	32	HLOCK	0	168471.23	99	1014	1436	4719	4	9	10	11	0.79	
0.50	0.50	0.99	36	HLOCK	0	163282.67	114	1172	1553	4748	4	9	10	11	0.80	
0.50	0.50	0.99	1	SILO	0	101983.39	9	24	35	49	0	0	0	0	0.00	
0.50	0.50	0.99	4	SILO	0	295666.69	11	37	107	450	0	2	4	5	0.31	
0.50	0.50	0.99	8	SILO	0	412407.55	13	73	389	2589	1	4	6	8	0.43	
0.50	0.50	0.99	12	SILO	0	456662.77	14	98	977	5125	1	5	8	12	0.48	
0.50	0.50	0.99	16	SILO	0	503176.53	14	147	1663	6842	1	5	10	16	0.52	
0.50	0.50	0.99	20	SILO	0	503542.86	16	184	2574	9925	1	6	12	23	0.55	
0.50	0.50	0.99	24	SILO	0	509636.41	19	286	3833	12606	1	7	16	32	0.57	
0.50	0.50	0.99	28	SILO	0	519641.01	21	522	5119	13924	1	8	19	40	0.60	
0.50	0.50	0.99	32	SILO	0	460584.87	26	1050	6069	13331	1	10	22	40	0.61	
0.50	0.50	0.99	36	SILO	0	446682.72	29	1392	6884	14535	1	10	24	42	0.63	
