Rd	Wt	Zip	T	CC	TP	P50	P90	P99	P999	Abt
0.50	0.50	0.90	4	WAIT_DIE	0	966263.12	4	6	51	98	154	|	0	0	1	1	2	|	36162
0.50	0.50	0.90	8	WAIT_DIE	0	1583672.75	4	69	98	197	1132	|	0	1	1	3	5	|	204733
0.50	0.50	0.90	12	WAIT_DIE	0	1867051.41	4	88	140	777	2015	|	0	1	2	3	6	|	392223
0.50	0.50	0.90	16	WAIT_DIE	0	1863688.38	4	107	251	1149	2320	|	0	1	2	4	8	|	616584
0.50	0.50	0.90	20	WAIT_DIE	0	1510778.74	5	222	609	1562	2766	|	0	2	3	6	12	|	1011527
0.50	0.50	0.90	24	WAIT_DIE	0	1382172.43	5	411	900	1860	3108	|	0	2	4	8	15	|	1572688
0.50	0.50	0.90	28	WAIT_DIE	0	1343720.32	6	594	1108	2123	3408	|	0	3	4	9	17	|	2157597
0.50	0.50	0.90	32	WAIT_DIE	0	1289693.68	6	770	1325	2417	3863	|	0	3	5	11	19	|	2817823
0.50	0.50	0.90	36	WAIT_DIE	0	1100570.31	6	1053	1679	2921	4636	|	0	4	6	13	24	|	3777982
0.50	0.50	0.90	40	WAIT_DIE	0	1033089.60	6	1265	1949	3340	5273	|	0	4	7	15	26	|	4989063
0.50	0.50	0.90	44	WAIT_DIE	0	1007504.28	7	1437	2175	3688	5877	|	0	4	8	16	28	|	5998424
0.50	0.50	0.90	48	WAIT_DIE	0	922898.30	7	1698	2524	4237	6765	|	0	5	9	18	31	|	7626673
0.50	0.50	0.90	4	NO_WAIT	0	1039648.75	3	24	76	145	271	|	0	1	1	2	4	|	60743
0.50	0.50	0.90	8	NO_WAIT	0	1401863.47	4	79	134	646	2021	|	0	1	2	4	9	|	266061
0.50	0.50	0.90	12	NO_WAIT	0	1515910.10	4	98	229	1275	2923	|	0	1	2	6	11	|	492691
0.50	0.50	0.90	16	NO_WAIT	0	1601647.37	4	122	415	1659	3515	|	0	2	3	6	13	|	706869
0.50	0.50	0.90	20	NO_WAIT	0	1420638.33	4	206	733	2194	4709	|	0	2	4	9	18	|	1031126
0.50	0.50	0.90	24	NO_WAIT	0	1286923.31	5	353	1022	2825	6033	|	0	2	4	11	24	|	1696841
0.50	0.50	0.90	28	NO_WAIT	0	1321286.39	5	464	1203	3207	6862	|	0	3	5	12	25	|	2052269
0.50	0.50	0.90	32	NO_WAIT	0	1306078.51	5	601	1402	3690	7916	|	0	3	5	13	28	|	2737975
0.50	0.50	0.90	36	NO_WAIT	0	1168672.03	5	795	1731	4630	9946	|	0	3	6	17	37	|	3449363
0.50	0.50	0.90	40	NO_WAIT	0	1068164.36	6	980	2073	5600	12420	|	0	4	7	20	45	|	4819820
0.50	0.50	0.90	44	NO_WAIT	0	1023324.62	6	1138	2364	6496	14286	|	0	4	8	23	51	|	5799789
0.50	0.50	0.90	48	NO_WAIT	0	1034117.71	6	1244	2559	6983	15506	|	0	4	8	24	54	|	6785267
0.50	0.50	0.90	4	DL_DETECT	0	1004395.80	3	5	5	8	41	|	0	0	0	0	1	|	524
0.50	0.50	0.90	8	DL_DETECT	0	1421388.54	4	8	12	24	113	|	0	0	0	0	1	|	5604
0.50	0.50	0.90	12	DL_DETECT	0	1139500.23	4	26	39	131	287	|	0	0	0	1	3	|	38819
0.50	0.50	0.90	16	DL_DETECT	0	619096.09	5	76	144	360	831	|	0	0	1	2	5	|	155131
0.50	0.50	0.90	20	DL_DETECT	0	250508.07	10	256	461	1165	2907	|	0	1	1	4	10	|	395674
0.50	0.50	0.90	24	DL_DETECT	0	138988.90	15	585	1052	2852	7777	|	0	1	2	6	18	|	776418
0.50	0.50	0.90	28	DL_DETECT	0	91055.47	51	1048	1967	5723	16733	|	0	1	3	9	27	|	1307792
0.50	0.50	0.90	32	DL_DETECT	0	66271.64	115	1668	3183	9926	31453	|	0	1	3	12	40	|	2027195
0.50	0.50	0.90	36	DL_DETECT	0	49009.24	197	2525	4908	16360	55309	|	0	2	4	16	56	|	3057338
0.50	0.50	0.90	40	DL_DETECT	0	39127.21	285	3552	6942	23945	85015	|	0	2	5	20	73	|	4304404
0.50	0.50	0.90	44	DL_DETECT	0	32172.86	375	4827	9413	33007	99999	|	0	3	6	24	92	|	5955723
0.50	0.50	0.90	48	DL_DETECT	0	28060.70	452	6076	11859	42629	99999	|	0	3	7	29	114	|	7988359
0.50	0.50	0.90	4	SILO	0	1210396.07	3	4	37	95	150	|	0	0	1	1	2	|	27558
0.50	0.50	0.90	8	SILO	0	2119585.61	3	45	80	119	217	|	0	1	1	2	3	|	134438
0.50	0.50	0.90	12	SILO	0	2922494.25	3	67	94	173	957	|	0	1	1	2	4	|	295581
0.50	0.50	0.90	16	SILO	0	3412729.11	3	77	101	286	1511	|	0	1	2	3	5	|	470742
0.50	0.50	0.90	20	SILO	0	3435740.38	4	90	130	578	1754	|	0	1	2	4	7	|	708088
0.50	0.50	0.90	24	SILO	0	3489877.76	4	98	162	780	2034	|	0	1	2	4	8	|	1026887
0.50	0.50	0.90	28	SILO	0	3595321.02	5	104	190	944	2271	|	0	2	2	5	10	|	1356426
0.50	0.50	0.90	32	SILO	0	3624003.44	5	115	237	1156	2610	|	0	2	3	5	11	|	1710729
0.50	0.50	0.90	36	SILO	0	3336998.29	5	149	339	1402	3254	|	0	2	3	7	17	|	2306198
0.50	0.50	0.90	40	SILO	0	3206314.36	5	177	443	1656	3973	|	0	2	4	9	23	|	2950970
0.50	0.50	0.90	44	SILO	0	3012715.48	6	211	552	1891	4914	|	0	2	4	12	36	|	3766002
0.50	0.50	0.90	48	SILO	0	1987010.07	6	322	667	2357	9045	|	0	4	8	29	124	|	7408006
0.50	0.50	0.90	4	TICTOC	0	1092706.58	3	4	5	88	125	|	0	0	0	1	2	|	19264
0.50	0.50	0.90	8	TICTOC	0	2250267.28	3	8	62	104	195	|	0	1	1	2	3	|	87786
0.50	0.50	0.90	12	TICTOC	0	3012424.42	3	44	82	140	265	|	0	1	1	2	4	|	200586
0.50	0.50	0.90	16	TICTOC	0	3985190.24	3	62	94	189	812	|	0	1	1	3	6	|	375229
0.50	0.50	0.90	20	TICTOC	0	3955920.38	4	77	106	275	1189	|	0	1	2	4	9	|	616907
0.50	0.50	0.90	24	TICTOC	0	3963055.46	4	89	138	431	1724	|	0	1	2	5	13	|	930975
0.50	0.50	0.90	28	TICTOC	0	3909099.84	4	97	171	682	2311	|	0	1	3	7	18	|	1341439
0.50	0.50	0.90	32	TICTOC	0	3812507.78	5	104	206	965	3237	|	0	2	3	8	25	|	1696799
0.50	0.50	0.90	36	TICTOC	0	2522782.88	5	154	383	1501	5005	|	0	2	5	20	70	|	3152475
0.50	0.50	0.90	40	TICTOC	0	2463028.03	5	167	421	1680	6114	|	0	2	6	23	88	|	3751407
0.50	0.50	0.90	44	TICTOC	0	2182865.23	6	197	510	1913	6892	|	0	2	7	26	99	|	5255564
0.50	0.50	0.90	48	TICTOC	0	2087400.57	6	214	570	2166	7665	|	0	2	7	29	104	|	5618178
0.90	0.10	0.90	4	WAIT_DIE	0	1089480.33	3	4	4	59	102	|	0	0	0	1	1	|	8375
0.90	0.10	0.90	8	WAIT_DIE	0	1923143.66	4	5	12	91	140	|	0	0	1	1	2	|	42857
0.90	0.10	0.90	12	WAIT_DIE	0	2894528.33	3	6	51	102	190	|	0	0	1	1	3	|	110117
0.90	0.10	0.90	16	WAIT_DIE	0	3329221.77	4	23	75	135	284	|	0	1	1	2	5	|	220026
0.90	0.10	0.90	20	WAIT_DIE	0	2779505.35	4	63	106	251	643	|	0	1	1	3	9	|	435836
0.90	0.10	0.90	24	WAIT_DIE	0	2321617.89	5	93	166	510	1449	|	0	1	2	5	13	|	760481
0.90	0.10	0.90	28	WAIT_DIE	0	2051411.11	5	117	255	999	2648	|	0	1	2	8	19	|	1225511
0.90	0.10	0.90	32	WAIT_DIE	0	1953335.91	5	143	368	1621	3928	|	0	1	3	10	29	|	1813921
0.90	0.10	0.90	36	WAIT_DIE	0	1661924.06	6	194	616	2507	6161	|	0	2	4	14	45	|	2704902
0.90	0.10	0.90	40	WAIT_DIE	0	1470893.16	6	257	929	3525	8642	|	0	2	4	19	62	|	3768085
0.90	0.10	0.90	44	WAIT_DIE	0	1345841.13	6	345	1244	4488	10832	|	0	2	5	24	73	|	4925196
0.90	0.10	0.90	48	WAIT_DIE	0	1315350.16	6	445	1485	5160	12264	|	0	2	6	26	79	|	5786374
0.90	0.10	0.90	4	NO_WAIT	0	1089006.23	3	4	5	79	152	|	0	0	0	1	2	|	13162
0.90	0.10	0.90	8	NO_WAIT	0	2001129.24	3	5	38	116	319	|	0	0	1	2	6	|	73706
0.90	0.10	0.90	12	NO_WAIT	0	2766123.05	4	8	74	215	745	|	0	0	1	4	13	|	223195
0.90	0.10	0.90	16	NO_WAIT	0	3195251.34	4	34	92	448	1796	|	0	1	1	7	24	|	488511
0.90	0.10	0.90	20	NO_WAIT	0	2299559.10	4	60	117	1218	5061	|	0	1	2	14	58	|	1134435
0.90	0.10	0.90	24	NO_WAIT	0	1622416.60	5	88	182	2406	10294	|	0	1	2	27	113	|	2300904
0.90	0.10	0.90	28	NO_WAIT	0	1212142.26	5	123	298	4041	16648	|	0	1	2	43	179	|	4189988
0.90	0.10	0.90	32	NO_WAIT	0	981876.39	5	173	465	6008	23898	|	0	1	3	58	242	|	6261686
0.90	0.10	0.90	36	NO_WAIT	0	747340.04	5	270	733	8785	33382	|	0	2	4	77	329	|	9663225
0.90	0.10	0.90	40	NO_WAIT	0	627558.26	6	368	1015	11743	43569	|	0	2	4	93	398	|	13039700
0.90	0.10	0.90	44	NO_WAIT	0	579768.90	6	452	1268	13970	52340	|	0	2	4	103	451	|	16778852
0.90	0.10	0.90	48	NO_WAIT	0	491065.80	6	612	1654	18516	66537	|	0	2	5	121	527	|	21325418
0.90	0.10	0.90	4	DL_DETECT	0	1097401.82	3	4	4	5	9	|	0	0	0	0	0	|	40
0.90	0.10	0.90	8	DL_DETECT	0	1902137.92	3	5	5	9	16	|	0	0	0	0	0	|	250
0.90	0.10	0.90	12	DL_DETECT	0	2708261.50	3	5	7	14	31	|	0	0	0	0	0	|	853
0.90	0.10	0.90	16	DL_DETECT	0	2732311.76	4	8	13	28	85	|	0	0	0	0	1	|	2612
0.90	0.10	0.90	20	DL_DETECT	0	1566684.26	6	28	43	82	214	|	0	0	0	0	1	|	9177
0.90	0.10	0.90	24	DL_DETECT	0	1071496.23	8	60	88	176	490	|	0	0	0	0	2	|	24650
0.90	0.10	0.90	28	DL_DETECT	0	723032.01	8	115	169	360	934	|	0	0	0	1	3	|	63344
0.90	0.10	0.90	32	DL_DETECT	0	494601.13	9	200	289	661	1828	|	0	0	0	1	4	|	128122
0.90	0.10	0.90	36	DL_DETECT	0	329529.16	11	333	483	1180	3729	|	0	0	0	2	7	|	231186
0.90	0.10	0.90	40	DL_DETECT	0	229912.92	13	518	764	2050	7208	|	0	0	0	2	10	|	399111
0.90	0.10	0.90	44	DL_DETECT	0	167447.76	13	750	1140	3429	13635	|	0	0	1	3	16	|	659542
0.90	0.10	0.90	48	DL_DETECT	0	128507.07	14	995	1793	5342	23895	|	0	0	1	4	23	|	1040824
0.90	0.10	0.90	4	SILO	0	1436433.98	2	3	3	37	98	|	0	0	0	1	1	|	5534
0.90	0.10	0.90	8	SILO	0	2590253.51	3	4	4	77	104	|	0	0	0	1	1	|	27192
0.90	0.10	0.90	12	SILO	0	3884674.81	3	4	10	88	112	|	0	0	1	1	2	|	64467
0.90	0.10	0.90	16	SILO	0	5053633.61	3	4	35	94	137	|	0	0	1	1	2	|	106753
0.90	0.10	0.90	20	SILO	0	5552546.06	3	5	51	98	157	|	0	0	1	1	2	|	171092
0.90	0.10	0.90	24	SILO	0	6319640.34	3	12	62	101	170	|	0	1	1	1	2	|	249743
0.90	0.10	0.90	28	SILO	0	7027852.33	3	26	69	103	181	|	0	1	1	2	3	|	340652
0.90	0.10	0.90	32	SILO	0	7647263.66	4	37	75	105	188	|	0	1	1	2	3	|	449445
0.90	0.10	0.90	36	SILO	0	8313780.52	4	45	80	110	202	|	0	1	1	2	3	|	572621
0.90	0.10	0.90	40	SILO	0	8761408.61	4	53	84	121	216	|	0	1	1	2	3	|	686109
0.90	0.10	0.90	44	SILO	0	9286456.51	4	59	88	133	232	|	0	1	1	2	4	|	863426
0.90	0.10	0.90	48	SILO	0	9588711.09	4	64	91	145	253	|	0	1	1	2	4	|	1034985
0.90	0.10	0.90	4	TICTOC	0	1318582.34	2	3	4	4	78	|	0	0	0	0	1	|	1434
0.90	0.10	0.90	8	TICTOC	0	2631916.06	2	3	4	5	94	|	0	0	0	0	1	|	6614
0.90	0.10	0.90	12	TICTOC	0	3664968.37	3	4	4	32	99	|	0	0	0	1	1	|	15518
0.90	0.10	0.90	16	TICTOC	0	4755864.60	3	4	4	53	102	|	0	0	0	1	1	|	28872
0.90	0.10	0.90	20	TICTOC	0	5388490.68	3	4	5	67	105	|	0	0	0	1	2	|	45338
0.90	0.10	0.90	24	TICTOC	0	6007256.72	3	5	5	76	110	|	0	0	0	1	2	|	67895
0.90	0.10	0.90	28	TICTOC	0	6727223.98	4	5	6	82	131	|	0	0	0	1	2	|	97954
0.90	0.10	0.90	32	TICTOC	0	7285490.99	4	5	6	87	142	|	0	0	0	1	2	|	127774
0.90	0.10	0.90	36	TICTOC	0	7712121.92	4	6	7	91	157	|	0	0	0	1	2	|	172402
0.90	0.10	0.90	40	TICTOC	0	8059776.83	4	6	12	96	172	|	0	0	1	1	3	|	211026
0.90	0.10	0.90	44	TICTOC	0	8539903.61	4	6	22	99	182	|	0	0	1	1	3	|	260937
0.90	0.10	0.90	48	TICTOC	0	8955585.41	5	7	31	101	194	|	0	0	1	1	3	|	316765
