Rd	Wt	Zip	T	CC	TP	P50	P90	P99	P999	Abt
0.00	1.00	0.50	1	WOUND_WAIT	0	159799.81	6	6	7	7	10	|	0	0	0	0	0	|	0
0.00	1.00	0.50	4	WOUND_WAIT	0	640477.20	6	6	7	7	11	|	0	0	0	0	0	|	0
0.00	1.00	0.50	8	WOUND_WAIT	0	1243135.12	6	7	7	7	10	|	0	0	0	0	0	|	0
0.00	1.00	0.50	12	WOUND_WAIT	0	1844485.39	6	7	7	7	12	|	0	0	0	0	0	|	0
0.00	1.00	0.50	16	WOUND_WAIT	0	2411771.09	6	7	7	8	12	|	0	0	0	0	0	|	1
0.00	1.00	0.50	20	WOUND_WAIT	0	2752895.82	7	8	8	9	13	|	0	0	0	0	0	|	1
0.00	1.00	0.50	24	WOUND_WAIT	0	2950431.63	8	9	9	10	14	|	0	0	0	0	0	|	10
0.00	1.00	0.50	28	WOUND_WAIT	0	3247396.18	8	9	10	10	15	|	0	0	0	0	0	|	6
0.00	1.00	0.50	32	WOUND_WAIT	0	3501884.56	9	10	10	11	17	|	0	0	0	0	0	|	8
0.00	1.00	0.50	36	WOUND_WAIT	0	3679344.30	9	11	11	12	17	|	0	0	0	0	0	|	15
0.00	1.00	0.50	40	WOUND_WAIT	0	3812150.43	10	11	12	13	19	|	0	0	0	0	0	|	25
0.00	1.00	0.50	44	WOUND_WAIT	0	3976942.31	10	12	13	14	21	|	0	0	0	0	0	|	22
0.00	1.00	0.50	48	WOUND_WAIT	0	4313929.37	11	12	13	14	21	|	0	0	0	0	0	|	32
0.00	1.00	0.50	52	WOUND_WAIT	0	4348103.34	11	13	14	15	24	|	0	0	0	0	0	|	46
0.00	1.00	0.50	56	WOUND_WAIT	0	4693844.14	11	13	13	15	23	|	0	0	0	0	0	|	51
0.00	1.00	0.50	60	WOUND_WAIT	0	4501582.29	13	15	15	17	26	|	0	0	0	0	0	|	62
0.00	1.00	0.50	64	WOUND_WAIT	0	4900130.11	12	14	15	16	25	|	0	0	0	0	0	|	90
0.00	1.00	0.50	1	SILO	0	184507.46	5	6	6	6	9	|	0	0	0	0	0	|	0
0.00	1.00	0.50	4	SILO	0	774537.78	5	5	6	6	8	|	0	0	0	0	0	|	116
0.00	1.00	0.50	8	SILO	0	1507355.54	5	6	6	6	11	|	0	0	0	0	0	|	493
0.00	1.00	0.50	12	SILO	0	2221476.21	5	6	6	6	20	|	0	0	0	0	1	|	1216
0.00	1.00	0.50	16	SILO	0	3315176.67	4	5	5	6	41	|	0	0	0	0	1	|	2132
0.00	1.00	0.50	20	SILO	0	3408406.08	5	6	7	7	57	|	0	0	0	0	1	|	3615
0.00	1.00	0.50	24	SILO	0	3871636.19	6	7	7	8	68	|	0	0	0	0	1	|	4915
0.00	1.00	0.50	28	SILO	0	4247346.49	6	7	8	9	73	|	0	0	0	0	1	|	6637
0.00	1.00	0.50	32	SILO	0	4527036.23	7	8	8	9	79	|	0	0	0	0	1	|	8725
0.00	1.00	0.50	36	SILO	0	4997127.36	7	8	8	9	83	|	0	0	0	0	1	|	11729
0.00	1.00	0.50	40	SILO	0	5456624.83	7	8	9	9	86	|	0	0	0	0	1	|	13549
0.00	1.00	0.50	44	SILO	0	5666938.37	7	9	9	10	89	|	0	0	0	0	1	|	16686
0.00	1.00	0.50	48	SILO	0	5992613.92	7	9	9	10	91	|	0	0	0	0	1	|	19437
0.00	1.00	0.50	52	SILO	0	6456141.19	8	9	9	10	94	|	0	0	0	0	1	|	23646
0.00	1.00	0.50	56	SILO	0	6673520.71	8	9	10	11	95	|	0	0	0	0	1	|	26920
0.00	1.00	0.50	60	SILO	0	6460408.87	9	11	11	13	98	|	0	0	0	0	1	|	30479
0.00	1.00	0.50	64	SILO	0	7128563.41	8	10	11	12	99	|	0	0	0	0	1	|	35254
0.50	0.50	0.50	1	WOUND_WAIT	0	171560.16	5	6	6	7	10	|	0	0	0	0	0	|	0
0.50	0.50	0.50	4	WOUND_WAIT	0	674295.45	5	6	6	7	11	|	0	0	0	0	0	|	0
0.50	0.50	0.50	8	WOUND_WAIT	0	1456260.84	5	6	6	6	11	|	0	0	0	0	0	|	1
0.50	0.50	0.50	12	WOUND_WAIT	0	1939241.22	6	6	7	7	12	|	0	0	0	0	0	|	0
0.50	0.50	0.50	16	WOUND_WAIT	0	2781276.73	5	6	6	6	12	|	0	0	0	0	0	|	1
0.50	0.50	0.50	20	WOUND_WAIT	0	2901633.96	6	7	8	8	13	|	0	0	0	0	0	|	0
0.50	0.50	0.50	24	WOUND_WAIT	0	3224132.16	7	8	8	9	14	|	0	0	0	0	0	|	4
0.50	0.50	0.50	28	WOUND_WAIT	0	3485223.18	7	9	9	10	13	|	0	0	0	0	0	|	4
0.50	0.50	0.50	32	WOUND_WAIT	0	3782644.91	8	9	10	10	15	|	0	0	0	0	0	|	4
0.50	0.50	0.50	36	WOUND_WAIT	0	4058073.24	8	10	10	11	15	|	0	0	0	0	0	|	6
0.50	0.50	0.50	40	WOUND_WAIT	0	4166854.12	9	10	11	12	18	|	0	0	0	0	0	|	12
0.50	0.50	0.50	44	WOUND_WAIT	0	4593084.74	9	10	11	12	18	|	0	0	0	0	0	|	11
0.50	0.50	0.50	48	WOUND_WAIT	0	4532281.53	10	12	12	13	20	|	0	0	0	0	0	|	19
0.50	0.50	0.50	52	WOUND_WAIT	0	4815995.03	10	12	12	14	21	|	0	0	0	0	0	|	19
0.50	0.50	0.50	56	WOUND_WAIT	0	5286499.20	10	11	12	13	21	|	0	0	0	0	0	|	25
0.50	0.50	0.50	60	WOUND_WAIT	0	5395992.89	10	12	13	14	21	|	0	0	0	0	0	|	32
0.50	0.50	0.50	64	WOUND_WAIT	0	5607860.52	11	12	13	14	23	|	0	0	0	0	0	|	41
0.50	0.50	0.50	1	SILO	0	186804.12	5	5	6	6	10	|	0	0	0	0	0	|	0
0.50	0.50	0.50	4	SILO	0	759469.24	5	5	6	6	11	|	0	0	0	0	0	|	59
0.50	0.50	0.50	8	SILO	0	1494421.71	5	6	6	6	10	|	0	0	0	0	0	|	274
0.50	0.50	0.50	12	SILO	0	2220957.30	5	6	6	6	11	|	0	0	0	0	0	|	666
0.50	0.50	0.50	16	SILO	0	2926304.37	5	6	6	6	13	|	0	0	0	0	0	|	1179
0.50	0.50	0.50	20	SILO	0	3291063.96	6	6	7	7	19	|	0	0	0	0	0	|	1819
0.50	0.50	0.50	24	SILO	0	3807682.44	6	7	7	8	28	|	0	0	0	0	1	|	2641
0.50	0.50	0.50	28	SILO	0	4285181.78	6	7	7	8	38	|	0	0	0	0	1	|	3605
0.50	0.50	0.50	32	SILO	0	4583161.40	6	8	8	9	45	|	0	0	0	0	1	|	4601
0.50	0.50	0.50	36	SILO	0	4968624.36	7	8	8	9	54	|	0	0	0	0	1	|	5626
0.50	0.50	0.50	40	SILO	0	5199135.55	7	8	9	10	61	|	0	0	0	0	1	|	7145
0.50	0.50	0.50	44	SILO	0	5420271.26	8	9	9	10	65	|	0	0	0	0	1	|	8815
0.50	0.50	0.50	48	SILO	0	5892909.13	8	9	9	10	70	|	0	0	0	0	1	|	10440
0.50	0.50	0.50	52	SILO	0	6111666.69	8	9	10	11	74	|	0	0	0	0	1	|	11863
0.50	0.50	0.50	56	SILO	0	6672594.29	8	9	10	10	77	|	0	0	0	0	1	|	14999
0.50	0.50	0.50	60	SILO	0	6975570.46	8	9	10	11	79	|	0	0	0	0	1	|	16106
0.50	0.50	0.50	64	SILO	0	7177810.27	8	10	10	11	82	|	0	0	0	0	1	|	18317
1.00	0.00	0.50	1	WOUND_WAIT	0	189264.86	5	5	6	6	7	|	0	0	0	0	0	|	0
1.00	0.00	0.50	4	WOUND_WAIT	0	719825.52	5	6	6	6	9	|	0	0	0	0	0	|	0
1.00	0.00	0.50	8	WOUND_WAIT	0	1393923.63	5	6	6	7	11	|	0	0	0	0	0	|	0
1.00	0.00	0.50	12	WOUND_WAIT	0	2298022.72	5	5	5	6	10	|	0	0	0	0	0	|	0
1.00	0.00	0.50	16	WOUND_WAIT	0	2712500.06	5	6	6	7	13	|	0	0	0	0	0	|	0
1.00	0.00	0.50	20	WOUND_WAIT	0	3131717.70	6	7	7	8	11	|	0	0	0	0	0	|	0
1.00	0.00	0.50	24	WOUND_WAIT	0	3514029.50	6	7	8	8	13	|	0	0	0	0	0	|	0
1.00	0.00	0.50	28	WOUND_WAIT	0	3981544.87	6	7	8	8	13	|	0	0	0	0	0	|	0
1.00	0.00	0.50	32	WOUND_WAIT	0	4219113.23	7	8	9	9	13	|	0	0	0	0	0	|	0
1.00	0.00	0.50	36	WOUND_WAIT	0	4578011.96	7	8	9	9	13	|	0	0	0	0	0	|	0
1.00	0.00	0.50	40	WOUND_WAIT	0	4747425.58	8	9	10	10	14	|	0	0	0	0	0	|	0
1.00	0.00	0.50	44	WOUND_WAIT	0	4947272.07	8	10	10	11	14	|	0	0	0	0	0	|	0
1.00	0.00	0.50	48	WOUND_WAIT	0	5224274.59	9	10	10	11	17	|	0	0	0	0	0	|	0
1.00	0.00	0.50	52	WOUND_WAIT	0	5537635.62	9	10	11	12	18	|	0	0	0	0	0	|	0
1.00	0.00	0.50	56	WOUND_WAIT	0	6023262.40	9	10	10	11	17	|	0	0	0	0	0	|	0
1.00	0.00	0.50	60	WOUND_WAIT	0	6372956.99	9	10	11	11	17	|	0	0	0	0	0	|	0
1.00	0.00	0.50	64	WOUND_WAIT	0	6588524.36	9	11	11	12	19	|	0	0	0	0	0	|	0
1.00	0.00	0.50	1	SILO	0	200318.73	4	5	5	6	8	|	0	0	0	0	0	|	0
1.00	0.00	0.50	4	SILO	0	845068.22	4	5	5	6	9	|	0	0	0	0	0	|	0
1.00	0.00	0.50	8	SILO	0	1642536.10	4	5	5	6	10	|	0	0	0	0	0	|	0
1.00	0.00	0.50	12	SILO	0	2461976.76	4	5	5	6	9	|	0	0	0	0	0	|	0
1.00	0.00	0.50	16	SILO	0	3198011.19	4	5	5	6	12	|	0	0	0	0	0	|	0
1.00	0.00	0.50	20	SILO	0	3728558.24	5	6	6	7	12	|	0	0	0	0	0	|	0
1.00	0.00	0.50	24	SILO	0	4290484.71	5	6	7	7	11	|	0	0	0	0	0	|	0
1.00	0.00	0.50	28	SILO	0	4576036.11	6	7	7	8	11	|	0	0	0	0	0	|	0
1.00	0.00	0.50	32	SILO	0	5048054.27	6	7	7	8	12	|	0	0	0	0	0	|	0
1.00	0.00	0.50	36	SILO	0	5606081.31	6	7	8	8	12	|	0	0	0	0	0	|	0
1.00	0.00	0.50	40	SILO	0	5912363.88	6	8	8	9	13	|	0	0	0	0	0	|	0
1.00	0.00	0.50	44	SILO	0	6494424.69	6	8	8	9	13	|	0	0	0	0	0	|	0
1.00	0.00	0.50	48	SILO	0	6687476.15	7	8	9	9	13	|	0	0	0	0	0	|	0
1.00	0.00	0.50	52	SILO	0	7685229.42	6	8	8	9	13	|	0	0	0	0	0	|	0
1.00	0.00	0.50	56	SILO	0	7962079.09	6	8	8	9	13	|	0	0	0	0	0	|	0
1.00	0.00	0.50	60	SILO	0	8354433.53	7	8	8	9	13	|	0	0	0	0	0	|	0
1.00	0.00	0.50	64	SILO	0	8599039.09	7	8	9	9	14	|	0	0	0	0	0	|	0
0.00	1.00	0.90	1	WOUND_WAIT	0	241913.86	4	5	5	6	7	|	0	0	0	0	0	|	0
0.00	1.00	0.90	4	WOUND_WAIT	0	871865.25	4	5	6	9	88	|	0	0	0	0	1	|	1780
0.00	1.00	0.90	8	WOUND_WAIT	0	1522674.41	4	8	10	60	107	|	0	0	0	1	1	|	15271
0.00	1.00	0.90	12	WOUND_WAIT	0	1643749.20	5	16	22	92	121	|	0	0	0	1	2	|	45186
0.00	1.00	0.90	16	WOUND_WAIT	0	1629392.35	5	26	40	109	148	|	0	0	1	1	2	|	94387
0.00	1.00	0.90	20	WOUND_WAIT	0	1244074.45	6	51	83	143	208	|	0	0	1	1	2	|	166810
0.00	1.00	0.90	24	WOUND_WAIT	0	1049633.28	7	79	114	180	258	|	0	0	1	2	2	|	253567
0.00	1.00	0.90	28	WOUND_WAIT	0	957711.02	9	106	143	218	307	|	0	1	1	2	3	|	356722
0.00	1.00	0.90	32	WOUND_WAIT	0	908619.87	11	131	171	257	355	|	0	1	1	2	3	|	470089
0.00	1.00	0.90	36	WOUND_WAIT	0	817853.47	14	166	213	316	433	|	0	1	1	2	3	|	599602
0.00	1.00	0.90	40	WOUND_WAIT	0	754181.75	19	201	255	374	509	|	0	1	1	2	3	|	738988
0.00	1.00	0.90	44	WOUND_WAIT	0	717696.45	24	235	296	430	578	|	0	1	1	2	3	|	897914
0.00	1.00	0.90	48	WOUND_WAIT	0	685802.00	29	271	339	491	659	|	0	1	1	2	4	|	1067582
0.00	1.00	0.90	52	WOUND_WAIT	0	639472.13	37	317	393	566	753	|	0	1	2	3	4	|	1244179
0.00	1.00	0.90	56	WOUND_WAIT	0	608341.75	44	360	444	638	850	|	0	1	2	3	4	|	1441394
0.00	1.00	0.90	60	WOUND_WAIT	0	582986.10	53	405	497	711	936	|	0	1	2	3	4	|	1649357
0.00	1.00	0.90	64	WOUND_WAIT	0	564349.61	62	448	550	783	1033	|	0	1	2	3	4	|	1866862
0.00	1.00	0.90	1	SILO	0	277763.61	3	4	4	5	5	|	0	0	0	0	0	|	0
0.00	1.00	0.90	4	SILO	0	1077136.49	3	33	73	105	194	|	0	1	1	2	3	|	56517
0.00	1.00	0.90	8	SILO	0	1508511.84	3	61	90	171	5820	|	0	1	1	2	4	|	158653
0.00	1.00	0.90	12	SILO	0	1657978.27	3	71	97	221	8790	|	0	1	1	3	5	|	274313
0.00	1.00	0.90	16	SILO	0	1755951.70	3	72	98	1102	10386	|	0	1	1	3	5	|	381280
0.00	1.00	0.90	20	SILO	0	1768054.37	4	84	108	2056	11889	|	0	1	2	3	6	|	619017
0.00	1.00	0.90	24	SILO	0	1774625.54	4	91	130	3094	13029	|	0	1	2	4	7	|	788899
0.00	1.00	0.90	28	SILO	0	1796577.69	4	95	146	3918	14009	|	0	1	2	4	8	|	1095621
0.00	1.00	0.90	32	SILO	0	1836220.36	4	98	159	4670	14664	|	0	1	2	4	8	|	1275699
0.00	1.00	0.90	36	SILO	0	1813477.92	5	103	180	5360	15721	|	0	1	2	5	10	|	1557406
0.00	1.00	0.90	40	SILO	0	1760436.21	5	109	215	6025	17144	|	0	2	3	6	14	|	2007879
0.00	1.00	0.90	44	SILO	0	917166.09	5	763	1457	4042	11339	|	0	8	16	48	140	|	10166840
0.00	1.00	0.90	48	SILO	0	857149.09	5	861	1622	4436	12320	|	0	8	17	51	150	|	12388978
0.00	1.00	0.90	52	SILO	0	758990.33	6	984	1918	5432	15501	|	0	9	18	58	179	|	7814040
0.00	1.00	0.90	56	SILO	0	689305.09	6	1135	2161	6033	17239	|	0	9	19	63	194	|	15915016
0.00	1.00	0.90	60	SILO	0	677416.53	6	1197	2300	6631	19576	|	0	10	20	67	214	|	16653898
0.00	1.00	0.90	64	SILO	0	656894.61	6	1254	2444	7309	22627	|	0	10	20	71	240	|	16528038
0.50	0.50	0.90	1	WOUND_WAIT	0	286295.20	3	4	4	5	6	|	0	0	0	0	0	|	0
0.50	0.50	0.90	4	WOUND_WAIT	0	927329.99	4	5	6	8	72	|	0	0	0	0	1	|	1073
0.50	0.50	0.90	8	WOUND_WAIT	0	1673754.24	4	7	8	28	103	|	0	0	0	1	1	|	9588
0.50	0.50	0.90	12	WOUND_WAIT	0	1931707.58	4	11	16	75	113	|	0	0	0	1	1	|	30274
0.50	0.50	0.90	16	WOUND_WAIT	0	2109464.12	4	18	24	95	129	|	0	0	0	1	2	|	62870
0.50	0.50	0.90	20	WOUND_WAIT	0	1494150.58	6	38	53	123	181	|	0	0	1	1	2	|	111746
0.50	0.50	0.90	24	WOUND_WAIT	0	1280308.83	7	58	83	152	230	|	0	0	1	1	2	|	176687
0.50	0.50	0.90	28	WOUND_WAIT	0	1185168.10	7	77	108	179	269	|	0	0	1	1	2	|	253445
0.50	0.50	0.90	32	WOUND_WAIT	0	1122252.09	8	97	131	210	312	|	0	0	1	2	3	|	341475
0.50	0.50	0.90	36	WOUND_WAIT	0	992827.87	11	126	164	257	379	|	0	1	1	2	3	|	441867
0.50	0.50	0.90	40	WOUND_WAIT	0	909853.07	14	154	197	305	443	|	0	1	1	2	3	|	549673
0.50	0.50	0.90	44	WOUND_WAIT	0	866132.39	17	181	229	350	507	|	0	1	1	2	3	|	672756
0.50	0.50	0.90	48	WOUND_WAIT	0	836433.42	21	206	260	393	562	|	0	1	1	2	3	|	799752
0.50	0.50	0.90	52	WOUND_WAIT	0	773766.35	27	244	306	459	654	|	0	1	1	2	3	|	947386
0.50	0.50	0.90	56	WOUND_WAIT	0	732832.11	33	279	347	520	740	|	0	1	1	2	4	|	1096725
0.50	0.50	0.90	60	WOUND_WAIT	0	706455.13	40	313	387	577	816	|	0	1	1	2	4	|	1257157
0.50	0.50	0.90	64	WOUND_WAIT	0	678721.99	47	349	431	640	908	|	0	1	1	3	4	|	1427258
0.50	0.50	0.90	1	SILO	0	280393.85	3	4	4	5	6	|	0	0	0	0	0	|	0
0.50	0.50	0.90	4	SILO	0	1128737.03	3	4	38	95	145	|	0	0	1	1	2	|	29440
0.50	0.50	0.90	8	SILO	0	2197210.48	3	42	79	119	230	|	0	1	1	2	3	|	125747
0.50	0.50	0.90	12	SILO	0	2657461.81	3	56	87	149	3378	|	0	1	1	2	4	|	230924
0.50	0.50	0.90	16	SILO	0	2920216.90	3	67	94	174	5684	|	0	1	1	2	4	|	369296
0.50	0.50	0.90	20	SILO	0	2944762.30	4	78	101	216	6784	|	0	1	2	3	5	|	562050
0.50	0.50	0.90	24	SILO	0	2989953.47	4	83	105	268	8413	|	0	1	2	3	6	|	706439
0.50	0.50	0.90	28	SILO	0	3067797.63	4	87	111	345	9438	|	0	1	2	3	6	|	892038
0.50	0.50	0.90	32	SILO	0	3146218.72	4	89	119	862	10307	|	0	1	2	4	7	|	1099764
0.50	0.50	0.90	36	SILO	0	3134027.76	5	95	137	1507	11057	|	0	1	2	4	8	|	1359954
0.50	0.50	0.90	40	SILO	0	3108387.21	5	99	153	2126	12073	|	0	1	2	4	9	|	1757162
0.50	0.50	0.90	44	SILO	0	3143274.43	5	102	163	2723	12484	|	0	2	2	5	10	|	1900917
0.50	0.50	0.90	48	SILO	0	3163756.92	5	103	171	3322	13114	|	0	2	2	5	10	|	2136061
0.50	0.50	0.90	52	SILO	0	2899368.77	5	116	219	3740	13930	|	0	2	3	7	29	|	3052176
0.50	0.50	0.90	56	SILO	0	1578883.82	6	373	754	3236	14937	|	0	4	8	37	189	|	9240365
0.50	0.50	0.90	60	SILO	0	1486388.74	6	413	830	3562	16676	|	0	4	9	42	213	|	10326899
0.50	0.50	0.90	64	SILO	0	1378473.66	6	449	922	3947	18764	|	0	4	9	45	229	|	10945886
1.00	0.00	0.90	1	WOUND_WAIT	0	299735.39	3	4	4	5	5	|	0	0	0	0	0	|	0
1.00	0.00	0.90	4	WOUND_WAIT	0	1044332.08	3	4	4	5	8	|	0	0	0	0	0	|	0
1.00	0.00	0.90	8	WOUND_WAIT	0	1954435.04	3	4	5	6	9	|	0	0	0	0	0	|	0
1.00	0.00	0.90	12	WOUND_WAIT	0	2830905.68	4	5	5	7	10	|	0	0	0	0	0	|	0
1.00	0.00	0.90	16	WOUND_WAIT	0	3533111.17	4	5	6	9	13	|	0	0	0	0	0	|	0
1.00	0.00	0.90	20	WOUND_WAIT	0	3285960.95	4	9	13	21	31	|	0	0	0	0	0	|	0
1.00	0.00	0.90	24	WOUND_WAIT	0	2856020.14	5	18	25	39	57	|	0	0	0	0	0	|	0
1.00	0.00	0.90	28	WOUND_WAIT	0	2638644.77	5	26	36	54	78	|	0	0	0	0	0	|	0
1.00	0.00	0.90	32	WOUND_WAIT	0	2522143.45	6	34	46	70	99	|	0	0	0	0	0	|	0
1.00	0.00	0.90	36	WOUND_WAIT	0	2191118.72	6	51	67	100	144	|	0	0	0	0	0	|	0
1.00	0.00	0.90	40	WOUND_WAIT	0	2042898.13	6	65	85	126	182	|	0	0	0	0	0	|	0
1.00	0.00	0.90	44	WOUND_WAIT	0	1943935.07	6	78	103	152	220	|	0	0	0	0	0	|	0
1.00	0.00	0.90	48	WOUND_WAIT	0	1860795.35	6	91	120	179	258	|	0	0	0	0	0	|	0
1.00	0.00	0.90	52	WOUND_WAIT	0	1721873.21	6	110	145	216	314	|	0	0	0	0	0	|	0
1.00	0.00	0.90	56	WOUND_WAIT	0	1604585.69	6	129	172	256	371	|	0	0	0	0	0	|	0
1.00	0.00	0.90	60	WOUND_WAIT	0	1590260.01	6	142	188	280	405	|	0	0	0	0	0	|	0
1.00	0.00	0.90	64	WOUND_WAIT	0	1536405.43	6	158	211	315	455	|	0	0	0	0	0	|	0
1.00	0.00	0.90	1	SILO	0	312991.81	3	4	4	4	5	|	0	0	0	0	0	|	0
1.00	0.00	0.90	4	SILO	0	1462782.12	2	3	3	4	5	|	0	0	0	0	0	|	0
1.00	0.00	0.90	8	SILO	0	2943919.59	2	3	3	4	5	|	0	0	0	0	0	|	0
1.00	0.00	0.90	12	SILO	0	4511875.68	2	3	3	4	6	|	0	0	0	0	0	|	0
1.00	0.00	0.90	16	SILO	0	5511514.82	2	3	4	4	7	|	0	0	0	0	0	|	0
1.00	0.00	0.90	20	SILO	0	6371906.18	3	4	4	5	8	|	0	0	0	0	0	|	0
1.00	0.00	0.90	24	SILO	0	7257498.54	3	4	4	5	8	|	0	0	0	0	0	|	0
1.00	0.00	0.90	28	SILO	0	8413313.05	3	4	4	5	8	|	0	0	0	0	0	|	0
1.00	0.00	0.90	32	SILO	0	9241724.89	3	4	5	6	8	|	0	0	0	0	0	|	0
1.00	0.00	0.90	36	SILO	0	10162827.20	3	4	5	6	8	|	0	0	0	0	0	|	0
1.00	0.00	0.90	40	SILO	0	11286470.34	3	4	5	6	9	|	0	0	0	0	0	|	0
1.00	0.00	0.90	44	SILO	0	12208760.37	3	4	5	6	9	|	0	0	0	0	0	|	0
1.00	0.00	0.90	48	SILO	0	13044489.65	3	5	5	6	9	|	0	0	0	0	0	|	0
1.00	0.00	0.90	52	SILO	0	14093052.71	3	5	5	6	9	|	0	0	0	0	0	|	0
1.00	0.00	0.90	56	SILO	0	14901539.19	3	5	5	6	9	|	0	0	0	0	0	|	0
1.00	0.00	0.90	60	SILO	0	15671298.79	3	5	5	6	10	|	0	0	0	0	0	|	0
1.00	0.00	0.90	64	SILO	0	16572134.07	3	5	5	6	10	|	0	0	0	0	0	|	0
