Rd	Wt	Zip	T	CC	TP	P50	P90	P99	P999	Abt
0.00	1.00	0.10	1	WOUND_WAIT	0	147344.46	6	7	7	7	11	|	0	0	0	0	0	|	0
0.00	1.00	0.10	4	WOUND_WAIT	0	595679.69	6	7	7	7	12	|	0	0	0	0	0	|	0
0.00	1.00	0.10	8	WOUND_WAIT	0	1303979.36	6	6	6	7	12	|	0	0	0	0	0	|	0
0.00	1.00	0.10	12	WOUND_WAIT	0	1743229.81	6	7	7	8	12	|	0	0	0	0	0	|	0
0.00	1.00	0.10	16	WOUND_WAIT	0	2253477.05	7	7	7	8	13	|	0	0	0	0	0	|	0
0.00	1.00	0.10	20	WOUND_WAIT	0	2539124.83	7	8	9	9	13	|	0	0	0	0	0	|	0
0.00	1.00	0.10	24	WOUND_WAIT	0	2761357.36	8	9	10	10	14	|	0	0	0	0	0	|	0
0.00	1.00	0.10	28	WOUND_WAIT	0	2988687.85	9	10	10	11	15	|	0	0	0	0	0	|	0
0.00	1.00	0.10	32	WOUND_WAIT	0	3196999.91	9	11	11	12	17	|	0	0	0	0	0	|	0
0.00	1.00	0.10	36	WOUND_WAIT	0	3460956.94	10	11	11	12	17	|	0	0	0	0	0	|	1
0.00	1.00	0.10	40	WOUND_WAIT	0	3702575.76	10	12	12	13	20	|	0	0	0	0	0	|	2
0.00	1.00	0.10	44	WOUND_WAIT	0	3689054.40	11	13	13	14	21	|	0	0	0	0	0	|	1
0.00	1.00	0.10	48	WOUND_WAIT	0	4071236.37	11	13	13	14	21	|	0	0	0	0	0	|	4
0.00	1.00	0.10	52	WOUND_WAIT	0	4071990.94	12	14	14	15	26	|	0	0	0	0	0	|	0
0.00	1.00	0.10	56	WOUND_WAIT	0	4378932.03	12	14	14	15	25	|	0	0	0	0	0	|	1
0.00	1.00	0.10	60	WOUND_WAIT	0	4563480.89	13	14	15	16	28	|	0	0	0	0	0	|	4
0.00	1.00	0.10	64	WOUND_WAIT	0	4646643.54	13	15	15	17	27	|	0	0	0	0	0	|	3
0.00	1.00	0.10	1	SILO	0	168589.63	5	6	6	6	10	|	0	0	0	0	0	|	0
0.00	1.00	0.10	4	SILO	0	702693.30	5	6	6	6	10	|	0	0	0	0	0	|	27
0.00	1.00	0.10	8	SILO	0	1383051.13	5	6	6	6	11	|	0	0	0	0	0	|	186
0.00	1.00	0.10	12	SILO	0	2317090.86	5	5	5	6	11	|	0	0	0	0	0	|	368
0.00	1.00	0.10	16	SILO	0	2738591.48	5	6	6	7	11	|	0	0	0	0	0	|	666
0.00	1.00	0.10	20	SILO	0	3323875.80	5	6	7	7	13	|	0	0	0	0	0	|	970
0.00	1.00	0.10	24	SILO	0	3577358.12	6	7	8	8	13	|	0	0	0	0	0	|	1452
0.00	1.00	0.10	28	SILO	0	3977985.02	6	8	8	9	15	|	0	0	0	0	0	|	1903
0.00	1.00	0.10	32	SILO	0	4244492.55	7	8	9	9	17	|	0	0	0	0	0	|	2575
0.00	1.00	0.10	36	SILO	0	4650730.35	7	8	9	9	23	|	0	0	0	0	1	|	3455
0.00	1.00	0.10	40	SILO	0	4717238.11	8	9	10	10	29	|	0	0	0	0	1	|	4307
0.00	1.00	0.10	44	SILO	0	5187703.15	8	9	10	10	35	|	0	0	0	0	1	|	4658
0.00	1.00	0.10	48	SILO	0	5210031.85	9	10	11	11	41	|	0	0	0	0	1	|	5680
0.00	1.00	0.10	52	SILO	0	5608668.89	9	10	11	11	47	|	0	0	0	0	1	|	6936
0.00	1.00	0.10	56	SILO	0	6179835.65	9	10	10	11	51	|	0	0	0	0	1	|	7538
0.00	1.00	0.10	60	SILO	0	6370493.92	9	11	11	12	56	|	0	0	0	0	1	|	8812
0.00	1.00	0.10	64	SILO	0	6018559.62	10	12	12	13	64	|	0	0	0	0	1	|	9807
0.50	0.50	0.10	1	WOUND_WAIT	0	162421.56	6	6	6	7	10	|	0	0	0	0	0	|	0
0.50	0.50	0.10	4	WOUND_WAIT	0	627761.47	6	6	7	7	12	|	0	0	0	0	0	|	0
0.50	0.50	0.10	8	WOUND_WAIT	0	1372138.04	5	6	6	6	10	|	0	0	0	0	0	|	0
0.50	0.50	0.10	12	WOUND_WAIT	0	1801094.93	6	7	7	7	12	|	0	0	0	0	0	|	0
0.50	0.50	0.10	16	WOUND_WAIT	0	2364904.72	6	7	7	7	12	|	0	0	0	0	0	|	0
0.50	0.50	0.10	20	WOUND_WAIT	0	2730172.67	7	8	8	9	14	|	0	0	0	0	0	|	0
0.50	0.50	0.10	24	WOUND_WAIT	0	2989294.02	7	9	9	10	14	|	0	0	0	0	0	|	0
0.50	0.50	0.10	28	WOUND_WAIT	0	3266069.57	8	9	10	10	14	|	0	0	0	0	0	|	0
0.50	0.50	0.10	32	WOUND_WAIT	0	3510299.61	9	10	10	11	15	|	0	0	0	0	0	|	1
0.50	0.50	0.10	36	WOUND_WAIT	0	3843844.51	9	10	10	11	18	|	0	0	0	0	0	|	0
0.50	0.50	0.10	40	WOUND_WAIT	0	4031569.30	9	11	11	12	18	|	0	0	0	0	0	|	0
0.50	0.50	0.10	44	WOUND_WAIT	0	4300585.00	10	11	11	12	19	|	0	0	0	0	0	|	0
0.50	0.50	0.10	48	WOUND_WAIT	0	4284586.70	11	12	13	13	21	|	0	0	0	0	0	|	2
0.50	0.50	0.10	52	WOUND_WAIT	0	4564537.81	11	12	13	14	23	|	0	0	0	0	0	|	0
0.50	0.50	0.10	56	WOUND_WAIT	0	4992726.23	11	12	12	13	22	|	0	0	0	0	0	|	2
0.50	0.50	0.10	60	WOUND_WAIT	0	4737461.09	12	14	14	15	25	|	0	0	0	0	0	|	1
0.50	0.50	0.10	64	WOUND_WAIT	0	4696653.21	13	15	15	17	25	|	0	0	0	0	0	|	1
0.50	0.50	0.10	1	SILO	0	171794.82	5	6	6	6	8	|	0	0	0	0	0	|	0
0.50	0.50	0.10	4	SILO	0	713885.75	5	6	6	6	9	|	0	0	0	0	0	|	12
0.50	0.50	0.10	8	SILO	0	1557894.13	5	5	5	5	10	|	0	0	0	0	0	|	86
0.50	0.50	0.10	12	SILO	0	2039552.67	5	6	6	6	12	|	0	0	0	0	0	|	211
0.50	0.50	0.10	16	SILO	0	3032266.48	5	5	5	6	11	|	0	0	0	0	0	|	343
0.50	0.50	0.10	20	SILO	0	3146668.88	6	7	7	8	13	|	0	0	0	0	0	|	588
0.50	0.50	0.10	24	SILO	0	3607258.93	6	7	7	8	13	|	0	0	0	0	0	|	715
0.50	0.50	0.10	28	SILO	0	3822141.20	7	8	8	9	13	|	0	0	0	0	0	|	1039
0.50	0.50	0.10	32	SILO	0	4130258.51	7	8	9	9	13	|	0	0	0	0	0	|	1351
0.50	0.50	0.10	36	SILO	0	4603126.58	7	8	9	9	14	|	0	0	0	0	0	|	1724
0.50	0.50	0.10	40	SILO	0	4729074.08	8	9	10	10	16	|	0	0	0	0	0	|	2054
0.50	0.50	0.10	44	SILO	0	5027310.28	8	10	10	11	17	|	0	0	0	0	0	|	2506
0.50	0.50	0.10	48	SILO	0	5505024.85	8	9	10	10	17	|	0	0	0	0	0	|	2944
0.50	0.50	0.10	52	SILO	0	5692816.72	9	10	10	11	19	|	0	0	0	0	0	|	3472
0.50	0.50	0.10	56	SILO	0	6210986.57	8	10	10	11	17	|	0	0	0	0	0	|	4144
0.50	0.50	0.10	60	SILO	0	6395160.51	9	10	10	11	26	|	0	0	0	0	0	|	4708
0.50	0.50	0.10	64	SILO	0	6691901.14	9	10	11	11	26	|	0	0	0	0	0	|	5391
1.00	0.00	0.10	1	WOUND_WAIT	0	196640.29	5	5	5	5	9	|	0	0	0	0	0	|	0
1.00	0.00	0.10	4	WOUND_WAIT	0	667786.22	5	6	6	6	10	|	0	0	0	0	0	|	0
1.00	0.00	0.10	8	WOUND_WAIT	0	1297036.56	6	6	6	7	12	|	0	0	0	0	0	|	0
1.00	0.00	0.10	12	WOUND_WAIT	0	1907352.15	6	6	6	7	11	|	0	0	0	0	0	|	0
1.00	0.00	0.10	16	WOUND_WAIT	0	2509002.94	6	6	7	7	12	|	0	0	0	0	0	|	0
1.00	0.00	0.10	20	WOUND_WAIT	0	3073761.11	6	7	7	8	13	|	0	0	0	0	0	|	0
1.00	0.00	0.10	24	WOUND_WAIT	0	3281965.39	7	8	8	9	13	|	0	0	0	0	0	|	0
1.00	0.00	0.10	28	WOUND_WAIT	0	3614732.19	7	8	8	9	14	|	0	0	0	0	0	|	0
1.00	0.00	0.10	32	WOUND_WAIT	0	3903562.08	8	9	9	10	15	|	0	0	0	0	0	|	0
1.00	0.00	0.10	36	WOUND_WAIT	0	4278566.69	8	9	9	10	13	|	0	0	0	0	0	|	0
1.00	0.00	0.10	40	WOUND_WAIT	0	4574202.44	8	9	10	10	14	|	0	0	0	0	0	|	0
1.00	0.00	0.10	44	WOUND_WAIT	0	4854312.44	8	10	10	11	17	|	0	0	0	0	0	|	0
1.00	0.00	0.10	48	WOUND_WAIT	0	5084739.93	9	10	10	11	17	|	0	0	0	0	0	|	0
1.00	0.00	0.10	52	WOUND_WAIT	0	5183498.31	9	11	11	12	18	|	0	0	0	0	0	|	0
1.00	0.00	0.10	56	WOUND_WAIT	0	5729331.51	9	10	11	12	17	|	0	0	0	0	0	|	0
1.00	0.00	0.10	60	WOUND_WAIT	0	5941098.80	9	11	11	12	21	|	0	0	0	0	0	|	0
1.00	0.00	0.10	64	WOUND_WAIT	0	6240031.03	10	11	11	12	20	|	0	0	0	0	0	|	0
1.00	0.00	0.10	1	SILO	0	186831.88	5	5	5	6	8	|	0	0	0	0	0	|	0
1.00	0.00	0.10	4	SILO	0	764477.79	5	5	6	6	10	|	0	0	0	0	0	|	0
1.00	0.00	0.10	8	SILO	0	1719665.35	4	5	5	5	9	|	0	0	0	0	0	|	0
1.00	0.00	0.10	12	SILO	0	2237022.64	5	5	6	6	11	|	0	0	0	0	0	|	0
1.00	0.00	0.10	16	SILO	0	2921339.42	5	6	6	6	11	|	0	0	0	0	0	|	0
1.00	0.00	0.10	20	SILO	0	3362933.70	5	6	7	7	12	|	0	0	0	0	0	|	0
1.00	0.00	0.10	24	SILO	0	3845208.21	6	7	7	8	12	|	0	0	0	0	0	|	0
1.00	0.00	0.10	28	SILO	0	4259993.11	6	7	7	8	13	|	0	0	0	0	0	|	0
1.00	0.00	0.10	32	SILO	0	4516768.86	7	8	8	9	12	|	0	0	0	0	0	|	0
1.00	0.00	0.10	36	SILO	0	5105833.60	6	8	8	9	12	|	0	0	0	0	0	|	0
1.00	0.00	0.10	40	SILO	0	5500040.11	7	8	8	9	13	|	0	0	0	0	0	|	0
1.00	0.00	0.10	44	SILO	0	5748153.12	7	8	9	9	14	|	0	0	0	0	0	|	0
1.00	0.00	0.10	48	SILO	0	5835792.72	8	9	9	10	14	|	0	0	0	0	0	|	0
1.00	0.00	0.10	52	SILO	0	6829531.89	7	8	9	9	14	|	0	0	0	0	0	|	0
1.00	0.00	0.10	56	SILO	0	7174754.21	7	8	9	9	13	|	0	0	0	0	0	|	0
1.00	0.00	0.10	60	SILO	0	7484786.45	7	9	9	10	14	|	0	0	0	0	0	|	0
1.00	0.00	0.10	64	SILO	0	7724312.42	8	9	9	10	15	|	0	0	0	0	0	|	0
0.00	1.00	0.30	1	WOUND_WAIT	0	150950.32	6	7	7	7	11	|	0	0	0	0	0	|	0
0.00	1.00	0.30	4	WOUND_WAIT	0	604726.07	6	7	7	7	11	|	0	0	0	0	0	|	0
0.00	1.00	0.30	8	WOUND_WAIT	0	1321444.65	6	6	6	7	11	|	0	0	0	0	0	|	0
0.00	1.00	0.30	12	WOUND_WAIT	0	1745812.80	6	7	7	8	13	|	0	0	0	0	0	|	0
0.00	1.00	0.30	16	WOUND_WAIT	0	2276300.66	6	7	7	8	13	|	0	0	0	0	0	|	0
0.00	1.00	0.30	20	WOUND_WAIT	0	2625119.30	7	8	9	9	14	|	0	0	0	0	0	|	0
0.00	1.00	0.30	24	WOUND_WAIT	0	2721512.22	8	10	10	11	14	|	0	0	0	0	0	|	0
0.00	1.00	0.30	28	WOUND_WAIT	0	2999590.28	9	10	10	11	16	|	0	0	0	0	0	|	1
0.00	1.00	0.30	32	WOUND_WAIT	0	3262628.96	9	11	11	12	17	|	0	0	0	0	0	|	2
0.00	1.00	0.30	36	WOUND_WAIT	0	3589263.08	9	11	11	12	17	|	0	0	0	0	0	|	3
0.00	1.00	0.30	40	WOUND_WAIT	0	3516886.58	11	12	13	14	20	|	0	0	0	0	0	|	0
0.00	1.00	0.30	44	WOUND_WAIT	0	3872534.75	11	12	13	14	21	|	0	0	0	0	0	|	5
0.00	1.00	0.30	48	WOUND_WAIT	0	3897830.23	12	13	14	15	22	|	0	0	0	0	0	|	3
0.00	1.00	0.30	52	WOUND_WAIT	0	4025919.80	12	14	15	17	26	|	0	0	0	0	0	|	0
0.00	1.00	0.30	56	WOUND_WAIT	0	4525670.71	12	13	14	15	24	|	0	0	0	0	0	|	7
0.00	1.00	0.30	60	WOUND_WAIT	0	4605756.17	12	14	15	16	28	|	0	0	0	0	0	|	2
0.00	1.00	0.30	64	WOUND_WAIT	0	4689616.16	13	15	15	17	27	|	0	0	0	0	0	|	11
0.00	1.00	0.30	1	SILO	0	171928.94	5	6	6	6	8	|	0	0	0	0	0	|	0
0.00	1.00	0.30	4	SILO	0	811829.17	4	5	5	5	9	|	0	0	0	0	0	|	37
0.00	1.00	0.30	8	SILO	0	1467299.86	5	6	6	6	9	|	0	0	0	0	0	|	174
0.00	1.00	0.30	12	SILO	0	2137728.67	5	6	6	7	12	|	0	0	0	0	0	|	431
0.00	1.00	0.30	16	SILO	0	3150711.58	5	5	5	6	13	|	0	0	0	0	0	|	789
0.00	1.00	0.30	20	SILO	0	3299025.14	5	7	7	8	15	|	0	0	0	0	0	|	1193
0.00	1.00	0.30	24	SILO	0	3743558.29	6	7	7	8	15	|	0	0	0	0	0	|	1728
0.00	1.00	0.30	28	SILO	0	3890810.35	7	8	8	9	17	|	0	0	0	0	0	|	2517
0.00	1.00	0.30	32	SILO	0	4360664.25	7	8	8	9	23	|	0	0	0	0	1	|	3014
0.00	1.00	0.30	36	SILO	0	4849718.55	7	8	8	9	32	|	0	0	0	0	1	|	3774
0.00	1.00	0.30	40	SILO	0	4796598.92	8	9	10	10	42	|	0	0	0	0	1	|	4824
0.00	1.00	0.30	44	SILO	0	5036908.55	8	10	10	11	47	|	0	0	0	0	1	|	5729
0.00	1.00	0.30	48	SILO	0	5635344.25	8	9	10	10	54	|	0	0	0	0	1	|	6874
0.00	1.00	0.30	52	SILO	0	5735598.42	9	10	11	11	59	|	0	0	0	0	1	|	7752
0.00	1.00	0.30	56	SILO	0	6285960.32	8	10	10	11	63	|	0	0	0	0	1	|	9302
0.00	1.00	0.30	60	SILO	0	6534189.22	9	10	10	11	67	|	0	0	0	0	1	|	10473
0.00	1.00	0.30	64	SILO	0	6674646.09	9	11	11	12	69	|	0	0	0	0	1	|	11757
0.50	0.50	0.30	1	WOUND_WAIT	0	163211.28	6	6	6	7	11	|	0	0	0	0	0	|	0
0.50	0.50	0.30	4	WOUND_WAIT	0	630588.11	6	6	7	7	11	|	0	0	0	0	0	|	0
0.50	0.50	0.30	8	WOUND_WAIT	0	1389577.79	5	6	6	6	9	|	0	0	0	0	0	|	0
0.50	0.50	0.30	12	WOUND_WAIT	0	2030133.66	5	6	6	7	11	|	0	0	0	0	0	|	0
0.50	0.50	0.30	16	WOUND_WAIT	0	2396339.64	6	7	7	8	14	|	0	0	0	0	0	|	0
0.50	0.50	0.30	20	WOUND_WAIT	0	2765757.12	7	8	8	9	12	|	0	0	0	0	0	|	0
0.50	0.50	0.30	24	WOUND_WAIT	0	2980187.00	7	9	9	10	13	|	0	0	0	0	0	|	0
0.50	0.50	0.30	28	WOUND_WAIT	0	3296323.72	8	9	9	10	14	|	0	0	0	0	0	|	0
0.50	0.50	0.30	32	WOUND_WAIT	0	3590234.97	8	10	10	11	14	|	0	0	0	0	0	|	0
0.50	0.50	0.30	36	WOUND_WAIT	0	3861036.32	9	10	10	11	17	|	0	0	0	0	0	|	1
0.50	0.50	0.30	40	WOUND_WAIT	0	3935261.03	10	11	11	12	18	|	0	0	0	0	0	|	1
0.50	0.50	0.30	44	WOUND_WAIT	0	4364280.20	9	11	11	12	18	|	0	0	0	0	0	|	0
0.50	0.50	0.30	48	WOUND_WAIT	0	4370204.40	10	12	12	13	20	|	0	0	0	0	0	|	1
0.50	0.50	0.30	52	WOUND_WAIT	0	4904686.25	10	11	12	13	21	|	0	0	0	0	0	|	3
0.50	0.50	0.30	56	WOUND_WAIT	0	5064540.96	10	12	12	13	21	|	0	0	0	0	0	|	3
0.50	0.50	0.30	60	WOUND_WAIT	0	5247934.42	11	12	13	14	23	|	0	0	0	0	0	|	3
0.50	0.50	0.30	64	WOUND_WAIT	0	5304552.95	11	13	14	15	26	|	0	0	0	0	0	|	4
0.50	0.50	0.30	1	SILO	0	176235.05	5	6	6	6	10	|	0	0	0	0	0	|	0
0.50	0.50	0.30	4	SILO	0	726415.52	5	6	6	6	10	|	0	0	0	0	0	|	19
0.50	0.50	0.30	8	SILO	0	1395411.76	5	6	6	6	11	|	0	0	0	0	0	|	110
0.50	0.50	0.30	12	SILO	0	2080275.87	5	6	6	6	10	|	0	0	0	0	0	|	245
0.50	0.50	0.30	16	SILO	0	2748882.25	5	6	6	7	14	|	0	0	0	0	0	|	435
0.50	0.50	0.30	20	SILO	0	3183838.29	6	7	7	8	13	|	0	0	0	0	0	|	625
0.50	0.50	0.30	24	SILO	0	3602181.05	6	7	8	8	13	|	0	0	0	0	0	|	881
0.50	0.50	0.30	28	SILO	0	4016247.15	6	7	8	8	14	|	0	0	0	0	0	|	1270
0.50	0.50	0.30	32	SILO	0	4228806.52	7	8	9	9	13	|	0	0	0	0	0	|	1610
0.50	0.50	0.30	36	SILO	0	4655168.79	7	8	9	9	17	|	0	0	0	0	0	|	2160
0.50	0.50	0.30	40	SILO	0	4929152.24	8	9	9	10	16	|	0	0	0	0	0	|	2545
0.50	0.50	0.30	44	SILO	0	5376939.06	8	9	9	10	17	|	0	0	0	0	0	|	2963
0.50	0.50	0.30	48	SILO	0	5526525.61	8	9	10	11	18	|	0	0	0	0	0	|	3690
0.50	0.50	0.30	52	SILO	0	5779343.47	8	10	10	11	22	|	0	0	0	0	0	|	4129
0.50	0.50	0.30	56	SILO	0	6010798.62	9	10	11	11	21	|	0	0	0	0	0	|	4806
0.50	0.50	0.30	60	SILO	0	6577886.78	9	10	10	11	23	|	0	0	0	0	1	|	5709
0.50	0.50	0.30	64	SILO	0	6348763.49	9	11	11	12	29	|	0	0	0	0	1	|	6167
1.00	0.00	0.30	1	WOUND_WAIT	0	179915.72	5	6	6	6	8	|	0	0	0	0	0	|	0
1.00	0.00	0.30	4	WOUND_WAIT	0	683536.07	5	6	6	6	11	|	0	0	0	0	0	|	0
1.00	0.00	0.30	8	WOUND_WAIT	0	1333184.23	5	6	6	6	12	|	0	0	0	0	0	|	0
1.00	0.00	0.30	12	WOUND_WAIT	0	1956482.16	6	6	6	7	11	|	0	0	0	0	0	|	0
1.00	0.00	0.30	16	WOUND_WAIT	0	2843333.32	5	6	6	6	11	|	0	0	0	0	0	|	0
1.00	0.00	0.30	20	WOUND_WAIT	0	3125793.26	6	7	7	8	13	|	0	0	0	0	0	|	0
1.00	0.00	0.30	24	WOUND_WAIT	0	3346884.81	7	8	8	8	12	|	0	0	0	0	0	|	0
1.00	0.00	0.30	28	WOUND_WAIT	0	3687456.26	7	8	8	9	14	|	0	0	0	0	0	|	0
1.00	0.00	0.30	32	WOUND_WAIT	0	3978804.62	7	9	9	9	14	|	0	0	0	0	0	|	0
1.00	0.00	0.30	36	WOUND_WAIT	0	4443097.04	8	9	9	9	14	|	0	0	0	0	0	|	0
1.00	0.00	0.30	40	WOUND_WAIT	0	4672775.60	8	9	9	10	14	|	0	0	0	0	0	|	0
1.00	0.00	0.30	44	WOUND_WAIT	0	4743529.69	9	10	10	11	17	|	0	0	0	0	0	|	0
1.00	0.00	0.30	48	WOUND_WAIT	0	5204762.38	9	10	10	11	17	|	0	0	0	0	0	|	0
1.00	0.00	0.30	52	WOUND_WAIT	0	5265192.08	9	11	11	12	19	|	0	0	0	0	0	|	0
1.00	0.00	0.30	56	WOUND_WAIT	0	5420123.05	10	11	12	13	20	|	0	0	0	0	0	|	0
1.00	0.00	0.30	60	WOUND_WAIT	0	6089434.74	9	11	11	12	19	|	0	0	0	0	0	|	0
1.00	0.00	0.30	64	WOUND_WAIT	0	6259699.19	10	11	11	12	20	|	0	0	0	0	0	|	0
1.00	0.00	0.30	1	SILO	0	188034.93	5	5	5	6	9	|	0	0	0	0	0	|	0
1.00	0.00	0.30	4	SILO	0	776344.55	5	5	5	6	10	|	0	0	0	0	0	|	0
1.00	0.00	0.30	8	SILO	0	1538312.75	5	5	5	6	10	|	0	0	0	0	0	|	0
1.00	0.00	0.30	12	SILO	0	2288059.56	5	5	6	6	10	|	0	0	0	0	0	|	0
1.00	0.00	0.30	16	SILO	0	3009072.08	5	5	6	6	11	|	0	0	0	0	0	|	0
1.00	0.00	0.30	20	SILO	0	3453044.11	5	6	7	7	11	|	0	0	0	0	0	|	0
1.00	0.00	0.30	24	SILO	0	3975294.04	5	6	7	7	11	|	0	0	0	0	0	|	0
1.00	0.00	0.30	28	SILO	0	4397445.55	6	7	7	8	12	|	0	0	0	0	0	|	0
1.00	0.00	0.30	32	SILO	0	4694137.35	6	7	8	8	13	|	0	0	0	0	0	|	0
1.00	0.00	0.30	36	SILO	0	5274359.37	6	7	8	8	13	|	0	0	0	0	0	|	0
1.00	0.00	0.30	40	SILO	0	5505397.78	7	8	8	9	12	|	0	0	0	0	0	|	0
1.00	0.00	0.30	44	SILO	0	5690843.19	7	9	9	10	14	|	0	0	0	0	0	|	0
1.00	0.00	0.30	48	SILO	0	6075696.43	7	9	9	10	14	|	0	0	0	0	0	|	0
1.00	0.00	0.30	52	SILO	0	7104154.94	7	8	8	9	14	|	0	0	0	0	0	|	0
1.00	0.00	0.30	56	SILO	0	7355140.42	7	8	9	9	14	|	0	0	0	0	0	|	0
1.00	0.00	0.30	60	SILO	0	7595171.91	7	9	9	10	14	|	0	0	0	0	0	|	0
1.00	0.00	0.30	64	SILO	0	7980646.81	7	9	9	10	15	|	0	0	0	0	0	|	0
0.00	1.00	0.50	1	WOUND_WAIT	0	158561.22	6	6	7	7	10	|	0	0	0	0	0	|	0
0.00	1.00	0.50	4	WOUND_WAIT	0	639791.38	6	6	7	7	11	|	0	0	0	0	0	|	0
0.00	1.00	0.50	8	WOUND_WAIT	0	1386249.11	5	6	6	6	11	|	0	0	0	0	0	|	0
0.00	1.00	0.50	12	WOUND_WAIT	0	2033947.83	5	6	6	7	11	|	0	0	0	0	0	|	0
0.00	1.00	0.50	16	WOUND_WAIT	0	2415499.76	6	7	7	8	13	|	0	0	0	0	0	|	0
0.00	1.00	0.50	20	WOUND_WAIT	0	2740886.41	7	8	8	9	14	|	0	0	0	0	0	|	2
0.00	1.00	0.50	24	WOUND_WAIT	0	2940233.75	8	9	9	10	14	|	0	0	0	0	0	|	4
0.00	1.00	0.50	28	WOUND_WAIT	0	3191685.93	8	10	10	11	14	|	0	0	0	0	0	|	11
0.00	1.00	0.50	32	WOUND_WAIT	0	3508800.01	9	10	10	11	16	|	0	0	0	0	0	|	13
0.00	1.00	0.50	36	WOUND_WAIT	0	3651036.77	9	11	11	12	17	|	0	0	0	0	0	|	18
0.00	1.00	0.50	40	WOUND_WAIT	0	3810940.78	10	11	12	13	19	|	0	0	0	0	0	|	14
0.00	1.00	0.50	44	WOUND_WAIT	0	3976942.58	10	12	13	14	20	|	0	0	0	0	0	|	20
0.00	1.00	0.50	48	WOUND_WAIT	0	4139788.89	11	13	13	14	22	|	0	0	0	0	0	|	20
0.00	1.00	0.50	52	WOUND_WAIT	0	4618914.53	11	12	13	14	23	|	0	0	0	0	0	|	35
0.00	1.00	0.50	56	WOUND_WAIT	0	4715632.70	11	13	13	15	23	|	0	0	0	0	0	|	52
0.00	1.00	0.50	60	WOUND_WAIT	0	4505620.03	13	15	15	17	27	|	0	0	0	0	0	|	71
0.00	1.00	0.50	64	WOUND_WAIT	0	4932428.09	12	14	15	16	25	|	0	0	0	0	0	|	93
0.00	1.00	0.50	1	SILO	0	183587.55	5	6	6	6	8	|	0	0	0	0	0	|	0
0.00	1.00	0.50	4	SILO	0	776605.28	5	5	6	6	10	|	0	0	0	0	0	|	111
0.00	1.00	0.50	8	SILO	0	1550023.23	5	5	6	6	10	|	0	0	0	0	0	|	524
0.00	1.00	0.50	12	SILO	0	2305358.35	5	5	6	6	21	|	0	0	0	0	1	|	1269
0.00	1.00	0.50	16	SILO	0	2984155.14	5	6	6	6	44	|	0	0	0	0	1	|	2237
0.00	1.00	0.50	20	SILO	0	3563940.18	5	6	6	7	55	|	0	0	0	0	1	|	3643
0.00	1.00	0.50	24	SILO	0	3863861.55	6	7	7	8	66	|	0	0	0	0	1	|	4805
0.00	1.00	0.50	28	SILO	0	4331266.01	6	7	7	8	72	|	0	0	0	0	1	|	6446
0.00	1.00	0.50	32	SILO	0	4534346.53	6	8	8	9	79	|	0	0	0	0	1	|	8801
0.00	1.00	0.50	36	SILO	0	5058164.42	7	8	8	9	84	|	0	0	0	0	1	|	11157
0.00	1.00	0.50	40	SILO	0	5177937.85	7	9	9	10	87	|	0	0	0	0	1	|	13088
0.00	1.00	0.50	44	SILO	0	5683136.63	7	9	9	10	89	|	0	0	0	0	1	|	16466
0.00	1.00	0.50	48	SILO	0	6001246.06	7	9	10	11	92	|	0	0	0	0	1	|	20182
0.00	1.00	0.50	52	SILO	0	6097693.82	8	10	10	11	94	|	0	0	0	0	1	|	22193
0.00	1.00	0.50	56	SILO	0	6666186.71	8	9	10	11	95	|	0	0	0	0	1	|	26464
0.00	1.00	0.50	60	SILO	0	6895185.55	8	10	10	12	98	|	0	0	0	0	1	|	30661
0.00	1.00	0.50	64	SILO	0	7145648.91	8	10	11	12	99	|	0	0	0	0	1	|	34645
0.50	0.50	0.50	1	WOUND_WAIT	0	171843.90	5	6	6	7	11	|	0	0	0	0	0	|	0
0.50	0.50	0.50	4	WOUND_WAIT	0	679600.07	5	6	6	7	11	|	0	0	0	0	0	|	0
0.50	0.50	0.50	8	WOUND_WAIT	0	1459842.44	5	6	6	6	9	|	0	0	0	0	0	|	0
0.50	0.50	0.50	12	WOUND_WAIT	0	1934825.44	6	6	7	7	13	|	0	0	0	0	0	|	1
0.50	0.50	0.50	16	WOUND_WAIT	0	2529636.37	6	7	7	7	13	|	0	0	0	0	0	|	0
0.50	0.50	0.50	20	WOUND_WAIT	0	2952279.68	6	7	8	8	13	|	0	0	0	0	0	|	3
0.50	0.50	0.50	24	WOUND_WAIT	0	3171944.73	7	8	9	9	13	|	0	0	0	0	0	|	1
0.50	0.50	0.50	28	WOUND_WAIT	0	3490421.48	7	9	9	10	13	|	0	0	0	0	0	|	6
0.50	0.50	0.50	32	WOUND_WAIT	0	3743512.49	8	9	10	10	14	|	0	0	0	0	0	|	9
0.50	0.50	0.50	36	WOUND_WAIT	0	4097513.65	8	10	10	11	15	|	0	0	0	0	0	|	9
0.50	0.50	0.50	40	WOUND_WAIT	0	4314791.67	9	10	10	11	16	|	0	0	0	0	0	|	20
0.50	0.50	0.50	44	WOUND_WAIT	0	4531241.80	9	11	11	12	18	|	0	0	0	0	0	|	18
0.50	0.50	0.50	48	WOUND_WAIT	0	4539182.37	10	12	12	13	21	|	0	0	0	0	0	|	16
0.50	0.50	0.50	52	WOUND_WAIT	0	5107004.22	10	11	11	13	21	|	0	0	0	0	0	|	24
0.50	0.50	0.50	56	WOUND_WAIT	0	5042390.43	10	12	13	14	21	|	0	0	0	0	0	|	23
0.50	0.50	0.50	60	WOUND_WAIT	0	5426246.20	10	12	13	14	22	|	0	0	0	0	0	|	24
0.50	0.50	0.50	64	WOUND_WAIT	0	5632174.41	11	12	13	14	22	|	0	0	0	0	0	|	56
0.50	0.50	0.50	1	SILO	0	196539.32	5	5	5	6	10	|	0	0	0	0	0	|	0
0.50	0.50	0.50	4	SILO	0	749186.23	5	6	6	6	9	|	0	0	0	0	0	|	75
0.50	0.50	0.50	8	SILO	0	1663073.56	4	5	5	5	11	|	0	0	0	0	0	|	297
0.50	0.50	0.50	12	SILO	0	2232967.57	5	6	6	6	13	|	0	0	0	0	0	|	657
0.50	0.50	0.50	16	SILO	0	2909789.93	5	6	6	6	14	|	0	0	0	0	0	|	1176
0.50	0.50	0.50	20	SILO	0	3358994.01	5	6	7	7	19	|	0	0	0	0	0	|	1757
0.50	0.50	0.50	24	SILO	0	3889509.87	6	7	7	8	24	|	0	0	0	0	1	|	2564
0.50	0.50	0.50	28	SILO	0	4168659.17	6	7	8	8	40	|	0	0	0	0	1	|	3782
0.50	0.50	0.50	32	SILO	0	4442916.84	7	8	8	9	46	|	0	0	0	0	1	|	4596
0.50	0.50	0.50	36	SILO	0	4985124.10	7	8	8	9	55	|	0	0	0	0	1	|	5810
0.50	0.50	0.50	40	SILO	0	5304942.73	7	8	9	9	62	|	0	0	0	0	1	|	7168
0.50	0.50	0.50	44	SILO	0	5392732.14	8	9	9	10	66	|	0	0	0	0	1	|	8647
0.50	0.50	0.50	48	SILO	0	5672609.45	8	9	10	11	70	|	0	0	0	0	1	|	10252
0.50	0.50	0.50	52	SILO	0	6096760.21	8	9	10	11	74	|	0	0	0	0	1	|	11994
0.50	0.50	0.50	56	SILO	0	6349754.25	8	10	10	11	77	|	0	0	0	0	1	|	14169
0.50	0.50	0.50	60	SILO	0	6928489.33	8	10	10	11	79	|	0	0	0	0	1	|	16534
0.50	0.50	0.50	64	SILO	0	7031089.70	8	10	10	11	84	|	0	0	0	0	1	|	18759
1.00	0.00	0.50	1	WOUND_WAIT	0	190558.42	5	5	6	6	9	|	0	0	0	0	0	|	0
1.00	0.00	0.50	4	WOUND_WAIT	0	803481.84	4	5	5	5	10	|	0	0	0	0	0	|	0
1.00	0.00	0.50	8	WOUND_WAIT	0	1410587.94	5	6	6	6	10	|	0	0	0	0	0	|	0
1.00	0.00	0.50	12	WOUND_WAIT	0	2300743.60	5	5	5	6	11	|	0	0	0	0	0	|	0
1.00	0.00	0.50	16	WOUND_WAIT	0	2733816.26	5	6	6	7	12	|	0	0	0	0	0	|	0
1.00	0.00	0.50	20	WOUND_WAIT	0	3209253.06	6	7	7	7	13	|	0	0	0	0	0	|	0
1.00	0.00	0.50	24	WOUND_WAIT	0	3561457.80	6	7	7	8	12	|	0	0	0	0	0	|	0
1.00	0.00	0.50	28	WOUND_WAIT	0	3910403.04	7	8	8	9	12	|	0	0	0	0	0	|	0
1.00	0.00	0.50	32	WOUND_WAIT	0	4262616.80	7	8	8	9	14	|	0	0	0	0	0	|	0
1.00	0.00	0.50	36	WOUND_WAIT	0	4656617.95	7	8	9	9	14	|	0	0	0	0	0	|	0
1.00	0.00	0.50	40	WOUND_WAIT	0	4743671.43	8	9	10	10	14	|	0	0	0	0	0	|	0
1.00	0.00	0.50	44	WOUND_WAIT	0	5006029.90	8	10	10	11	15	|	0	0	0	0	0	|	0
1.00	0.00	0.50	48	WOUND_WAIT	0	5226431.30	9	10	10	11	16	|	0	0	0	0	0	|	0
1.00	0.00	0.50	52	WOUND_WAIT	0	5900094.30	8	10	10	11	16	|	0	0	0	0	0	|	0
1.00	0.00	0.50	56	WOUND_WAIT	0	5684997.77	9	11	11	12	18	|	0	0	0	0	0	|	0
1.00	0.00	0.50	60	WOUND_WAIT	0	6379176.86	9	10	11	11	18	|	0	0	0	0	0	|	0
1.00	0.00	0.50	64	WOUND_WAIT	0	6574436.78	9	11	11	12	20	|	0	0	0	0	0	|	0
1.00	0.00	0.50	1	SILO	0	200127.68	4	5	5	6	7	|	0	0	0	0	0	|	0
1.00	0.00	0.50	4	SILO	0	934924.66	4	4	5	5	8	|	0	0	0	0	0	|	0
1.00	0.00	0.50	8	SILO	0	1647597.75	4	5	5	6	9	|	0	0	0	0	0	|	0
1.00	0.00	0.50	12	SILO	0	2466745.28	4	5	5	6	9	|	0	0	0	0	0	|	0
1.00	0.00	0.50	16	SILO	0	3258489.34	4	5	5	6	9	|	0	0	0	0	0	|	0
1.00	0.00	0.50	20	SILO	0	3726167.00	5	6	6	7	11	|	0	0	0	0	0	|	0
1.00	0.00	0.50	24	SILO	0	4252990.86	5	6	6	7	12	|	0	0	0	0	0	|	0
1.00	0.00	0.50	28	SILO	0	4615300.47	5	7	7	8	11	|	0	0	0	0	0	|	0
1.00	0.00	0.50	32	SILO	0	5030714.17	6	7	7	8	13	|	0	0	0	0	0	|	0
1.00	0.00	0.50	36	SILO	0	5627611.45	6	7	8	8	12	|	0	0	0	0	0	|	0
1.00	0.00	0.50	40	SILO	0	6108455.58	6	7	8	8	13	|	0	0	0	0	0	|	0
1.00	0.00	0.50	44	SILO	0	6534869.95	6	7	8	9	13	|	0	0	0	0	0	|	0
1.00	0.00	0.50	48	SILO	0	6897212.10	6	8	8	9	13	|	0	0	0	0	0	|	0
1.00	0.00	0.50	52	SILO	0	7370206.19	6	8	8	9	13	|	0	0	0	0	0	|	0
1.00	0.00	0.50	56	SILO	0	7942649.78	7	8	8	9	13	|	0	0	0	0	0	|	0
1.00	0.00	0.50	60	SILO	0	8338002.26	7	8	8	9	14	|	0	0	0	0	0	|	0
1.00	0.00	0.50	64	SILO	0	8732192.11	7	8	9	9	14	|	0	0	0	0	0	|	0
0.00	1.00	0.70	1	WOUND_WAIT	0	195151.92	5	5	6	6	7	|	0	0	0	0	0	|	0
0.00	1.00	0.70	4	WOUND_WAIT	0	728882.01	5	6	6	7	9	|	0	0	0	0	0	|	1
0.00	1.00	0.70	8	WOUND_WAIT	0	1419430.18	5	6	6	7	10	|	0	0	0	0	0	|	47
0.00	1.00	0.70	12	WOUND_WAIT	0	2089603.11	5	6	6	8	12	|	0	0	0	0	0	|	155
0.00	1.00	0.70	16	WOUND_WAIT	0	2717089.06	5	6	7	8	12	|	0	0	0	0	0	|	400
0.00	1.00	0.70	20	WOUND_WAIT	0	3101146.35	6	7	8	10	17	|	0	0	0	0	0	|	791
0.00	1.00	0.70	24	WOUND_WAIT	0	3229576.80	7	8	9	12	21	|	0	0	0	0	0	|	1307
0.00	1.00	0.70	28	WOUND_WAIT	0	3526759.17	7	9	10	14	28	|	0	0	0	0	0	|	2196
0.00	1.00	0.70	32	WOUND_WAIT	0	3706087.56	8	10	11	17	36	|	0	0	0	0	1	|	3181
0.00	1.00	0.70	36	WOUND_WAIT	0	4067300.03	8	10	11	19	47	|	0	0	0	0	1	|	4252
0.00	1.00	0.70	40	WOUND_WAIT	0	4012274.84	9	11	13	24	60	|	0	0	0	0	1	|	5560
0.00	1.00	0.70	44	WOUND_WAIT	0	4182054.09	9	12	15	29	71	|	0	0	0	0	1	|	7052
0.00	1.00	0.70	48	WOUND_WAIT	0	4474683.25	9	12	16	37	80	|	0	0	0	0	1	|	8494
0.00	1.00	0.70	52	WOUND_WAIT	0	4507151.62	10	13	18	48	91	|	0	0	0	0	1	|	10178
0.00	1.00	0.70	56	WOUND_WAIT	0	4703082.82	10	13	20	61	104	|	0	0	0	0	1	|	11868
0.00	1.00	0.70	60	WOUND_WAIT	0	4759121.78	10	13	24	76	117	|	0	0	0	0	1	|	13479
0.00	1.00	0.70	64	WOUND_WAIT	0	4748045.09	10	14	31	90	131	|	0	0	0	0	1	|	15633
0.00	1.00	0.70	1	SILO	0	209173.88	4	5	5	6	7	|	0	0	0	0	0	|	0
0.00	1.00	0.70	4	SILO	0	879453.42	4	5	5	6	90	|	0	0	0	0	1	|	2248
0.00	1.00	0.70	8	SILO	0	1820853.78	4	5	5	36	101	|	0	0	0	1	1	|	10794
0.00	1.00	0.70	12	SILO	0	2557810.90	4	5	5	61	105	|	0	0	0	1	1	|	24638
0.00	1.00	0.70	16	SILO	0	3407882.46	4	5	6	74	107	|	0	0	0	1	2	|	42571
0.00	1.00	0.70	20	SILO	0	3924491.30	5	6	6	83	112	|	0	0	0	1	2	|	65795
0.00	1.00	0.70	24	SILO	0	4366875.85	5	6	7	88	129	|	0	0	0	1	2	|	92930
0.00	1.00	0.70	28	SILO	0	4911085.80	5	7	11	93	142	|	0	0	0	1	2	|	132145
0.00	1.00	0.70	32	SILO	0	5182768.08	6	7	20	96	151	|	0	0	1	1	2	|	169376
0.00	1.00	0.70	36	SILO	0	5708053.23	6	7	31	99	163	|	0	0	1	1	2	|	221936
0.00	1.00	0.70	40	SILO	0	6071115.39	6	8	39	101	170	|	0	0	1	1	2	|	263210
0.00	1.00	0.70	44	SILO	0	6161640.14	7	9	46	103	175	|	0	0	1	1	2	|	310945
0.00	1.00	0.70	48	SILO	0	6638722.93	7	9	52	105	183	|	0	0	1	1	3	|	375561
0.00	1.00	0.70	52	SILO	0	6825299.72	7	10	56	106	188	|	0	0	1	1	3	|	441110
0.00	1.00	0.70	56	SILO	0	7397762.28	7	10	61	108	197	|	0	0	1	1	3	|	501144
0.00	1.00	0.70	60	SILO	0	7605592.57	7	11	65	109	205	|	0	0	1	2	3	|	586387
0.00	1.00	0.70	64	SILO	0	7948105.94	7	15	68	111	211	|	0	1	1	2	3	|	642047
0.50	0.50	0.70	1	WOUND_WAIT	0	197520.52	5	5	6	6	9	|	0	0	0	0	0	|	0
0.50	0.50	0.70	4	WOUND_WAIT	0	769769.85	5	6	6	6	9	|	0	0	0	0	0	|	4
0.50	0.50	0.70	8	WOUND_WAIT	0	1489161.39	5	6	6	7	9	|	0	0	0	0	0	|	35
0.50	0.50	0.70	12	WOUND_WAIT	0	2402405.99	4	5	5	6	9	|	0	0	0	0	0	|	87
0.50	0.50	0.70	16	WOUND_WAIT	0	2881058.20	5	6	6	7	11	|	0	0	0	0	0	|	250
0.50	0.50	0.70	20	WOUND_WAIT	0	3276099.14	5	7	7	9	15	|	0	0	0	0	0	|	501
0.50	0.50	0.70	24	WOUND_WAIT	0	3560165.65	6	7	8	11	17	|	0	0	0	0	0	|	898
0.50	0.50	0.70	28	WOUND_WAIT	0	3763960.07	7	8	9	13	21	|	0	0	0	0	0	|	1408
0.50	0.50	0.70	32	WOUND_WAIT	0	4135808.73	7	9	9	14	26	|	0	0	0	0	0	|	2041
0.50	0.50	0.70	36	WOUND_WAIT	0	4493223.68	7	9	10	15	32	|	0	0	0	0	0	|	2912
0.50	0.50	0.70	40	WOUND_WAIT	0	4498005.97	8	10	11	18	41	|	0	0	0	0	1	|	3888
0.50	0.50	0.70	44	WOUND_WAIT	0	4690068.60	8	10	12	21	51	|	0	0	0	0	1	|	4937
0.50	0.50	0.70	48	WOUND_WAIT	0	4924714.40	9	11	13	24	59	|	0	0	0	0	1	|	6053
0.50	0.50	0.70	52	WOUND_WAIT	0	5287656.31	9	11	14	30	69	|	0	0	0	0	1	|	7553
0.50	0.50	0.70	56	WOUND_WAIT	0	5413617.52	9	11	15	37	79	|	0	0	0	0	1	|	8979
0.50	0.50	0.70	60	WOUND_WAIT	0	5548731.58	9	12	16	46	88	|	0	0	0	0	1	|	10347
0.50	0.50	0.70	64	WOUND_WAIT	0	5540779.27	9	12	19	56	99	|	0	0	0	0	1	|	12005
0.50	0.50	0.70	1	SILO	0	213105.90	4	5	5	6	7	|	0	0	0	0	0	|	0
0.50	0.50	0.70	4	SILO	0	900473.90	4	5	5	5	73	|	0	0	0	0	1	|	1093
0.50	0.50	0.70	8	SILO	0	1736198.29	4	5	5	6	93	|	0	0	0	0	1	|	5416
0.50	0.50	0.70	12	SILO	0	2591218.71	4	5	5	15	99	|	0	0	0	1	1	|	12663
0.50	0.50	0.70	16	SILO	0	3374020.62	4	5	5	40	102	|	0	0	0	1	1	|	23079
0.50	0.50	0.70	20	SILO	0	3861043.17	5	6	6	55	104	|	0	0	0	1	1	|	36617
0.50	0.50	0.70	24	SILO	0	4300753.09	5	6	7	66	106	|	0	0	0	1	1	|	51725
0.50	0.50	0.70	28	SILO	0	4842273.82	5	7	7	72	107	|	0	0	0	1	1	|	71483
0.50	0.50	0.70	32	SILO	0	5295964.23	5	7	7	78	109	|	0	0	0	1	2	|	91683
0.50	0.50	0.70	36	SILO	0	5559334.72	6	7	8	82	111	|	0	0	0	1	2	|	120766
0.50	0.50	0.70	40	SILO	0	5982956.89	6	8	8	86	113	|	0	0	0	1	2	|	144651
0.50	0.50	0.70	44	SILO	0	6124516.38	7	8	9	89	117	|	0	0	0	1	2	|	172285
0.50	0.50	0.70	48	SILO	0	6467219.73	7	9	10	92	125	|	0	0	0	1	2	|	203644
0.50	0.50	0.70	52	SILO	0	6862144.90	7	9	11	94	133	|	0	0	0	1	2	|	235305
0.50	0.50	0.70	56	SILO	0	7435447.17	7	9	14	95	143	|	0	0	1	1	2	|	279572
0.50	0.50	0.70	60	SILO	0	7637872.08	7	9	19	97	149	|	0	0	1	1	2	|	320063
0.50	0.50	0.70	64	SILO	0	8002250.91	7	9	25	99	154	|	0	0	1	1	2	|	361600
1.00	0.00	0.70	1	WOUND_WAIT	0	219480.51	4	5	5	6	8	|	0	0	0	0	0	|	0
1.00	0.00	0.70	4	WOUND_WAIT	0	828084.61	4	5	5	6	9	|	0	0	0	0	0	|	0
1.00	0.00	0.70	8	WOUND_WAIT	0	1605074.51	4	5	6	6	9	|	0	0	0	0	0	|	0
1.00	0.00	0.70	12	WOUND_WAIT	0	2588917.26	4	5	5	5	9	|	0	0	0	0	0	|	0
1.00	0.00	0.70	16	WOUND_WAIT	0	3125273.49	5	5	6	6	10	|	0	0	0	0	0	|	0
1.00	0.00	0.70	20	WOUND_WAIT	0	3473993.31	5	6	7	7	11	|	0	0	0	0	0	|	0
1.00	0.00	0.70	24	WOUND_WAIT	0	3896187.12	6	7	7	8	12	|	0	0	0	0	0	|	0
1.00	0.00	0.70	28	WOUND_WAIT	0	4262878.86	6	7	8	8	13	|	0	0	0	0	0	|	0
1.00	0.00	0.70	32	WOUND_WAIT	0	4735795.44	6	7	8	9	14	|	0	0	0	0	0	|	0
1.00	0.00	0.70	36	WOUND_WAIT	0	5035917.97	7	8	8	9	15	|	0	0	0	0	0	|	0
1.00	0.00	0.70	40	WOUND_WAIT	0	5228201.29	7	9	9	10	17	|	0	0	0	0	0	|	0
1.00	0.00	0.70	44	WOUND_WAIT	0	5766942.93	7	8	9	10	17	|	0	0	0	0	0	|	0
1.00	0.00	0.70	48	WOUND_WAIT	0	5758860.81	8	9	10	12	19	|	0	0	0	0	0	|	0
1.00	0.00	0.70	52	WOUND_WAIT	0	6119131.10	8	9	10	12	20	|	0	0	0	0	0	|	0
1.00	0.00	0.70	56	WOUND_WAIT	0	6578958.34	8	9	10	13	21	|	0	0	0	0	0	|	0
1.00	0.00	0.70	60	WOUND_WAIT	0	6961657.95	8	10	10	14	22	|	0	0	0	0	0	|	0
1.00	0.00	0.70	64	WOUND_WAIT	0	7184962.99	8	10	10	14	23	|	0	0	0	0	0	|	0
1.00	0.00	0.70	1	SILO	0	230503.04	4	5	5	5	7	|	0	0	0	0	0	|	0
1.00	0.00	0.70	4	SILO	0	970821.94	4	4	5	5	8	|	0	0	0	0	0	|	0
1.00	0.00	0.70	8	SILO	0	1934868.38	4	4	5	5	9	|	0	0	0	0	0	|	0
1.00	0.00	0.70	12	SILO	0	3199927.51	3	4	4	5	10	|	0	0	0	0	0	|	0
1.00	0.00	0.70	16	SILO	0	3769063.78	4	5	5	5	10	|	0	0	0	0	0	|	0
1.00	0.00	0.70	20	SILO	0	4536489.35	4	5	5	6	11	|	0	0	0	0	0	|	0
1.00	0.00	0.70	24	SILO	0	4965024.95	4	6	6	7	10	|	0	0	0	0	0	|	0
1.00	0.00	0.70	28	SILO	0	5479018.97	5	6	6	7	10	|	0	0	0	0	0	|	0
1.00	0.00	0.70	32	SILO	0	6109212.52	5	6	7	7	10	|	0	0	0	0	0	|	0
1.00	0.00	0.70	36	SILO	0	7046987.94	5	6	6	7	12	|	0	0	0	0	0	|	0
1.00	0.00	0.70	40	SILO	0	7340133.60	5	6	7	8	12	|	0	0	0	0	0	|	0
1.00	0.00	0.70	44	SILO	0	7794200.31	5	7	7	8	12	|	0	0	0	0	0	|	0
1.00	0.00	0.70	48	SILO	0	8353581.42	5	7	7	8	11	|	0	0	0	0	0	|	0
1.00	0.00	0.70	52	SILO	0	9321015.59	5	7	7	8	11	|	0	0	0	0	0	|	0
1.00	0.00	0.70	56	SILO	0	9820317.36	5	7	7	8	12	|	0	0	0	0	0	|	0
1.00	0.00	0.70	60	SILO	0	10270447.99	5	7	7	8	12	|	0	0	0	0	0	|	0
1.00	0.00	0.70	64	SILO	0	10723477.16	5	7	8	8	13	|	0	0	0	0	0	|	0
0.00	1.00	0.90	1	WOUND_WAIT	0	241851.09	4	5	5	6	6	|	0	0	0	0	0	|	0
0.00	1.00	0.90	4	WOUND_WAIT	0	876170.55	4	5	6	9	87	|	0	0	0	0	1	|	1741
0.00	1.00	0.90	8	WOUND_WAIT	0	1426035.05	4	9	11	61	107	|	0	0	0	1	1	|	15299
0.00	1.00	0.90	12	WOUND_WAIT	0	1649543.68	5	16	22	92	121	|	0	0	0	1	2	|	46207
0.00	1.00	0.90	16	WOUND_WAIT	0	1709962.27	5	25	39	109	147	|	0	0	1	1	2	|	95553
0.00	1.00	0.90	20	WOUND_WAIT	0	1206499.82	6	52	83	144	209	|	0	0	1	1	2	|	165758
0.00	1.00	0.90	24	WOUND_WAIT	0	1053001.87	7	79	114	180	256	|	0	0	1	2	2	|	254178
0.00	1.00	0.90	28	WOUND_WAIT	0	968550.10	9	105	142	217	303	|	0	1	1	2	3	|	355754
0.00	1.00	0.90	32	WOUND_WAIT	0	907224.05	11	131	171	257	355	|	0	1	1	2	3	|	470783
0.00	1.00	0.90	36	WOUND_WAIT	0	816781.47	14	166	213	315	433	|	0	1	1	2	3	|	598845
0.00	1.00	0.90	40	WOUND_WAIT	0	756304.79	19	201	255	374	507	|	0	1	1	2	3	|	737947
0.00	1.00	0.90	44	WOUND_WAIT	0	719384.35	24	234	295	429	577	|	0	1	1	2	3	|	897234
0.00	1.00	0.90	48	WOUND_WAIT	0	687291.70	29	271	338	490	656	|	0	1	1	2	4	|	1067820
0.00	1.00	0.90	52	WOUND_WAIT	0	639055.15	37	317	393	567	753	|	0	1	2	3	4	|	1246987
0.00	1.00	0.90	56	WOUND_WAIT	0	610962.43	45	359	443	636	843	|	0	1	2	3	4	|	1442765
0.00	1.00	0.90	60	WOUND_WAIT	0	584626.04	53	403	497	709	930	|	0	1	2	3	4	|	1651381
0.00	1.00	0.90	64	WOUND_WAIT	0	563491.41	62	449	551	784	1031	|	0	1	2	3	4	|	1873711
0.00	1.00	0.90	1	SILO	0	278581.88	3	4	4	5	6	|	0	0	0	0	0	|	0
0.00	1.00	0.90	4	SILO	0	1117919.79	3	33	73	105	196	|	0	1	1	2	3	|	53073
0.00	1.00	0.90	8	SILO	0	1501794.50	3	62	91	162	5825	|	0	1	1	2	4	|	168121
0.00	1.00	0.90	12	SILO	0	1663080.71	3	70	96	219	8943	|	0	1	1	3	5	|	268955
0.00	1.00	0.90	16	SILO	0	1768447.17	3	72	98	1020	10762	|	0	1	1	3	5	|	361292
0.00	1.00	0.90	20	SILO	0	1759511.86	4	84	108	2137	11867	|	0	1	2	3	6	|	596767
0.00	1.00	0.90	24	SILO	0	1783981.84	4	91	129	3062	12877	|	0	1	2	4	7	|	831177
0.00	1.00	0.90	28	SILO	0	1803186.65	4	95	146	3864	14071	|	0	1	2	4	8	|	995049
0.00	1.00	0.90	32	SILO	0	1835238.98	4	98	161	4592	14693	|	0	1	2	4	8	|	1299302
0.00	1.00	0.90	36	SILO	0	1816132.97	5	103	181	5297	16141	|	0	2	2	5	10	|	1589860
0.00	1.00	0.90	40	SILO	0	1768072.85	5	108	212	6001	17064	|	0	2	3	5	13	|	1990071
0.00	1.00	0.90	44	SILO	0	905343.57	5	779	1476	4064	11139	|	0	8	16	48	139	|	11612347
0.00	1.00	0.90	48	SILO	0	865748.74	5	863	1630	4459	12305	|	0	8	17	51	151	|	12074253
0.00	1.00	0.90	52	SILO	0	775119.98	6	901	1863	5479	16146	|	0	8	17	56	181	|	5213282
0.00	1.00	0.90	56	SILO	0	718410.80	6	1050	2064	6063	18435	|	0	9	19	63	206	|	12011557
0.00	1.00	0.90	60	SILO	0	686453.77	6	1194	2302	6641	19519	|	0	10	20	68	216	|	15812154
0.00	1.00	0.90	64	SILO	0	661458.64	6	1262	2454	7230	21999	|	0	10	21	70	232	|	16546096
0.50	0.50	0.90	1	WOUND_WAIT	0	277217.63	3	4	4	5	6	|	0	0	0	0	0	|	0
0.50	0.50	0.90	4	WOUND_WAIT	0	933906.12	4	5	6	8	70	|	0	0	0	0	1	|	1007
0.50	0.50	0.90	8	WOUND_WAIT	0	1685016.05	4	6	8	27	102	|	0	0	0	1	1	|	9459
0.50	0.50	0.90	12	WOUND_WAIT	0	1930722.56	4	11	16	76	113	|	0	0	0	1	1	|	30275
0.50	0.50	0.90	16	WOUND_WAIT	0	2011911.25	5	19	25	95	129	|	0	0	0	1	2	|	62987
0.50	0.50	0.90	20	WOUND_WAIT	0	1521567.28	5	37	53	123	182	|	0	0	1	1	2	|	113071
0.50	0.50	0.90	24	WOUND_WAIT	0	1290559.98	6	57	82	151	232	|	0	0	1	1	2	|	176648
0.50	0.50	0.90	28	WOUND_WAIT	0	1183140.08	7	77	108	180	270	|	0	0	1	1	2	|	253635
0.50	0.50	0.90	32	WOUND_WAIT	0	1115442.77	8	97	131	210	313	|	0	0	1	2	3	|	340169
0.50	0.50	0.90	36	WOUND_WAIT	0	989519.73	11	126	164	257	377	|	0	1	1	2	3	|	440760
0.50	0.50	0.90	40	WOUND_WAIT	0	910247.21	14	154	198	305	446	|	0	1	1	2	3	|	551059
0.50	0.50	0.90	44	WOUND_WAIT	0	868972.25	17	180	228	348	502	|	0	1	1	2	3	|	668611
0.50	0.50	0.90	48	WOUND_WAIT	0	841241.18	21	206	259	392	563	|	0	1	1	2	3	|	799726
0.50	0.50	0.90	52	WOUND_WAIT	0	770965.63	27	245	306	460	654	|	0	1	1	2	3	|	941192
0.50	0.50	0.90	56	WOUND_WAIT	0	734257.33	33	279	347	519	742	|	0	1	1	2	4	|	1095598
0.50	0.50	0.90	60	WOUND_WAIT	0	702763.40	40	314	389	579	823	|	0	1	1	2	4	|	1257825
0.50	0.50	0.90	64	WOUND_WAIT	0	673464.45	47	352	435	644	911	|	0	1	1	3	4	|	1431187
0.50	0.50	0.90	1	SILO	0	285510.81	3	4	4	5	6	|	0	0	0	0	0	|	0
0.50	0.50	0.90	4	SILO	0	1128615.63	3	4	38	95	143	|	0	0	1	1	2	|	29548
0.50	0.50	0.90	8	SILO	0	2084786.37	3	44	80	117	217	|	0	1	1	2	3	|	130508
0.50	0.50	0.90	12	SILO	0	2607648.91	3	60	89	151	2551	|	0	1	1	2	4	|	240763
0.50	0.50	0.90	16	SILO	0	2898311.04	3	63	92	171	6447	|	0	1	1	2	4	|	332889
0.50	0.50	0.90	20	SILO	0	2903777.37	4	77	101	212	7286	|	0	1	2	3	5	|	540488
0.50	0.50	0.90	24	SILO	0	2984999.26	4	83	105	259	8613	|	0	1	2	3	6	|	756324
0.50	0.50	0.90	28	SILO	0	3070943.05	4	87	110	360	9628	|	0	1	2	3	6	|	886942
0.50	0.50	0.90	32	SILO	0	3162359.75	4	90	119	644	10604	|	0	1	2	3	7	|	1143700
0.50	0.50	0.90	36	SILO	0	3122785.06	5	95	137	1526	10963	|	0	1	2	4	8	|	1382180
0.50	0.50	0.90	40	SILO	0	3116193.42	5	98	151	2179	11887	|	0	1	2	4	9	|	1720534
0.50	0.50	0.90	44	SILO	0	3149494.74	5	101	161	2679	12683	|	0	1	2	5	10	|	1854837
0.50	0.50	0.90	48	SILO	0	3142277.10	5	103	171	3276	13256	|	0	2	2	5	11	|	2269042
0.50	0.50	0.90	52	SILO	0	2999985.86	5	110	200	3824	13980	|	0	2	3	6	16	|	2929230
0.50	0.50	0.90	56	SILO	0	1589052.10	6	378	767	3267	14620	|	0	4	9	38	186	|	8941845
0.50	0.50	0.90	60	SILO	0	1422016.29	6	451	914	3721	15808	|	0	4	10	44	201	|	10671474
0.50	0.50	0.90	64	SILO	0	1405152.38	6	456	929	3948	18221	|	0	4	9	45	226	|	11234093
1.00	0.00	0.90	1	WOUND_WAIT	0	323681.62	3	3	4	4	5	|	0	0	0	0	0	|	0
1.00	0.00	0.90	4	WOUND_WAIT	0	1044777.37	3	4	4	5	7	|	0	0	0	0	0	|	0
1.00	0.00	0.90	8	WOUND_WAIT	0	1953288.75	3	4	5	6	9	|	0	0	0	0	0	|	0
1.00	0.00	0.90	12	WOUND_WAIT	0	2830746.01	4	5	5	7	10	|	0	0	0	0	0	|	0
1.00	0.00	0.90	16	WOUND_WAIT	0	3561333.01	4	5	6	9	13	|	0	0	0	0	0	|	0
1.00	0.00	0.90	20	WOUND_WAIT	0	3255281.29	5	9	13	21	31	|	0	0	0	0	0	|	0
1.00	0.00	0.90	24	WOUND_WAIT	0	2980425.72	5	16	22	35	52	|	0	0	0	0	0	|	0
1.00	0.00	0.90	28	WOUND_WAIT	0	2703444.81	5	25	35	52	75	|	0	0	0	0	0	|	0
1.00	0.00	0.90	32	WOUND_WAIT	0	2576981.75	5	33	45	68	97	|	0	0	0	0	0	|	0
1.00	0.00	0.90	36	WOUND_WAIT	0	2212813.14	6	50	67	99	142	|	0	0	0	0	0	|	0
1.00	0.00	0.90	40	WOUND_WAIT	0	2047637.93	6	64	85	125	180	|	0	0	0	0	0	|	0
1.00	0.00	0.90	44	WOUND_WAIT	0	1969753.12	6	76	101	149	215	|	0	0	0	0	0	|	0
1.00	0.00	0.90	48	WOUND_WAIT	0	1864088.93	6	92	121	179	258	|	0	0	0	0	0	|	0
1.00	0.00	0.90	52	WOUND_WAIT	0	1731027.04	6	109	145	216	312	|	0	0	0	0	0	|	0
1.00	0.00	0.90	56	WOUND_WAIT	0	1632170.64	6	127	169	252	365	|	0	0	0	0	0	|	0
1.00	0.00	0.90	60	WOUND_WAIT	0	1596562.93	6	141	188	280	405	|	0	0	0	0	0	|	0
1.00	0.00	0.90	64	WOUND_WAIT	0	1553267.22	6	157	208	310	449	|	0	0	0	0	0	|	0
1.00	0.00	0.90	1	SILO	0	315463.20	3	4	4	4	5	|	0	0	0	0	0	|	0
1.00	0.00	0.90	4	SILO	0	1383015.88	2	3	4	4	5	|	0	0	0	0	0	|	0
1.00	0.00	0.90	8	SILO	0	2776099.95	2	3	4	4	5	|	0	0	0	0	0	|	0
1.00	0.00	0.90	12	SILO	0	4141143.58	2	3	4	4	7	|	0	0	0	0	0	|	0
1.00	0.00	0.90	16	SILO	0	5454911.00	2	3	4	4	7	|	0	0	0	0	0	|	0
1.00	0.00	0.90	20	SILO	0	6394336.02	3	4	4	5	8	|	0	0	0	0	0	|	0
1.00	0.00	0.90	24	SILO	0	7423875.86	3	4	4	5	8	|	0	0	0	0	0	|	0
1.00	0.00	0.90	28	SILO	0	8464370.46	3	4	4	5	8	|	0	0	0	0	0	|	0
1.00	0.00	0.90	32	SILO	0	9106754.38	3	4	5	6	8	|	0	0	0	0	0	|	0
1.00	0.00	0.90	36	SILO	0	10496390.75	3	4	5	6	10	|	0	0	0	0	0	|	0
1.00	0.00	0.90	40	SILO	0	11116190.07	3	5	5	6	10	|	0	0	0	0	0	|	0
1.00	0.00	0.90	44	SILO	0	12042791.65	3	5	5	6	9	|	0	0	0	0	0	|	0
1.00	0.00	0.90	48	SILO	0	12660256.72	3	5	5	6	9	|	0	0	0	0	0	|	0
1.00	0.00	0.90	52	SILO	0	13772088.85	3	5	5	6	10	|	0	0	0	0	0	|	0
1.00	0.00	0.90	56	SILO	0	14905312.98	3	5	5	6	9	|	0	0	0	0	0	|	0
1.00	0.00	0.90	60	SILO	0	15545358.39	3	5	5	6	10	|	0	0	0	0	0	|	0
1.00	0.00	0.90	64	SILO	0	16501837.58	3	5	5	6	10	|	0	0	0	0	0	|	0
