Rd	Wt	Zip	T	CC	TP	P50	P90	P99	P999	Abt
0.95	0.05	0.50	1	NO_WAIT	18	187767.08	COMMIT	747246	3959104	0	0	3510556	240088	ABORT	0	0	0	0	0	0	0	3	16	18	21	0	0	0	0	0.00	
0.95	0.05	0.50	4	NO_WAIT	18	629404.23	COMMIT	704991	3959786	0	0	3569078	228660	ABORT	1	17	0	0	2	10	0	4	22	24	28	0	0	0	0	0.00	
0.95	0.05	0.50	8	NO_WAIT	18	1230063.77	COMMIT	690496	3959820	0	0	3577611	224307	ABORT	1	8	0	0	2	1	0	4	22	24	29	0	0	0	0	0.00	
0.95	0.05	0.50	12	NO_WAIT	18	1794836.47	COMMIT	671912	3960668	0	0	3595657	220394	ABORT	12	66	0	0	41	13	2	5	23	25	30	0	0	0	0	0.00	
0.95	0.05	0.50	16	NO_WAIT	18	2335709.58	COMMIT	653995	3961663	0	0	3593924	213750	ABORT	15	111	0	0	58	37	4	5	23	26	31	0	0	0	0	0.00	
0.95	0.05	0.50	20	NO_WAIT	18	2923510.96	COMMIT	655886	3961243	0	0	3588476	215103	ABORT	12	84	0	0	29	41	4	5	23	26	33	0	0	0	0	0.00	
0.95	0.05	0.50	24	NO_WAIT	18	3462692.01	COMMIT	644018	3959623	0	0	3584892	211952	ABORT	14	115	0	0	43	54	5	5	23	26	34	0	0	0	0	0.00	
0.95	0.05	0.50	28	NO_WAIT	18	3965085.57	COMMIT	635458	3961753	0	0	3596906	209866	ABORT	36	258	0	0	103	119	15	5	24	27	37	0	0	0	0	0.00	
0.95	0.05	0.50	32	NO_WAIT	18	4452248.74	COMMIT	624447	3960114	0	0	3601969	204844	ABORT	28	222	0	0	87	99	17	5	25	28	39	0	0	0	0	0.00	
0.95	0.05	0.50	36	NO_WAIT	18	4875040.32	COMMIT	608037	3962431	0	0	3613496	202926	ABORT	20	154	0	0	50	82	6	5	25	29	43	0	0	0	0	0.00	
0.95	0.05	0.50	1	WAIT_DIE	18	185638.49	COMMIT	737054	3960769	0	0	3512490	239320	ABORT	0	0	0	0	0	0	0	3	16	18	21	0	0	0	0	0.00	
0.95	0.05	0.50	4	WAIT_DIE	18	612250.59	COMMIT	683487	3961886	1	0	3516806	224897	ABORT	0	0	0	0	0	0	0	5	22	25	29	0	0	0	0	0.00	
0.95	0.05	0.50	8	WAIT_DIE	18	1190861.60	COMMIT	666870	3961908	8	0	3529808	219158	ABORT	3	19	0	0	5	5	0	5	23	25	29	0	0	0	0	0.00	
0.95	0.05	0.50	12	WAIT_DIE	18	1751116.77	COMMIT	653236	3962520	22	0	3536336	213068	ABORT	10	80	0	0	30	35	4	5	23	26	31	0	0	0	0	0.00	
0.95	0.05	0.50	16	WAIT_DIE	18	2299976.75	COMMIT	640008	3962994	14	7	3536573	209857	ABORT	6	37	0	0	14	15	1	5	24	26	32	0	0	0	0	0.00	
0.95	0.05	0.50	20	WAIT_DIE	18	2831977.78	COMMIT	631494	3963027	15	0	3541675	206849	ABORT	11	58	0	0	21	22	3	5	24	27	34	0	0	0	0	0.00	
0.95	0.05	0.50	24	WAIT_DIE	18	3368703.50	COMMIT	624894	3961273	44	0	3545408	205724	ABORT	4	29	0	0	8	12	1	5	24	27	35	0	0	0	0	0.00	
0.95	0.05	0.50	28	WAIT_DIE	18	3857846.91	COMMIT	615253	3963782	35	0	3552277	202696	ABORT	7	38	0	0	20	7	2	5	25	28	37	0	0	0	0	0.00	
0.95	0.05	0.50	32	WAIT_DIE	18	4319586.14	COMMIT	602438	3962214	45	0	3551218	199204	ABORT	25	157	0	0	90	42	6	5	25	29	40	0	0	0	0	0.00	
0.95	0.05	0.50	36	WAIT_DIE	18	4750218.61	COMMIT	589838	3964190	31	0	3565695	199554	ABORT	20	124	0	0	50	43	11	5	26	30	43	0	0	0	0	0.00	
0.95	0.05	0.50	1	WOUND_WAIT	18	187679.09	COMMIT	743847	3959398	0	0	3487276	240974	ABORT	0	0	0	0	0	0	0	3	16	18	21	0	0	0	0	0.00	
0.95	0.05	0.50	4	WOUND_WAIT	18	626271.39	COMMIT	696490	3960999	0	0	3522507	229734	ABORT	0	0	0	0	0	0	0	4	22	24	28	0	0	0	0	0.00	
0.95	0.05	0.50	8	WOUND_WAIT	18	1220252.79	COMMIT	680494	3961407	12	0	3531558	225322	ABORT	1	9	0	0	2	1	1	5	22	25	29	0	0	0	0	0.00	
0.95	0.05	0.50	12	WOUND_WAIT	18	1778609.15	COMMIT	654303	3963079	8	1	3501642	214123	ABORT	1	19	0	0	2	10	2	5	23	25	30	0	0	0	0	0.00	
0.95	0.05	0.50	16	WOUND_WAIT	18	2319481.76	COMMIT	645084	3963001	15	0	3548421	214545	ABORT	2	36	0	0	4	23	3	5	23	26	32	0	0	0	0	0.00	
0.95	0.05	0.50	20	WOUND_WAIT	18	2910041.63	COMMIT	646243	3963250	18	0	3540902	212856	ABORT	1	18	0	0	2	10	1	5	23	26	33	0	0	0	0	0.00	
0.95	0.05	0.50	24	WOUND_WAIT	18	3451721.64	COMMIT	638768	3962563	50	5	3549280	210732	ABORT	4	68	0	0	8	45	6	5	24	26	35	0	0	0	0	0.00	
0.95	0.05	0.50	28	WOUND_WAIT	18	3946885.07	COMMIT	628480	3963335	32	0	3553635	206797	ABORT	5	77	0	0	9	51	7	5	24	27	37	0	0	0	0	0.00	
0.95	0.05	0.50	32	WOUND_WAIT	18	4426903.75	COMMIT	616199	3962886	36	0	3557836	203561	ABORT	4	52	0	0	8	32	4	5	25	28	40	0	0	0	0	0.00	
0.95	0.05	0.50	36	WOUND_WAIT	18	4845426.28	COMMIT	600139	3963733	44	0	3560067	200234	ABORT	4	75	0	0	8	53	6	5	26	29	44	0	0	0	0	0.00	
0.95	0.05	0.50	1	DLOCK	18	170782.30	COMMIT	677036	3962994	79108	0	3504723	266637	ABORT	0	0	0	0	0	0	0	4	18	19	22	0	0	0	0	0.00	
0.95	0.05	0.50	4	DLOCK	18	581300.97	COMMIT	645930	3963427	80035	0	3493278	265932	ABORT	0	0	0	0	0	0	0	5	24	26	30	0	0	0	0	0.00	
0.95	0.05	0.50	8	DLOCK	18	1156106.47	COMMIT	647870	3963931	80288	0	3507996	264768	ABORT	0	0	0	0	0	0	0	5	24	26	30	0	0	0	0	0.00	
0.95	0.05	0.50	12	DLOCK	18	1710960.05	COMMIT	631905	3954026	78674	0	3487435	264464	ABORT	0	0	0	0	0	0	0	5	24	26	31	0	0	0	0	0.00	
0.95	0.05	0.50	16	DLOCK	18	2279157.03	COMMIT	633792	3963280	78592	0	3512502	265760	ABORT	0	0	0	0	0	0	0	5	24	26	33	0	0	0	0	0.00	
0.95	0.05	0.50	20	DLOCK	18	2818164.08	COMMIT	624824	3955213	77807	9	3478589	261162	ABORT	1	9	0	0	2	3	0	5	24	27	34	0	0	0	0	0.00	
0.95	0.05	0.50	24	DLOCK	18	3360619.17	COMMIT	621302	3958476	78042	0	3487992	263158	ABORT	4	52	0	0	8	34	1	5	24	27	36	0	0	0	0	0.00	
0.95	0.05	0.50	28	DLOCK	18	3882260.73	COMMIT	616673	3957827	77059	0	3492261	261572	ABORT	1	9	0	0	2	2	0	5	25	27	38	0	0	0	0	0.00	
0.95	0.05	0.50	32	DLOCK	18	4382834.55	COMMIT	607839	3962692	78102	9	3494794	261443	ABORT	5	82	0	0	9	61	2	5	25	28	41	0	0	0	0	0.00	
0.95	0.05	0.50	36	DLOCK	18	4859865.75	COMMIT	598738	3956238	77073	0	3492862	257191	ABORT	2	31	0	0	4	19	1	5	25	29	46	0	0	0	0	0.00	
0.95	0.05	0.50	1	HLOCK	18	184597.31	COMMIT	732424	3960756	0	11223	3455071	313265	ABORT	0	0	0	0	0	0	0	4	16	18	21	0	0	0	0	0.00	
0.95	0.05	0.50	4	HLOCK	18	618475.94	COMMIT	675138	3881128	0	13380	3378420	295154	ABORT	0	0	0	0	0	0	0	4	22	24	29	0	0	0	0	0.00	
0.95	0.05	0.50	8	HLOCK	18	1219662.35	COMMIT	660692	3918807	2	14117	3375294	299385	ABORT	0	0	0	0	0	0	0	5	22	24	29	0	0	0	0	0.00	
0.95	0.05	0.50	12	HLOCK	18	1822994.38	COMMIT	674299	3961556	2	14393	3461324	311055	ABORT	2	22	0	0	4	10	1	5	22	25	30	0	0	0	0	0.00	
0.95	0.05	0.50	16	HLOCK	18	2378743.05	COMMIT	641978	3926302	0	14227	3370820	293280	ABORT	0	0	0	0	0	0	0	5	23	25	32	0	0	0	0	0.00	
0.95	0.05	0.50	20	HLOCK	18	2971283.40	COMMIT	640533	3940002	2	14247	3359795	302876	ABORT	0	0	0	0	0	0	0	5	23	25	33	0	0	0	0	0.00	
0.95	0.05	0.50	24	HLOCK	18	3534295.83	COMMIT	633903	3927997	19	14190	3361311	303860	ABORT	1	18	0	0	2	10	0	5	23	26	35	0	0	0	0	0.00	
0.95	0.05	0.50	28	HLOCK	18	4060767.54	COMMIT	630410	3955726	14	14247	3380995	305271	ABORT	2	31	0	0	8	16	1	5	23	26	38	0	0	0	0	0.00	
0.95	0.05	0.50	32	HLOCK	18	4572112.50	COMMIT	616743	3878912	12	14184	3365439	302091	ABORT	0	0	0	0	0	0	0	5	24	27	41	0	0	0	0	0.00	
0.95	0.05	0.50	36	HLOCK	18	5077339.12	COMMIT	623311	3961835	49	14470	3459777	298786	ABORT	0	0	0	0	0	0	0	5	24	28	47	0	0	0	0	0.00	
0.95	0.05	0.50	1	SILO	18	206599.40	COMMIT	820640	3952828	0	0	3568096	196259	ABORT	0	0	0	0	0	0	0	3	15	16	19	0	0	0	0	0.00	
0.95	0.05	0.50	4	SILO	18	708619.08	COMMIT	797672	3956081	0	0	3578909	192006	ABORT	0	0	0	0	0	0	0	4	20	22	25	0	0	0	0	0.00	
0.95	0.05	0.50	8	SILO	18	1394500.38	COMMIT	786736	3955715	0	0	3580878	193719	ABORT	1	19	0	0	2	12	0	4	20	22	26	0	0	0	0	0.00	
0.95	0.05	0.50	12	SILO	18	2045530.59	COMMIT	769208	3955239	0	0	3577723	195882	ABORT	4	66	0	0	8	48	2	4	20	22	28	0	0	0	0	0.00	
0.95	0.05	0.50	16	SILO	18	2730350.63	COMMIT	765718	3955711	0	0	3568926	199669	ABORT	6	108	0	0	11	86	2	4	20	22	29	0	0	0	0	0.00	
0.95	0.05	0.50	20	SILO	18	3406487.64	COMMIT	764731	3956027	0	0	3576497	198089	ABORT	1	18	0	0	2	11	0	4	20	22	31	0	0	0	0	0.00	
0.95	0.05	0.50	24	SILO	18	4057138.90	COMMIT	756781	3954413	0	0	3571020	199734	ABORT	4	52	0	0	8	35	1	4	20	23	33	0	0	0	0	0.00	
0.95	0.05	0.50	28	SILO	18	4666330.89	COMMIT	746938	3955309	0	0	3570124	199744	ABORT	7	80	0	0	11	56	2	4	21	23	36	0	0	0	0	0.00	
0.95	0.05	0.50	32	SILO	18	5294785.75	COMMIT	740405	3954027	0	0	3576817	198237	ABORT	8	132	0	0	14	93	3	4	21	24	40	0	0	0	0	0.00	
0.95	0.05	0.50	36	SILO	18	5843230.74	COMMIT	725348	3955989	0	0	3578789	198167	ABORT	6	85	0	0	11	63	3	4	21	25	46	0	0	0	0	0.00	
0.95	0.05	0.50	1	MOCC	18	212078.90	COMMIT	842843	3955508	0	0	3555111	214306	ABORT	0	0	0	0	0	0	0	3	14	16	19	0	0	0	0	0.00	
0.95	0.05	0.50	4	MOCC	18	733065.65	COMMIT	825252	3953788	0	0	3566504	217319	ABORT	1	19	0	0	2	11	1	4	19	21	25	0	0	0	0	0.00	
0.95	0.05	0.50	8	MOCC	18	1435087.42	COMMIT	811751	3953268	0	0	3566223	218493	ABORT	2	41	0	0	4	29	3	4	19	21	26	0	0	0	0	0.00	
0.95	0.05	0.50	12	MOCC	18	2111385.13	COMMIT	796783	3955311	0	0	3563156	215423	ABORT	1	10	0	0	2	2	2	4	20	22	28	0	0	0	0	0.00	
0.95	0.05	0.50	16	MOCC	18	2815378.19	COMMIT	790871	3955165	0	0	3565662	214768	ABORT	3	39	0	0	5	21	6	4	20	22	29	0	0	0	0	0.00	
0.95	0.05	0.50	20	MOCC	18	3500689.05	COMMIT	780006	3954099	0	0	3566378	222572	ABORT	2	30	0	0	4	17	4	4	20	22	30	0	0	0	0	0.00	
0.95	0.05	0.50	24	MOCC	18	4165586.02	COMMIT	776295	3954059	0	0	3565029	223580	ABORT	6	100	0	0	11	67	11	4	20	22	33	0	0	0	0	0.00	
0.95	0.05	0.50	28	MOCC	18	4810475.48	COMMIT	771900	3955571	0	0	3570307	221285	ABORT	10	137	0	0	18	85	20	4	20	23	37	0	0	0	0	0.00	
0.95	0.05	0.50	32	MOCC	18	5442447.33	COMMIT	761890	3954429	0	0	3567945	220892	ABORT	6	86	0	0	11	56	11	4	20	24	41	0	0	0	0	0.00	
0.95	0.05	0.50	36	MOCC	18	5950796.88	COMMIT	739943	3955927	0	0	3536784	216454	ABORT	13	219	0	0	23	153	23	4	21	25	47	0	0	0	0	0.00	
