Rd	Wt	Zip	T	CC	TP	P50	P90	P99	P999	Abt
0.50	0.50	0.99	1	MOCC	0	226048.17	COMMIT	901536	3951691	0	0	3246120	500466	ABORT	0	0	0	0	0	0	0	3	14	17	19	0	0	0	0	0.00	
0.50	0.50	0.99	4	MOCC	0	402607.50	COMMIT	384133	2006424	0	0	1577405	328237	ABORT	30025	2214620	0	0	1929220	247302	29838	4	33	107	851	0	1	3	5	0.07	
0.50	0.50	0.99	8	MOCC	0	458892.17	COMMIT	301221	1458747	0	0	1153371	235656	ABORT	27505	2686740	0	0	2445888	207767	26331	4	42	295	4143	0	2	5	10	0.11	
0.50	0.50	0.99	12	MOCC	0	532503.76	COMMIT	201328	1051467	0	0	816536	186001	ABORT	32238	2941691	0	0	2658293	242662	32733	4	54	1038	8006	0	3	7	16	0.14	
0.50	0.50	0.99	16	MOCC	0	615339.88	COMMIT	204026	1064477	0	0	815286	190638	ABORT	36819	3248455	0	0	2928951	271223	37407	5	66	1786	11969	0	3	10	21	0.17	
0.50	0.50	0.99	20	MOCC	0	692105.90	COMMIT	140571	746040	0	0	567890	141050	ABORT	34219	3243070	0	0	2950484	247859	35908	5	80	2684	13189	0	4	12	25	0.19	
0.50	0.50	0.99	24	MOCC	0	717441.03	COMMIT	101314	540343	0	0	406040	106998	ABORT	32485	3687554	0	0	3413365	230572	34861	5	94	3291	14118	0	4	14	31	0.21	
0.50	0.50	0.99	28	MOCC	0	603137.07	COMMIT	100686	634006	0	0	473151	133218	ABORT	37385	3470554	0	0	2831723	479830	149245	5	254	6131	20299	0	6	22	52	0.27	
0.50	0.50	0.99	32	MOCC	0	506860.05	COMMIT	78659	522271	0	0	390143	111008	ABORT	33221	3469335	0	0	2739565	549589	171427	5	447	8293	25353	0	7	27	66	0.29	
0.50	0.50	0.99	36	MOCC	0	439944.06	COMMIT	67779	453389	0	0	338063	96807	ABORT	30065	3538512	0	0	2715113	632751	182596	5	665	9847	29035	0	8	29	73	0.31	
