Rd	Wt	Zip	T	CC	TP	P50	P90	P99	P999	Abt
0.50	0.50	0.99	1	DLOCK	0	72996.69	9	19	39	54	87	0	0	0	0	0	0.00	0.00	
0.50	0.50	0.99	4	DLOCK	0	239917.33	11	25	38	60	97	0	0	0	1	26	0.15	0.04	
0.50	0.50	0.99	8	DLOCK	0	367702.83	14	40	52	83	137	0	1	1	6	49	0.43	0.14	
0.50	0.50	0.99	12	DLOCK	0	110257.41	23	70	91	143	258	0	1	2	15	110	10.89	0.22	
0.50	0.50	0.99	16	DLOCK	0	157765.18	30	86	106	153	7596	0	2	4	25	184	14.42	0.28	
0.50	0.50	0.99	20	DLOCK	0	115735.73	60	183	245	521	8593	0	3	7	71	539	22.47	0.33	
0.50	0.50	0.99	24	DLOCK	0	78034.96	87	253	327	777	35548	0	5	11	118	1399	28.23	0.36	
0.50	0.50	0.99	28	DLOCK	0	88915.20	110	309	391	879	51261	0	6	16	144	1571	30.42	0.39	
0.50	0.50	0.99	32	DLOCK	0	52853.16	134	380	475	2024	99999	0	8	23	187	3976	48.26	0.41	
0.50	0.50	0.99	36	DLOCK	0	11058.00	248	820	1171	5343	99999	0	12	58	474	9771	170.68	0.43	
0.50	0.50	0.99	40	DLOCK	0	54809.83	242	741	1086	3064	99999	0	14	57	406	5566	61.40	0.45	
0.50	0.50	0.99	44	DLOCK	0	28260.65	340	1103	1600	7452	99999	0	19	88	588	9607	106.44	0.47	
0.50	0.50	0.99	48	DLOCK	0	45695.97	348	1033	1417	8768	99999	0	22	96	590	11385	81.28	0.48	
0.50	0.50	0.99	52	DLOCK	0	
0.50	0.50	0.99	56	DLOCK	0	12524.09	737	2386	4116	56925	99999	1	52	242	1560	44328	275.38	0.51	
0.50	0.50	0.99	60	DLOCK	0	14739.69	679	2406	3489	19003	99999	1	51	227	1307	13760	250.51	0.51	
0.50	0.50	0.99	64	DLOCK	0	35339.96	698	2187	3116	18026	99999	1	61	225	1126	12140	123.02	0.53	
