uniform, w/o log
Rd	Wt	Zip	T	CC	TP	P50	P90	P99	P999	Abt
0.50	0.50	0.10	1	NO_WAIT	0	52546.03	19	36	45	1623	0	0	0	0	0.00	
0.50	0.50	0.10	4	NO_WAIT	0	228168.21	17	33	124	152	0	0	0	0	0.00	
0.50	0.50	0.10	8	NO_WAIT	0	499096.73	16	24	42	65	0	0	0	0	0.00	
0.50	0.50	0.10	12	NO_WAIT	0	733140.84	16	23	42	68	0	0	0	0	0.00	
0.50	0.50	0.10	16	NO_WAIT	0	930480.23	17	23	50	88	0	0	0	1	0.00	
0.50	0.50	0.10	20	NO_WAIT	0	999588.70	19	39	85	162	0	0	0	2	0.00	
0.50	0.50	0.10	24	NO_WAIT	0	1045712.69	22	60	124	318	0	0	0	2	0.00	
0.50	0.50	0.10	28	NO_WAIT	0	1078181.34	24	77	164	452	0	0	0	3	0.00	
0.50	0.50	0.10	32	NO_WAIT	0	1161228.23	26	81	170	547	0	0	0	3	0.00	
0.50	0.50	0.10	36	NO_WAIT	0	1192708.14	30	87	178	654	0	0	0	3	0.00	
0.50	0.50	0.10	1	WAIT_DIE	0	52167.91	19	36	46	1630	0	0	0	0	0.00	
0.50	0.50	0.10	4	WAIT_DIE	0	236242.79	16	27	40	52	0	0	0	0	0.00	
0.50	0.50	0.10	8	WAIT_DIE	0	485251.72	16	26	124	181	0	0	0	0	0.00	
0.50	0.50	0.10	12	WAIT_DIE	0	727389.16	16	26	93	160	0	0	0	0	0.00	
0.50	0.50	0.10	16	WAIT_DIE	0	922911.55	17	23	49	88	0	0	0	0	0.00	
0.50	0.50	0.10	20	WAIT_DIE	0	986687.38	19	40	82	154	0	0	0	1	0.00	
0.50	0.50	0.10	24	WAIT_DIE	0	1004873.94	22	62	129	336	0	0	0	1	0.00	
0.50	0.50	0.10	28	WAIT_DIE	0	1085804.38	25	75	149	445	0	0	0	2	0.00	
0.50	0.50	0.10	32	WAIT_DIE	0	1150570.25	27	81	171	556	0	0	0	2	0.00	
0.50	0.50	0.10	36	WAIT_DIE	0	1195996.73	29	85	176	655	0	0	0	2	0.00	
0.50	0.50	0.10	1	WOUND_WAIT	0	56197.57	17	36	45	1592	0	0	0	0	0.00	
0.50	0.50	0.10	4	WOUND_WAIT	0	226077.25	17	33	122	151	0	0	0	0	0.00	
0.50	0.50	0.10	8	WOUND_WAIT	0	489139.07	16	24	44	71	0	0	0	0	0.00	
0.50	0.50	0.10	12	WOUND_WAIT	0	727047.89	16	24	104	195	0	0	0	0	0.00	
0.50	0.50	0.10	16	WOUND_WAIT	0	916658.34	17	24	94	187	0	0	0	0	0.00	
0.50	0.50	0.10	20	WOUND_WAIT	0	981574.68	19	46	128	224	0	0	0	0	0.00	
0.50	0.50	0.10	24	WOUND_WAIT	0	986154.36	23	70	152	334	0	0	0	0	0.00	
0.50	0.50	0.10	28	WOUND_WAIT	0	1083492.57	25	75	154	458	0	0	0	0	0.00	
0.50	0.50	0.10	32	WOUND_WAIT	0	1156792.21	27	80	168	536	0	0	0	0	0.00	
0.50	0.50	0.10	36	WOUND_WAIT	0	1173903.68	30	90	178	637	0	0	0	0	0.00	
0.50	0.50	0.10	1	DLOCK	0	47176.69	21	62	83	1651	0	0	0	0	0.00	
0.50	0.50	0.10	4	DLOCK	0	225473.02	17	29	45	63	0	0	0	0	0.00	
0.50	0.50	0.10	8	DLOCK	0	472375.09	16	29	113	167	0	0	0	0	0.00	
0.50	0.50	0.10	12	DLOCK	0	700270.13	17	28	96	160	0	0	0	0	0.00	
0.50	0.50	0.10	16	DLOCK	0	877213.64	18	25	94	210	0	0	0	0	0.00	
0.50	0.50	0.10	20	DLOCK	0	924237.04	20	50	127	219	0	0	0	0	0.00	
0.50	0.50	0.10	24	DLOCK	0	930164.47	24	71	155	333	0	0	0	0	0.00	
0.50	0.50	0.10	28	DLOCK	0	988212.71	27	78	154	473	0	0	0	0	0.00	
0.50	0.50	0.10	32	DLOCK	0	1013128.28	30	89	182	619	0	0	0	0	0.00	
0.50	0.50	0.10	36	DLOCK	0	1029780.80	34	92	184	698	0	0	0	0	0.00	
0.50	0.50	0.10	1	HLOCK	0	48351.26	20	55	73	1592	0	0	0	0	0.00	
0.50	0.50	0.10	4	HLOCK	0	222914.92	18	27	42	57	0	0	0	0	0.00	
0.50	0.50	0.10	8	HLOCK	0	458026.98	17	28	113	163	0	0	0	0	0.00	
0.50	0.50	0.10	12	HLOCK	0	685318.22	17	29	93	149	0	0	0	0	0.00	
0.50	0.50	0.10	16	HLOCK	0	862646.38	18	25	87	210	0	0	0	0	0.00	
0.50	0.50	0.10	20	HLOCK	0	939946.18	20	41	80	148	0	0	0	0	0.00	
0.50	0.50	0.10	24	HLOCK	0	958088.23	23	65	151	294	0	0	0	0	0.00	
0.50	0.50	0.10	28	HLOCK	0	988149.37	27	78	162	366	0	0	0	0	0.00	
0.50	0.50	0.10	32	HLOCK	0	1019712.40	30	86	178	474	0	0	0	0	0.00	
0.50	0.50	0.10	36	HLOCK	0	1037999.32	33	89	178	536	0	0	0	0	0.00	
0.50	0.50	0.10	1	SILO	0	46989.70	21	52	69	1582	0	0	0	0	0.00	
0.50	0.50	0.10	4	SILO	0	225873.43	17	37	93	122	0	0	0	0	0.00	
0.50	0.50	0.10	8	SILO	0	485558.37	16	31	88	126	0	0	0	0	0.00	
0.50	0.50	0.10	12	SILO	0	700208.06	17	30	88	131	0	0	0	0	0.00	
0.50	0.50	0.10	16	SILO	0	848361.32	18	25	42	59	0	0	0	0	0.00	
0.50	0.50	0.10	20	SILO	0	846679.25	22	48	139	241	0	0	0	1	0.00	
0.50	0.50	0.10	24	SILO	0	799763.31	28	72	143	303	0	0	0	1	0.00	
0.50	0.50	0.10	28	SILO	0	788219.77	33	88	199	388	0	0	0	1	0.00	
0.50	0.50	0.10	32	SILO	0	770841.01	39	103	199	494	0	0	0	1	0.00	
0.50	0.50	0.10	36	SILO	0	779454.39	44	109	227	579	0	0	0	1	0.00	
0.50	0.50	0.80	1	NO_WAIT	0	62376.19	15	39	54	1635	0	0	0	0	0.00	
0.50	0.50	0.80	4	NO_WAIT	0	262248.50	14	37	78	235	0	3	4	6	0.07	
0.50	0.50	0.80	8	NO_WAIT	0	464594.79	14	43	234	2034	0	3	6	9	0.15	
0.50	0.50	0.80	12	NO_WAIT	0	562780.94	14	70	699	4563	0	4	8	12	0.20	
0.50	0.50	0.80	16	NO_WAIT	0	614010.11	14	85	1455	7273	0	5	9	15	0.23	
0.50	0.50	0.80	20	NO_WAIT	0	597115.48	17	160	2398	8658	0	6	12	20	0.28	
0.50	0.50	0.80	24	NO_WAIT	0	590175.68	20	300	3266	7905	0	7	15	24	0.34	
0.50	0.50	0.80	28	NO_WAIT	0	577230.68	22	525	4152	8698	0	8	17	29	0.38	
0.50	0.50	0.80	32	NO_WAIT	0	544646.60	23	853	5090	10417	0	9	20	33	0.40	
0.50	0.50	0.80	36	NO_WAIT	0	539428.48	24	1143	5894	12273	0	10	22	37	0.42	
0.50	0.50	0.80	1	WAIT_DIE	0	62026.96	15	39	52	1636	0	0	0	0	0.00	
0.50	0.50	0.80	4	WAIT_DIE	0	275695.55	14	26	43	128	0	2	4	5	0.04	
0.50	0.50	0.80	8	WAIT_DIE	0	519309.88	14	35	87	459	0	3	5	7	0.10	
0.50	0.50	0.80	12	WAIT_DIE	0	715468.53	14	49	185	997	0	3	5	8	0.15	
0.50	0.50	0.80	16	WAIT_DIE	0	850256.70	15	75	327	1727	0	4	6	8	0.20	
0.50	0.50	0.80	20	WAIT_DIE	0	853303.75	17	116	551	2586	0	5	7	12	0.26	
0.50	0.50	0.80	24	WAIT_DIE	0	757359.80	20	198	731	3296	0	6	8	14	0.34	
0.50	0.50	0.80	28	WAIT_DIE	0	738035.53	22	291	759	2923	0	7	8	13	0.41	
0.50	0.50	0.80	32	WAIT_DIE	0	717400.61	24	392	858	1852	0	7	9	10	0.46	
0.50	0.50	0.80	36	WAIT_DIE	0	651964.34	26	554	1177	3163	0	8	9	12	0.49	
0.50	0.50	0.80	1	WOUND_WAIT	0	65862.90	15	28	36	1623	0	0	0	0	0.00	
0.50	0.50	0.80	4	WOUND_WAIT	0	275446.89	14	25	35	55	0	0	0	1	0.00	
0.50	0.50	0.80	8	WOUND_WAIT	0	529930.64	14	34	72	129	0	0	1	2	0.00	
0.50	0.50	0.80	12	WOUND_WAIT	0	765269.69	14	35	62	118	0	0	1	2	0.01	
0.50	0.50	0.80	16	WOUND_WAIT	0	951107.72	15	47	83	230	0	1	2	3	0.01	
0.50	0.50	0.80	20	WOUND_WAIT	0	932930.07	17	83	176	601	0	1	2	4	0.02	
0.50	0.50	0.80	24	WOUND_WAIT	0	843611.82	20	134	362	2597	0	1	3	9	0.02	
0.50	0.50	0.80	28	WOUND_WAIT	0	774024.70	22	186	454	3226	0	1	2	9	0.02	
0.50	0.50	0.80	32	WOUND_WAIT	0	703461.87	25	231	424	2290	0	1	2	3	0.02	
0.50	0.50	0.80	36	WOUND_WAIT	0	678894.04	26	280	525	2638	0	1	2	3	0.02	
0.50	0.50	0.80	1	DLOCK	0	66609.28	14	30	41	256	0	0	0	0	0.00	
0.50	0.50	0.80	4	DLOCK	0	263753.95	14	33	66	115	0	0	0	1	0.00	
0.50	0.50	0.80	8	DLOCK	0	533933.64	14	25	40	69	0	0	1	3	0.00	
0.50	0.50	0.80	12	DLOCK	0	779045.18	15	29	79	144	0	0	1	3	0.00	
0.50	0.50	0.80	16	DLOCK	0	
0.50	0.50	0.80	20	DLOCK	0	1044189.04	17	51	103	250	0	0	2	5	0.01	
0.50	0.50	0.80	24	DLOCK	0	1009736.55	20	85	187	511	0	1	3	6	0.02	
0.50	0.50	0.80	28	DLOCK	0	1038572.26	22	119	284	680	0	1	4	7	0.02	
0.50	0.50	0.80	32	DLOCK	0	1031189.98	24	158	396	1513	0	1	5	8	0.03	
0.50	0.50	0.80	36	DLOCK	0	1040684.69	25	199	476	1369	0	1	6	8	0.04	
0.50	0.50	0.80	1	HLOCK	0	63556.93	15	39	54	267	0	0	0	0	0.00	
0.50	0.50	0.80	4	HLOCK	0	263920.69	15	23	33	54	0	0	1	2	0.01	
0.50	0.50	0.80	8	HLOCK	0	521329.53	15	22	32	51	0	1	2	2	0.02	
0.50	0.50	0.80	12	HLOCK	0	766596.00	15	26	74	116	0	1	2	3	0.04	
0.50	0.50	0.80	16	HLOCK	0	975703.91	16	30	67	144	0	1	2	3	0.05	
0.50	0.50	0.80	20	HLOCK	0	1056729.36	18	42	111	224	0	1	3	4	0.06	
0.50	0.50	0.80	24	HLOCK	0	1073631.71	21	57	109	289	0	2	3	5	0.08	
0.50	0.50	0.80	28	HLOCK	0	1100292.66	24	69	142	361	0	2	4	6	0.09	
0.50	0.50	0.80	32	HLOCK	0	1153070.11	25	80	182	554	0	2	4	7	0.11	
0.50	0.50	0.80	36	HLOCK	0	1172561.07	28	89	260	1110	0	3	5	8	0.13	
0.50	0.50	0.80	1	SILO	0	61579.52	15	38	58	1577	0	0	0	0	0.00	
0.50	0.50	0.80	4	SILO	0	273790.84	14	22	28	36	0	1	1	2	0.03	
0.50	0.50	0.80	8	SILO	0	539967.20	14	22	32	49	0	1	2	3	0.06	
0.50	0.50	0.80	12	SILO	0	783512.23	15	23	35	56	0	1	2	3	0.09	
0.50	0.50	0.80	16	SILO	0	972318.99	16	27	73	137	0	1	2	3	0.11	
0.50	0.50	0.80	20	SILO	0	994111.19	19	41	72	134	0	2	3	4	0.13	
0.50	0.50	0.80	24	SILO	0	930157.06	24	62	114	216	0	2	3	4	0.15	
0.50	0.50	0.80	28	SILO	0	914176.12	29	78	146	278	0	2	3	4	0.16	
0.50	0.50	0.80	32	SILO	0	950434.31	32	89	172	364	0	2	3	4	0.17	
0.50	0.50	0.80	36	SILO	0	928210.32	37	102	199	436	0	2	3	4	0.19	
0.50	0.50	0.99	1	NO_WAIT	0	100263.29	9	25	38	76	0	0	0	0	0.00	
0.50	0.50	0.99	4	NO_WAIT	0	141609.30	11	182	2294	8717	0	6	11	17	0.38	
0.50	0.50	0.99	8	NO_WAIT	0	175056.84	12	977	4008	7247	0	9	17	25	0.53	
0.50	0.50	0.99	12	NO_WAIT	0	175096.70	13	1702	5534	9546	0	11	21	31	0.58	
0.50	0.50	0.99	16	NO_WAIT	0	181808.30	14	2274	6444	11439	0	13	23	35	0.61	
0.50	0.50	0.99	20	NO_WAIT	0	154420.80	16	3152	8027	14016	0	15	27	42	0.65	
0.50	0.50	0.99	24	NO_WAIT	0	119926.42	22	4410	10719	17940	0	18	34	51	0.70	
0.50	0.50	0.99	28	NO_WAIT	0	105847.75	27	5550	12916	22150	1	21	39	62	0.73	
0.50	0.50	0.99	32	NO_WAIT	0	89864.98	35	6798	15842	26307	1	24	47	74	0.76	
0.50	0.50	0.99	36	NO_WAIT	0	86862.66	40	7724	17392	28922	1	26	51	80	0.77	
0.50	0.50	0.99	1	WAIT_DIE	0	103269.46	9	19	25	69	0	0	0	0	0.00	
0.50	0.50	0.99	4	WAIT_DIE	0	187496.08	13	116	321	1680	0	5	6	8	0.45	
0.50	0.50	0.99	8	WAIT_DIE	0	222531.27	21	193	599	2149	1	6	7	10	0.65	
0.50	0.50	0.99	12	WAIT_DIE	0	234780.07	29	302	562	1776	3	7	8	10	0.72	
0.50	0.50	0.99	16	WAIT_DIE	0	230742.24	34	464	854	1854	3	8	9	10	0.75	
0.50	0.50	0.99	20	WAIT_DIE	0	170739.92	50	879	1400	4121	4	9	10	16	0.78	
0.50	0.50	0.99	24	WAIT_DIE	0	125048.11	76	1381	2045	4434	4	10	11	17	0.80	
0.50	0.50	0.99	28	WAIT_DIE	0	102885.92	102	1802	2524	4809	5	11	12	15	0.82	
0.50	0.50	0.99	32	WAIT_DIE	0	101869.21	115	2150	3203	6064	5	12	14	21	0.83	
0.50	0.50	0.99	36	WAIT_DIE	0	89853.38	146	2586	3847	6231	6	12	15	22	0.84	
0.50	0.50	0.99	1	WOUND_WAIT	0	107216.20	9	19	25	36	0	0	0	0	0.00	
0.50	0.50	0.99	4	WOUND_WAIT	0	237447.48	14	44	75	1639	0	2	3	5	0.11	
0.50	0.50	0.99	8	WOUND_WAIT	0	249943.82	30	83	160	1738	0	3	5	7	0.29	
0.50	0.50	0.99	12	WOUND_WAIT	0	229432.86	53	139	248	2501	0	4	6	7	0.42	
0.50	0.50	0.99	16	WOUND_WAIT	0	225054.86	74	168	352	2909	0	5	7	8	0.51	
0.50	0.50	0.99	20	WOUND_WAIT	0	156693.54	133	325	1013	4358	1	6	8	10	0.58	
0.50	0.50	0.99	24	WOUND_WAIT	0	108280.94	233	599	1824	4835	1	7	9	11	0.63	
0.50	0.50	0.99	28	WOUND_WAIT	0	84016.27	342	927	2780	5624	1	8	10	12	0.67	
0.50	0.50	0.99	32	WOUND_WAIT	0	75131.66	438	1246	3228	5872	1	9	11	13	0.69	
0.50	0.50	0.99	36	WOUND_WAIT	0	69274.26	534	1604	4574	6407	2	9	11	14	0.72	
0.50	0.50	0.99	1	DLOCK	0	107879.51	9	20	27	41	0	0	0	0	0.00	
0.50	0.50	0.99	4	DLOCK	0	314161.65	11	34	57	247	0	1	2	4	0.04	
0.50	0.50	0.99	8	DLOCK	0	442853.87	13	62	117	1633	0	2	4	6	0.15	
0.50	0.50	0.99	12	DLOCK	0	469031.84	16	88	174	1731	0	3	5	7	0.25	
0.50	0.50	0.99	16	DLOCK	0	463126.39	22	129	303	2835	0	5	6	8	0.33	
0.50	0.50	0.99	20	DLOCK	0	367211.66	40	187	331	3708	0	6	7	8	0.40	
0.50	0.50	0.99	24	DLOCK	0	267847.83	69	342	714	4724	0	7	8	10	0.46	
0.50	0.50	0.99	28	DLOCK	0	249332.38	90	460	1084	4210	0	7	9	10	0.50	
0.50	0.50	0.99	32	DLOCK	0	222255.13	116	631	1443	5620	0	8	9	11	0.53	
0.50	0.50	0.99	36	DLOCK	0	223808.30	132	755	1737	5138	0	8	10	12	0.56	
0.50	0.50	0.99	1	HLOCK	0	96232.98	10	26	36	100	0	0	0	0	0.00	
0.50	0.50	0.99	4	HLOCK	0	313760.62	11	29	66	403	0	2	3	4	0.18	
0.50	0.50	0.99	8	HLOCK	0	476704.27	13	55	139	824	0	3	4	6	0.34	
0.50	0.50	0.99	12	HLOCK	0	570961.21	16	83	177	1538	1	4	5	7	0.47	
0.50	0.50	0.99	16	HLOCK	0	583591.21	20	132	308	1725	1	5	6	8	0.56	
0.50	0.50	0.99	20	HLOCK	0	409073.14	37	179	300	2104	2	6	7	8	0.69	
0.50	0.50	0.99	24	HLOCK	0	259351.28	62	387	642	2375	3	7	8	9	0.74	
0.50	0.50	0.99	28	HLOCK	0	203397.68	83	645	1111	3574	3	8	9	10	0.77	
0.50	0.50	0.99	32	HLOCK	0	175515.66	101	935	1370	3851	4	9	10	11	0.79	
0.50	0.50	0.99	36	HLOCK	0	163219.89	112	1189	1591	4960	4	9	10	11	0.80	
0.50	0.50	0.99	1	SILO	0	101988.44	9	25	38	56	0	0	0	0	0.00	
0.50	0.50	0.99	4	SILO	0	287398.44	11	39	97	329	0	2	4	5	0.31	
0.50	0.50	0.99	8	SILO	0	404700.63	13	69	356	2458	1	4	6	8	0.43	
0.50	0.50	0.99	12	SILO	0	454044.32	14	98	948	4926	1	5	8	12	0.48	
0.50	0.50	0.99	16	SILO	0	507511.14	15	147	1657	7335	1	5	10	16	0.52	
0.50	0.50	0.99	20	SILO	0	500720.19	16	185	2616	10123	1	6	12	23	0.55	
0.50	0.50	0.99	24	SILO	0	505080.92	19	289	3829	10878	1	7	16	31	0.58	
0.50	0.50	0.99	28	SILO	0	524506.87	21	535	5156	12861	1	8	19	38	0.60	
0.50	0.50	0.99	32	SILO	0	467677.71	25	1017	6083	13861	1	9	22	41	0.61	
0.50	0.50	0.99	36	SILO	0	445619.09	29	1396	6894	14628	1	10	24	43	0.63	
bimodal, w/o log
Rd	Wt	Zip	T	CC	TP	P50	P90	P99	P999	Abt
0.50	0.50	0.10	1	NO_WAIT	0	170067.84	4	23	34	45	0	0	0	0	0.00	
0.50	0.50	0.10	4	NO_WAIT	0	700233.32	4	20	36	121	0	0	0	0	0.00	
0.50	0.50	0.10	8	NO_WAIT	0	1493547.15	4	18	23	37	0	0	0	0	0.00	
0.50	0.50	0.10	12	NO_WAIT	0	2150138.94	4	18	31	100	0	0	0	0	0.00	
0.50	0.50	0.10	16	NO_WAIT	0	2762965.35	4	19	22	38	0	0	0	0	0.00	
0.50	0.50	0.10	20	NO_WAIT	0	3003531.83	5	24	52	127	0	0	0	0	0.00	
0.50	0.50	0.10	24	NO_WAIT	0	3079022.17	5	32	74	154	0	0	0	0	0.00	
0.50	0.50	0.10	28	NO_WAIT	0	3322651.17	6	38	83	172	0	0	0	0	0.00	
0.50	0.50	0.10	32	NO_WAIT	0	3604818.12	6	40	90	195	0	0	0	0	0.00	
0.50	0.50	0.10	36	NO_WAIT	0	3768841.79	7	42	95	224	0	0	0	0	0.00	
0.50	0.50	0.10	1	WAIT_DIE	0	167670.52	4	23	34	44	0	0	0	0	0.00	
0.50	0.50	0.10	4	WAIT_DIE	0	726720.22	4	19	25	37	0	0	0	0	0.00	
0.50	0.50	0.10	8	WAIT_DIE	0	1418386.74	4	19	35	124	0	0	0	0	0.00	
0.50	0.50	0.10	12	WAIT_DIE	0	2169169.90	4	18	22	38	0	0	0	0	0.00	
0.50	0.50	0.10	16	WAIT_DIE	0	2721423.82	4	19	23	38	0	0	0	0	0.00	
0.50	0.50	0.10	20	WAIT_DIE	0	3010991.03	5	24	44	81	0	0	0	0	0.00	
0.50	0.50	0.10	24	WAIT_DIE	0	3018452.25	6	32	74	152	0	0	0	0	0.00	
0.50	0.50	0.10	28	WAIT_DIE	0	3318129.80	6	35	81	163	0	0	0	0	0.00	
0.50	0.50	0.10	32	WAIT_DIE	0	3519694.96	7	41	91	195	0	0	0	0	0.00	
0.50	0.50	0.10	36	WAIT_DIE	0	3669383.27	7	44	98	233	0	0	0	0	0.00	
0.50	0.50	0.10	1	WOUND_WAIT	0	152943.14	4	27	50	69	0	0	0	0	0.00	
0.50	0.50	0.10	4	WOUND_WAIT	0	681701.35	4	21	36	111	0	0	0	0	0.00	
0.50	0.50	0.10	8	WOUND_WAIT	0	1455573.10	4	18	23	38	0	0	0	0	0.00	
0.50	0.50	0.10	12	WOUND_WAIT	0	2112541.61	4	19	32	85	0	0	0	0	0.00	
0.50	0.50	0.10	16	WOUND_WAIT	0	2706133.61	4	19	23	40	0	0	0	0	0.00	
0.50	0.50	0.10	20	WOUND_WAIT	0	2945723.65	5	24	54	128	0	0	0	0	0.00	
0.50	0.50	0.10	24	WOUND_WAIT	0	3081527.34	5	30	74	157	0	0	0	0	0.00	
0.50	0.50	0.10	28	WOUND_WAIT	0	3316687.46	6	36	84	183	0	0	0	0	0.00	
0.50	0.50	0.10	32	WOUND_WAIT	0	3535472.24	6	39	89	199	0	0	0	0	0.00	
0.50	0.50	0.10	36	WOUND_WAIT	0	3687897.75	7	43	96	218	0	0	0	0	0.00	
0.50	0.50	0.10	1	DLOCK	0	152275.99	4	28	52	74	0	0	0	0	0.00	
0.50	0.50	0.10	4	DLOCK	0	694056.80	4	20	28	43	0	0	0	0	0.00	
0.50	0.50	0.10	8	DLOCK	0	1418659.82	4	19	25	40	0	0	0	0	0.00	
0.50	0.50	0.10	12	DLOCK	0	2080220.23	4	19	24	40	0	0	0	0	0.00	
0.50	0.50	0.10	16	DLOCK	0	2596420.48	4	20	24	43	0	0	0	0	0.00	
0.50	0.50	0.10	20	DLOCK	0	2765354.84	5	26	55	127	0	0	0	0	0.00	
0.50	0.50	0.10	24	DLOCK	0	2942471.05	6	32	72	139	0	0	0	0	0.00	
0.50	0.50	0.10	28	DLOCK	0	3034206.70	7	39	88	189	0	0	0	0	0.00	
0.50	0.50	0.10	32	DLOCK	0	3162748.56	7	45	96	226	0	0	0	0	0.00	
0.50	0.50	0.10	36	DLOCK	0	3217089.04	8	49	103	240	0	0	0	0	0.00	
0.50	0.50	0.10	1	HLOCK	0	152715.98	4	26	46	64	0	0	0	0	0.00	
0.50	0.50	0.10	4	HLOCK	0	667914.46	4	21	42	90	0	0	0	0	0.00	
0.50	0.50	0.10	8	HLOCK	0	1406673.57	4	19	24	36	0	0	0	0	0.00	
0.50	0.50	0.10	12	HLOCK	0	2055467.08	4	19	23	35	0	0	0	0	0.00	
0.50	0.50	0.10	16	HLOCK	0	2602804.31	4	20	24	37	0	0	0	0	0.00	
0.50	0.50	0.10	20	HLOCK	0	2860770.14	5	25	45	79	0	0	0	0	0.00	
0.50	0.50	0.10	24	HLOCK	0	2984144.28	6	31	67	122	0	0	0	0	0.00	
0.50	0.50	0.10	28	HLOCK	0	3066122.20	6	38	83	176	0	0	0	0	0.00	
0.50	0.50	0.10	32	HLOCK	0	3157247.18	7	45	90	182	0	0	0	0	0.00	
0.50	0.50	0.10	36	HLOCK	0	3223358.69	8	50	98	202	0	0	0	0	0.00	
0.50	0.50	0.10	1	SILO	0	162745.94	4	26	49	74	0	0	0	0	0.00	
0.50	0.50	0.10	4	SILO	0	705217.96	4	21	35	104	0	0	0	0	0.00	
0.50	0.50	0.10	8	SILO	0	1490849.05	4	18	24	32	0	0	0	0	0.00	
0.50	0.50	0.10	12	SILO	0	2090686.71	4	19	31	87	0	0	0	0	0.00	
0.50	0.50	0.10	16	SILO	0	2559988.64	4	20	24	34	0	0	0	0	0.00	
0.50	0.50	0.10	20	SILO	0	2674445.75	5	27	47	83	0	0	0	0	0.00	
0.50	0.50	0.10	24	SILO	0	2582074.70	7	35	72	133	0	0	0	0	0.00	
0.50	0.50	0.10	28	SILO	0	2519559.32	8	46	93	197	0	0	0	0	0.00	
0.50	0.50	0.10	32	SILO	0	2434257.82	9	58	106	201	0	0	0	0	0.00	
0.50	0.50	0.10	36	SILO	0	2436750.65	11	63	118	228	0	0	0	0	0.00	
0.50	0.50	0.80	1	NO_WAIT	0	190906.75	3	21	34	52	0	0	0	0	0.00	
0.50	0.50	0.80	4	NO_WAIT	0	813145.57	3	18	34	65	0	0	3	4	0.01	
0.50	0.50	0.80	8	NO_WAIT	0	1606543.21	3	17	38	189	0	1	3	5	0.02	
0.50	0.50	0.80	12	NO_WAIT	0	2093554.39	3	18	72	688	0	1	4	5	0.03	
0.50	0.50	0.80	16	NO_WAIT	0	2306308.13	3	19	110	1392	0	2	4	6	0.04	
0.50	0.50	0.80	20	NO_WAIT	0	2188854.97	4	29	181	2563	0	2	5	7	0.05	
0.50	0.50	0.80	24	NO_WAIT	0	2108059.59	4	42	288	3742	0	3	6	9	0.06	
0.50	0.50	0.80	28	NO_WAIT	0	2044686.28	5	56	458	5322	0	3	6	10	0.08	
0.50	0.50	0.80	32	NO_WAIT	0	2057515.79	5	64	634	6488	0	3	7	11	0.09	
0.50	0.50	0.80	36	NO_WAIT	0	2104056.29	5	70	888	7446	0	4	7	13	0.09	
0.50	0.50	0.80	1	WAIT_DIE	0	205133.09	3	18	26	36	0	0	0	0	0.00	
0.50	0.50	0.80	4	WAIT_DIE	0	838536.67	3	16	23	36	0	0	2	4	0.01	
0.50	0.50	0.80	8	WAIT_DIE	0	1583894.12	3	17	34	98	0	0	3	4	0.01	
0.50	0.50	0.80	12	WAIT_DIE	0	2320451.59	3	17	36	166	0	1	3	5	0.02	
0.50	0.50	0.80	16	WAIT_DIE	0	2940854.91	3	18	56	380	0	1	4	5	0.03	
0.50	0.50	0.80	20	WAIT_DIE	0	3057870.38	4	27	97	718	0	2	4	6	0.04	
0.50	0.50	0.80	24	WAIT_DIE	0	2969269.55	4	38	148	1321	0	2	5	7	0.05	
0.50	0.50	0.80	28	WAIT_DIE	0	2972999.83	5	47	195	1843	0	2	5	8	0.06	
0.50	0.50	0.80	32	WAIT_DIE	0	2998645.25	5	57	252	2639	0	3	6	8	0.07	
0.50	0.50	0.80	36	WAIT_DIE	0	2915644.15	6	67	327	3689	0	3	6	8	0.08	
0.50	0.50	0.80	1	WOUND_WAIT	0	207762.65	3	18	26	36	0	0	0	0	0.00	
0.50	0.50	0.80	4	WOUND_WAIT	0	828611.54	3	16	22	30	0	0	0	0	0.00	
0.50	0.50	0.80	8	WOUND_WAIT	0	1580445.64	3	17	29	74	0	0	0	1	0.00	
0.50	0.50	0.80	12	WOUND_WAIT	0	2355533.04	3	17	30	72	0	0	0	1	0.00	
0.50	0.50	0.80	16	WOUND_WAIT	0	3063273.20	4	17	28	46	0	0	1	1	0.00	
0.50	0.50	0.80	20	WOUND_WAIT	0	3359044.82	4	23	48	88	0	0	1	2	0.00	
0.50	0.50	0.80	24	WOUND_WAIT	0	3411377.43	5	34	79	165	0	0	1	2	0.00	
0.50	0.50	0.80	28	WOUND_WAIT	0	3574368.47	5	43	103	229	0	0	1	3	0.00	
0.50	0.50	0.80	32	WOUND_WAIT	0	3655714.72	5	53	138	336	0	0	1	3	0.01	
0.50	0.50	0.80	36	WOUND_WAIT	0	3567069.10	6	67	190	481	0	0	1	4	0.01	
0.50	0.50	0.80	1	DLOCK	0	187431.88	3	22	36	52	0	0	0	0	0.00	
0.50	0.50	0.80	4	DLOCK	0	776386.36	3	18	32	66	0	0	0	0	0.00	
0.50	0.50	0.80	8	DLOCK	0	1609079.63	3	17	22	33	0	0	0	1	0.00	
0.50	0.50	0.80	12	DLOCK	0	2320026.28	4	17	28	78	0	0	0	2	0.00	
0.50	0.50	0.80	16	DLOCK	0	2999668.60	4	18	24	38	0	0	0	2	0.00	
0.50	0.50	0.80	20	DLOCK	0	3292429.96	4	22	42	79	0	0	0	3	0.00	
0.50	0.50	0.80	24	DLOCK	0	3312876.24	5	31	70	145	0	0	1	4	0.00	
0.50	0.50	0.80	28	DLOCK	0	3536218.20	5	37	82	177	0	0	1	4	0.00	
0.50	0.50	0.80	32	DLOCK	0	3657547.91	6	44	97	209	0	0	2	4	0.00	
0.50	0.50	0.80	36	DLOCK	0	3786604.06	7	49	111	250	0	0	2	5	0.01	
0.50	0.50	0.80	1	HLOCK	0	191435.58	3	21	34	55	0	0	0	0	0.00	
0.50	0.50	0.80	4	HLOCK	0	809859.27	3	17	22	30	0	0	0	1	0.00	
0.50	0.50	0.80	8	HLOCK	0	1590773.96	3	17	22	31	0	0	1	1	0.00	
0.50	0.50	0.80	12	HLOCK	0	2292568.77	4	18	29	70	0	0	1	2	0.00	
0.50	0.50	0.80	16	HLOCK	0	2954355.03	4	18	30	92	0	0	1	2	0.01	
0.50	0.50	0.80	20	HLOCK	0	3286146.27	4	22	46	122	0	0	1	2	0.01	
0.50	0.50	0.80	24	HLOCK	0	3403714.04	5	28	60	132	0	0	1	3	0.01	
0.50	0.50	0.80	28	HLOCK	0	3540319.53	5	35	74	180	0	0	2	3	0.01	
0.50	0.50	0.80	32	HLOCK	0	3791320.53	6	39	82	213	0	1	2	3	0.01	
0.50	0.50	0.80	36	HLOCK	0	3943740.39	6	42	90	256	0	1	2	4	0.01	
0.50	0.50	0.80	1	SILO	0	201368.09	3	20	33	57	0	0	0	0	0.00	
0.50	0.50	0.80	4	SILO	0	821910.66	3	18	30	61	0	0	1	1	0.00	
0.50	0.50	0.80	8	SILO	0	1671150.12	3	17	23	47	0	0	1	2	0.01	
0.50	0.50	0.80	12	SILO	0	2389357.30	3	18	29	106	0	1	1	2	0.01	
0.50	0.50	0.80	16	SILO	0	2959769.59	4	19	40	198	0	1	1	2	0.02	
0.50	0.50	0.80	20	SILO	0	3087390.50	4	25	54	199	0	1	2	3	0.02	
0.50	0.50	0.80	24	SILO	0	2960036.96	6	35	72	171	0	1	2	3	0.03	
0.50	0.50	0.80	28	SILO	0	2906649.69	7	44	85	179	0	1	2	3	0.03	
0.50	0.50	0.80	32	SILO	0	2986266.93	7	50	96	202	0	1	2	3	0.03	
0.50	0.50	0.80	36	SILO	0	3002323.55	9	58	109	216	0	1	2	3	0.03	
0.50	0.50	0.99	1	NO_WAIT	0	292609.72	2	13	21	32	0	0	0	0	0.00	
0.50	0.50	0.99	4	NO_WAIT	0	506408.89	2	32	265	3144	0	3	5	8	0.12	
0.50	0.50	0.99	8	NO_WAIT	0	587920.71	2	52	907	7318	0	4	7	12	0.17	
0.50	0.50	0.99	12	NO_WAIT	0	649814.06	3	76	1586	10307	0	4	9	15	0.21	
0.50	0.50	0.99	16	NO_WAIT	0	746322.58	3	103	2203	12561	0	5	10	18	0.25	
0.50	0.50	0.99	20	NO_WAIT	0	682821.36	3	253	3354	12759	0	7	14	23	0.32	
0.50	0.50	0.99	24	NO_WAIT	0	623985.51	4	611	4308	10732	0	8	17	28	0.40	
0.50	0.50	0.99	28	NO_WAIT	0	621614.76	5	1096	5103	10558	0	10	20	33	0.44	
0.50	0.50	0.99	32	NO_WAIT	0	600621.58	5	1406	5930	11844	0	11	22	37	0.46	
0.50	0.50	0.99	36	NO_WAIT	0	570593.68	5	1732	6617	12989	0	11	23	39	0.48	
0.50	0.50	0.99	1	WAIT_DIE	0	290310.82	2	13	22	34	0	0	0	0	0.00	
0.50	0.50	0.99	4	WAIT_DIE	0	743508.25	2	28	184	1053	0	3	4	6	0.09	
0.50	0.50	0.99	8	WAIT_DIE	0	869431.85	3	67	504	2383	0	4	5	7	0.18	
0.50	0.50	0.99	12	WAIT_DIE	0	1032339.49	3	119	787	2774	0	4	6	8	0.24	
0.50	0.50	0.99	16	WAIT_DIE	0	1076288.57	3	171	977	3040	0	5	7	8	0.31	
0.50	0.50	0.99	20	WAIT_DIE	0	929702.28	4	250	1090	4300	0	6	8	10	0.41	
0.50	0.50	0.99	24	WAIT_DIE	0	718824.94	5	356	1095	5075	0	7	9	13	0.52	
0.50	0.50	0.99	28	WAIT_DIE	0	604952.97	6	525	1053	1882	0	8	9	10	0.60	
0.50	0.50	0.99	32	WAIT_DIE	0	561371.44	7	669	1272	1910	0	8	10	11	0.62	
0.50	0.50	0.99	36	WAIT_DIE	0	534091.91	7	868	1512	2658	0	9	10	12	0.63	
0.50	0.50	0.99	1	WOUND_WAIT	0	310245.63	2	12	17	24	0	0	0	0	0.00	
0.50	0.50	0.99	4	WOUND_WAIT	0	932279.26	3	17	29	71	0	0	1	2	0.01	
0.50	0.50	0.99	8	WOUND_WAIT	0	1240932.11	3	30	83	861	0	1	3	5	0.03	
0.50	0.50	0.99	12	WOUND_WAIT	0	1346448.24	3	44	127	1320	0	1	3	6	0.05	
0.50	0.50	0.99	16	WOUND_WAIT	0	1313868.41	3	58	218	3458	0	2	4	9	0.07	
0.50	0.50	0.99	20	WOUND_WAIT	0	1126172.06	4	92	214	4065	0	2	4	10	0.08	
0.50	0.50	0.99	24	WOUND_WAIT	0	803414.27	6	159	259	3869	0	2	4	9	0.09	
0.50	0.50	0.99	28	WOUND_WAIT	0	607167.27	15	218	329	3628	0	2	4	6	0.10	
0.50	0.50	0.99	32	WOUND_WAIT	0	560851.63	19	276	418	4097	0	3	5	6	0.11	
0.50	0.50	0.99	36	WOUND_WAIT	0	487920.04	27	342	538	4671	0	3	5	7	0.12	
0.50	0.50	0.99	1	DLOCK	0	296466.78	2	14	23	35	0	0	0	0	0.00	
0.50	0.50	0.99	4	DLOCK	0	1059845.94	2	14	21	31	0	0	1	3	0.01	
0.50	0.50	0.99	8	DLOCK	0	1729580.36	3	21	46	182	0	1	3	4	0.02	
0.50	0.50	0.99	12	DLOCK	0	
0.50	0.50	0.99	16	DLOCK	0	
0.50	0.50	0.99	20	DLOCK	0	1956874.00	3	68	194	2178	0	2	5	7	0.06	
0.50	0.50	0.99	24	DLOCK	0	1633558.01	4	116	310	4207	0	3	6	13	0.09	
0.50	0.50	0.99	28	DLOCK	0	1462272.50	4	159	417	5290	0	4	7	16	0.11	
0.50	0.50	0.99	32	DLOCK	0	1306723.07	4	197	467	5469	0	5	7	14	0.14	
0.50	0.50	0.99	36	DLOCK	0	1141016.67	5	244	597	5112	0	5	8	13	0.17	
0.50	0.50	0.99	1	HLOCK	0	288510.95	2	14	23	35	0	0	0	0	0.00	
0.50	0.50	0.99	4	HLOCK	0	883228.53	2	17	53	521	0	1	2	3	0.02	
0.50	0.50	0.99	8	HLOCK	0	1124320.41	3	21	116	1228	0	1	3	4	0.05	
0.50	0.50	0.99	12	HLOCK	0	1450287.75	3	28	351	3099	0	2	4	6	0.08	
0.50	0.50	0.99	16	HLOCK	0	1513997.91	3	39	397	3796	0	2	4	6	0.10	
0.50	0.50	0.99	20	HLOCK	0	1639543.37	3	93	824	6062	0	3	6	8	0.15	
0.50	0.50	0.99	24	HLOCK	0	1270162.89	4	236	992	4800	0	5	7	10	0.24	
0.50	0.50	0.99	28	HLOCK	0	895257.07	5	405	1029	3800	0	7	8	10	0.35	
0.50	0.50	0.99	32	HLOCK	0	652641.06	6	626	1150	1649	0	8	9	10	0.43	
0.50	0.50	0.99	36	HLOCK	0	573743.51	6	869	1481	2305	0	8	10	11	0.46	
0.50	0.50	0.99	1	SILO	0	324844.70	2	11	16	21	0	0	0	0	0.00	
0.50	0.50	0.99	4	SILO	0	642892.14	2	26	190	1796	0	1	3	4	0.06	
0.50	0.50	0.99	8	SILO	0	639042.80	2	29	212	2963	0	2	4	7	0.09	
0.50	0.50	0.99	12	SILO	0	798293.23	2	33	369	5783	0	2	5	9	0.11	
0.50	0.50	0.99	16	SILO	0	839175.41	2	34	581	7339	0	2	6	12	0.12	
0.50	0.50	0.99	20	SILO	0	823088.80	3	44	942	8407	0	3	7	15	0.14	
0.50	0.50	0.99	24	SILO	0	810169.36	3	59	1393	10807	0	3	8	20	0.16	
0.50	0.50	0.99	28	SILO	0	981571.32	4	68	1978	11844	0	3	10	25	0.18	
0.50	0.50	0.99	32	SILO	0	1010512.95	4	85	2810	13949	0	4	12	29	0.21	
0.50	0.50	0.99	36	SILO	0	1117060.45	5	102	3655	15823	0	4	14	33	0.23	
uniform, w log
Rd	Wt	Zip	T	CC	TP	P50	P90	P99	P999	Abt
0.50	0.50	0.10	1	NO_WAIT	0	30113.30	33	53	63	1653	0	0	0	0	0.00	
0.50	0.50	0.10	4	NO_WAIT	0	129987.63	30	47	61	89	0	0	0	0	0.00	
0.50	0.50	0.10	8	NO_WAIT	0	251479.34	31	48	61	86	0	0	0	0	0.00	
0.50	0.50	0.10	12	NO_WAIT	0	341031.93	35	56	152	207	0	0	0	3	0.00	
0.50	0.50	0.10	16	NO_WAIT	0	395236.87	40	62	77	103	0	0	0	4	0.00	
0.50	0.50	0.10	20	NO_WAIT	0	413329.80	47	88	147	318	0	0	0	4	0.00	
0.50	0.50	0.10	24	NO_WAIT	0	452826.85	51	122	258	503	0	0	0	4	0.00	
0.50	0.50	0.10	28	NO_WAIT	0	499066.36	55	137	257	624	0	0	0	5	0.00	
0.50	0.50	0.10	32	NO_WAIT	0	560882.50	56	143	271	711	0	0	0	5	0.00	
0.50	0.50	0.10	36	NO_WAIT	0	589240.52	59	153	305	818	0	0	0	5	0.00	
0.50	0.50	0.10	1	WAIT_DIE	0	31800.09	32	53	63	1663	0	0	0	0	0.00	
0.50	0.50	0.10	4	WAIT_DIE	0	128614.19	31	47	59	78	0	0	0	0	0.00	
0.50	0.50	0.10	8	WAIT_DIE	0	249813.60	32	48	62	86	0	0	0	0	0.00	
0.50	0.50	0.10	12	WAIT_DIE	0	339773.82	35	52	66	89	0	0	0	1	0.00	
0.50	0.50	0.10	16	WAIT_DIE	0	393787.98	40	61	76	100	0	0	0	3	0.00	
0.50	0.50	0.10	20	WAIT_DIE	0	406396.74	47	100	187	337	0	0	0	4	0.00	
0.50	0.50	0.10	24	WAIT_DIE	0	440387.95	52	126	239	504	0	0	0	4	0.00	
0.50	0.50	0.10	28	WAIT_DIE	0	484257.55	56	139	263	615	0	0	0	4	0.00	
0.50	0.50	0.10	32	WAIT_DIE	0	558386.73	56	143	280	722	0	0	0	4	0.00	
0.50	0.50	0.10	36	WAIT_DIE	0	610158.39	57	147	287	824	0	0	0	4	0.00	
0.50	0.50	0.10	1	WOUND_WAIT	0	28046.38	35	75	95	1694	0	0	0	0	0.00	
0.50	0.50	0.10	4	WOUND_WAIT	0	123871.90	31	67	141	169	0	0	0	0	0.00	
0.50	0.50	0.10	8	WOUND_WAIT	0	248767.24	32	48	61	85	0	0	0	0	0.00	
0.50	0.50	0.10	12	WOUND_WAIT	0	339813.05	35	55	164	218	0	0	0	0	0.00	
0.50	0.50	0.10	16	WOUND_WAIT	0	390922.45	40	64	161	224	0	0	0	0	0.00	
0.50	0.50	0.10	20	WOUND_WAIT	0	412557.37	47	87	145	317	0	0	0	0	0.00	
0.50	0.50	0.10	24	WOUND_WAIT	0	446187.62	53	120	218	503	0	0	0	0	0.00	
0.50	0.50	0.10	28	WOUND_WAIT	0	502428.82	54	134	271	586	0	0	0	0	0.00	
0.50	0.50	0.10	32	WOUND_WAIT	0	557463.93	56	144	277	702	0	0	0	0	0.00	
0.50	0.50	0.10	36	WOUND_WAIT	0	611528.03	57	147	296	775	0	0	0	0	0.00	
0.50	0.50	0.10	1	DLOCK	0	28635.24	35	57	68	1665	0	0	0	0	0.00	
0.50	0.50	0.10	4	DLOCK	0	121472.20	32	73	110	139	0	0	0	0	0.00	
0.50	0.50	0.10	8	DLOCK	0	232727.18	34	51	68	103	0	0	0	0	0.00	
0.50	0.50	0.10	12	DLOCK	0	313916.12	38	59	167	219	0	0	0	0	0.00	
0.50	0.50	0.10	16	DLOCK	0	362764.59	43	66	79	100	0	0	0	0	0.00	
0.50	0.50	0.10	20	DLOCK	0	392171.76	50	91	157	326	0	0	0	0	0.00	
0.50	0.50	0.10	24	DLOCK	0	428681.61	55	127	233	559	0	0	0	0	0.00	
0.50	0.50	0.10	28	DLOCK	0	485273.71	57	145	302	759	0	0	0	0	0.00	
0.50	0.50	0.10	32	DLOCK	0	538926.05	58	149	289	753	0	0	0	0	0.00	
0.50	0.50	0.10	36	DLOCK	0	583529.01	60	153	298	946	0	0	0	0	0.00	
0.50	0.50	0.10	1	HLOCK	0	29199.63	34	53	64	1596	0	0	0	0	0.00	
0.50	0.50	0.10	4	HLOCK	0	122632.98	32	48	60	82	0	0	0	0	0.00	
0.50	0.50	0.10	8	HLOCK	0	228746.58	34	51	61	83	0	0	0	0	0.00	
0.50	0.50	0.10	12	HLOCK	0	310072.56	38	60	161	210	0	0	0	0	0.00	
0.50	0.50	0.10	16	HLOCK	0	362217.49	43	69	169	230	0	0	0	0	0.00	
0.50	0.50	0.10	20	HLOCK	0	392287.96	50	92	238	338	0	0	0	0	0.00	
0.50	0.50	0.10	24	HLOCK	0	435284.72	54	119	205	437	0	0	0	0	0.00	
0.50	0.50	0.10	28	HLOCK	0	487868.26	57	135	246	536	0	0	0	0	0.00	
0.50	0.50	0.10	32	HLOCK	0	540763.77	58	146	281	643	0	0	0	0	0.00	
0.50	0.50	0.10	36	HLOCK	0	583472.67	60	150	286	738	0	0	0	0	0.00	
0.50	0.50	0.10	1	SILO	0	26832.29	36	75	92	1603	0	0	0	0	0.00	
0.50	0.50	0.10	4	SILO	0	120644.43	32	70	123	153	0	0	0	0	0.00	
0.50	0.50	0.10	8	SILO	0	234198.90	34	49	58	77	0	0	0	0	0.00	
0.50	0.50	0.10	12	SILO	0	310596.65	38	56	65	79	0	0	0	0	0.00	
0.50	0.50	0.10	16	SILO	0	353289.91	45	66	78	99	0	0	0	0	0.00	
0.50	0.50	0.10	20	SILO	0	376281.07	52	100	203	297	0	0	0	0	0.00	
0.50	0.50	0.10	24	SILO	0	412712.14	57	134	272	421	0	0	0	0	0.00	
0.50	0.50	0.10	28	SILO	0	446603.46	61	152	291	522	0	0	0	0	0.00	
0.50	0.50	0.10	32	SILO	0	480590.58	65	161	314	627	0	0	0	1	0.00	
0.50	0.50	0.10	36	SILO	0	507832.34	69	166	339	679	0	0	0	1	0.00	
0.50	0.50	0.80	1	NO_WAIT	0	32791.69	30	58	74	1672	0	0	0	0	0.00	
0.50	0.50	0.80	4	NO_WAIT	0	136927.31	27	64	169	1444	0	4	6	9	0.15	
0.50	0.50	0.80	8	NO_WAIT	0	223099.71	29	132	1093	3658	0	6	9	14	0.27	
0.50	0.50	0.80	12	NO_WAIT	0	273127.19	30	251	2325	5001	0	7	13	19	0.35	
0.50	0.50	0.80	16	NO_WAIT	0	290129.70	32	486	3571	7449	0	8	16	25	0.39	
0.50	0.50	0.80	20	NO_WAIT	0	276984.47	35	976	4898	10065	0	9	19	32	0.43	
0.50	0.50	0.80	24	NO_WAIT	0	269347.31	39	1449	6226	13434	0	11	22	40	0.46	
0.50	0.50	0.80	28	NO_WAIT	0	265699.47	42	1936	7468	14704	0	12	26	44	0.48	
0.50	0.50	0.80	32	NO_WAIT	0	264151.86	44	2379	8903	17099	0	13	29	49	0.50	
0.50	0.50	0.80	36	NO_WAIT	0	270689.98	45	2775	10023	20267	0	14	32	58	0.51	
0.50	0.50	0.80	1	WAIT_DIE	0	32487.86	30	58	74	1665	0	0	0	0	0.00	
0.50	0.50	0.80	4	WAIT_DIE	0	132741.31	28	72	123	760	0	4	5	7	0.11	
0.50	0.50	0.80	8	WAIT_DIE	0	240934.55	30	99	210	1057	0	5	6	8	0.24	
0.50	0.50	0.80	12	WAIT_DIE	0	310881.00	32	151	314	1778	0	6	7	9	0.36	
0.50	0.50	0.80	16	WAIT_DIE	0	345034.94	35	241	486	1283	0	7	8	9	0.44	
0.50	0.50	0.80	20	WAIT_DIE	0	335011.92	39	399	797	1646	0	7	9	10	0.49	
0.50	0.50	0.80	24	WAIT_DIE	0	312725.80	44	622	1232	2931	0	8	9	13	0.52	
0.50	0.50	0.80	28	WAIT_DIE	0	312388.47	47	850	1511	2447	0	9	10	12	0.55	
0.50	0.50	0.80	32	WAIT_DIE	0	315859.62	48	1087	1833	2919	0	9	11	13	0.56	
0.50	0.50	0.80	36	WAIT_DIE	0	315674.11	49	1297	2183	3414	0	9	11	13	0.58	
0.50	0.50	0.80	1	WOUND_WAIT	0	32173.41	30	58	75	1668	0	0	0	0	0.00	
0.50	0.50	0.80	4	WOUND_WAIT	0	139666.62	28	50	69	1246	0	0	0	1	0.00	
0.50	0.50	0.80	8	WOUND_WAIT	0	254611.75	30	78	128	343	0	0	1	2	0.00	
0.50	0.50	0.80	12	WOUND_WAIT	0	324970.03	32	105	158	1628	0	0	1	2	0.00	
0.50	0.50	0.80	16	WOUND_WAIT	0	355803.02	36	159	218	1726	0	0	1	2	0.01	
0.50	0.50	0.80	20	WOUND_WAIT	0	342207.85	40	236	316	2505	0	0	1	2	0.01	
0.50	0.50	0.80	24	WOUND_WAIT	0	315285.61	46	340	503	2710	0	0	1	3	0.01	
0.50	0.50	0.80	28	WOUND_WAIT	0	313689.05	49	433	682	3846	0	1	2	3	0.01	
0.50	0.50	0.80	32	WOUND_WAIT	0	308223.51	51	517	854	4899	0	1	2	3	0.02	
0.50	0.50	0.80	36	WOUND_WAIT	0	297169.66	54	603	1112	5046	0	1	2	4	0.02	
0.50	0.50	0.80	1	DLOCK	0	31385.02	31	63	81	1684	0	0	0	0	0.00	
0.50	0.50	0.80	4	DLOCK	0	138152.31	28	48	64	314	0	0	0	1	0.00	
0.50	0.50	0.80	8	DLOCK	0	249747.04	31	59	86	664	0	0	1	3	0.00	
0.50	0.50	0.80	12	DLOCK	0	327855.69	35	79	124	764	0	0	1	4	0.00	
0.50	0.50	0.80	16	DLOCK	0	373033.63	39	116	179	1360	0	0	1	5	0.01	
0.50	0.50	0.80	20	DLOCK	0	385829.19	45	187	279	1725	0	0	3	7	0.01	
0.50	0.50	0.80	24	DLOCK	0	402514.35	48	270	403	2599	0	1	6	8	0.02	
0.50	0.50	0.80	28	DLOCK	0	409509.98	50	361	524	3934	0	1	7	9	0.04	
0.50	0.50	0.80	32	DLOCK	0	424336.01	50	440	653	3084	0	1	8	9	0.05	
0.50	0.50	0.80	36	DLOCK	0	428002.06	51	527	793	4272	0	3	8	9	0.07	
0.50	0.50	0.80	1	HLOCK	0	32285.64	31	59	78	1604	0	0	0	0	0.00	
0.50	0.50	0.80	4	HLOCK	0	132874.11	29	61	98	596	0	0	1	1	0.01	
0.50	0.50	0.80	8	HLOCK	0	248363.67	32	61	93	146	0	1	1	2	0.01	
0.50	0.50	0.80	12	HLOCK	0	329863.43	35	70	127	214	0	1	1	3	0.03	
0.50	0.50	0.80	16	HLOCK	0	378432.68	40	87	130	307	0	1	2	3	0.04	
0.50	0.50	0.80	20	HLOCK	0	402009.84	46	124	196	1023	0	1	3	5	0.06	
0.50	0.50	0.80	24	HLOCK	0	431823.77	51	165	278	1708	0	2	4	6	0.09	
0.50	0.50	0.80	28	HLOCK	0	467565.86	52	222	401	2321	0	3	6	7	0.13	
0.50	0.50	0.80	32	HLOCK	0	475144.15	54	365	646	1348	0	5	7	9	0.19	
0.50	0.50	0.80	36	HLOCK	0	451608.85	53	607	1039	2969	0	7	8	9	0.27	
0.50	0.50	0.80	1	SILO	0	35736.11	28	44	51	1584	0	0	0	0	0.00	
0.50	0.50	0.80	4	SILO	0	138378.53	28	45	56	266	0	1	1	2	0.02	
0.50	0.50	0.80	8	SILO	0	244225.99	31	63	98	151	0	1	2	3	0.04	
0.50	0.50	0.80	12	SILO	0	320400.16	35	73	109	188	0	1	2	4	0.06	
0.50	0.50	0.80	16	SILO	0	359200.97	41	102	165	314	0	2	3	5	0.09	
0.50	0.50	0.80	20	SILO	0	376154.29	48	141	249	575	0	2	4	7	0.13	
0.50	0.50	0.80	24	SILO	0	403901.16	53	171	343	1445	0	2	6	9	0.16	
0.50	0.50	0.80	28	SILO	0	437264.74	57	201	479	2156	0	3	7	11	0.18	
0.50	0.50	0.80	32	SILO	0	469932.83	59	230	842	3305	0	4	8	14	0.21	
0.50	0.50	0.80	36	SILO	0	495488.90	61	262	1487	4936	0	4	10	17	0.23	
0.50	0.50	0.99	1	NO_WAIT	0	43367.94	22	44	57	1656	0	0	0	0	0.00	
0.50	0.50	0.99	4	NO_WAIT	0	58348.63	26	1160	4130	7854	0	10	17	26	0.55	
0.50	0.50	0.99	8	NO_WAIT	0	68802.81	26	2519	6864	11132	0	13	24	34	0.63	
0.50	0.50	0.99	12	NO_WAIT	0	69379.93	30	3617	8632	15050	0	16	29	44	0.68	
0.50	0.50	0.99	16	NO_WAIT	0	75521.39	28	4447	10315	17453	0	18	33	50	0.70	
0.50	0.50	0.99	20	NO_WAIT	0	64557.04	36	5851	12991	21164	0	22	39	61	0.74	
0.50	0.50	0.99	24	NO_WAIT	0	60393.95	42	7086	15492	25595	1	25	46	71	0.77	
0.50	0.50	0.99	28	NO_WAIT	0	54131.97	53	8640	18710	30692	1	29	54	81	0.79	
0.50	0.50	0.99	32	NO_WAIT	0	51068.13	63	9986	21687	35325	2	32	61	97	0.81	
0.50	0.50	0.99	36	NO_WAIT	0	50137.68	70	11472	23694	38371	2	36	66	104	0.82	
0.50	0.50	0.99	1	WAIT_DIE	0	44503.89	22	38	45	1640	0	0	0	0	0.00	
0.50	0.50	0.99	4	WAIT_DIE	0	77330.22	36	185	307	2587	2	6	7	12	0.67	
0.50	0.50	0.99	8	WAIT_DIE	0	91321.98	51	454	761	2156	3	8	9	11	0.76	
0.50	0.50	0.99	12	WAIT_DIE	0	94066.70	64	758	1243	3479	4	9	10	13	0.79	
0.50	0.50	0.99	16	WAIT_DIE	0	94380.54	75	1123	1519	2684	5	9	10	13	0.80	
0.50	0.50	0.99	20	WAIT_DIE	0	77211.99	105	1544	2133	4917	5	10	12	15	0.82	
0.50	0.50	0.99	24	WAIT_DIE	0	64474.00	148	2045	2714	4404	6	11	13	15	0.83	
0.50	0.50	0.99	28	WAIT_DIE	0	60890.05	183	2484	3331	5864	6	12	14	20	0.84	
0.50	0.50	0.99	32	WAIT_DIE	0	54091.82	235	3015	4184	6981	7	13	16	23	0.85	
0.50	0.50	0.99	36	WAIT_DIE	0	51160.82	288	3479	4707	6950	7	14	17	23	0.86	
0.50	0.50	0.99	1	WOUND_WAIT	0	41894.92	23	45	58	1654	0	0	0	0	0.00	
0.50	0.50	0.99	4	WOUND_WAIT	0	89737.21	40	98	123	2016	0	1	2	3	0.09	
0.50	0.50	0.99	8	WOUND_WAIT	0	93737.74	88	178	241	2985	0	3	5	6	0.26	
0.50	0.50	0.99	12	WOUND_WAIT	0	93008.04	138	254	584	3166	0	5	6	7	0.39	
0.50	0.50	0.99	16	WOUND_WAIT	0	92246.64	187	328	1546	3266	0	6	7	9	0.48	
0.50	0.50	0.99	20	WOUND_WAIT	0	72042.43	289	592	2178	5234	0	6	8	10	0.54	
0.50	0.50	0.99	24	WOUND_WAIT	0	63607.16	405	813	2641	4692	1	7	9	11	0.60	
0.50	0.50	0.99	28	WOUND_WAIT	0	54589.87	545	1138	3367	5572	1	8	10	12	0.64	
0.50	0.50	0.99	32	WOUND_WAIT	0	51897.81	656	1485	4148	6478	1	8	10	12	0.67	
0.50	0.50	0.99	36	WOUND_WAIT	0	48425.89	792	1875	4825	6327	1	9	11	13	0.69	
0.50	0.50	0.99	1	DLOCK	0	41938.82	23	45	58	1667	0	0	0	0	0.00	
0.50	0.50	0.99	4	DLOCK	0	125122.33	27	84	120	1665	0	1	3	5	0.05	
0.50	0.50	0.99	8	DLOCK	0	152801.38	38	156	218	2328	0	3	5	7	0.19	
0.50	0.50	0.99	12	DLOCK	0	157628.50	55	230	352	3196	0	5	7	8	0.30	
0.50	0.50	0.99	16	DLOCK	0	163578.64	76	301	512	3627	0	6	7	9	0.38	
0.50	0.50	0.99	20	DLOCK	0	147937.93	109	412	1024	4668	0	7	8	10	0.44	
0.50	0.50	0.99	24	DLOCK	0	125761.04	156	636	1741	4615	0	8	9	11	0.49	
0.50	0.50	0.99	28	DLOCK	0	125291.94	191	814	2131	5024	0	8	10	12	0.53	
0.50	0.50	0.99	32	DLOCK	0	122792.09	225	1000	2066	5331	0	8	10	12	0.55	
0.50	0.50	0.99	36	DLOCK	0	120242.67	260	1197	3085	6123	0	9	11	13	0.58	
0.50	0.50	0.99	1	HLOCK	0	41884.98	23	44	56	1593	0	0	0	0	0.00	
0.50	0.50	0.99	4	HLOCK	0	137553.65	26	62	86	1568	0	2	3	4	0.14	
0.50	0.50	0.99	8	HLOCK	0	178665.51	35	114	146	1646	0	4	5	6	0.43	
0.50	0.50	0.99	12	HLOCK	0	172430.55	51	203	307	2345	1	6	7	7	0.61	
0.50	0.50	0.99	16	HLOCK	0	164689.71	61	334	556	2738	2	7	8	8	0.69	
0.50	0.50	0.99	20	HLOCK	0	139689.48	85	564	962	3824	2	8	9	9	0.74	
0.50	0.50	0.99	24	HLOCK	0	115194.99	113	890	1357	4533	3	9	10	10	0.77	
0.50	0.50	0.99	28	HLOCK	0	100467.01	136	1273	1721	5033	3	9	10	11	0.79	
0.50	0.50	0.99	32	HLOCK	0	94153.02	152	1502	1976	5037	3	10	11	12	0.80	
0.50	0.50	0.99	36	HLOCK	0	90322.95	164	1706	2161	6130	4	10	12	12	0.81	
0.50	0.50	0.99	1	SILO	0	46196.32	21	36	42	1579	0	0	0	0	0.00	
0.50	0.50	0.99	4	SILO	0	123498.58	29	78	119	1340	0	2	4	5	0.28	
0.50	0.50	0.99	8	SILO	0	160633.59	37	197	1334	3718	1	5	10	15	0.47	
0.50	0.50	0.99	12	SILO	0	167535.22	41	487	3841	8791	1	8	16	27	0.54	
0.50	0.50	0.99	16	SILO	0	174040.28	42	1174	5986	13224	1	9	21	38	0.57	
0.50	0.50	0.99	20	SILO	0	165941.82	46	1943	8496	19447	1	11	27	52	0.60	
0.50	0.50	0.99	24	SILO	0	152071.50	55	2857	11874	25267	1	13	35	67	0.62	
0.50	0.50	0.99	28	SILO	0	144255.87	62	3610	14186	31758	1	15	40	82	0.64	
0.50	0.50	0.99	32	SILO	0	146391.64	64	4274	16370	36881	1	17	45	92	0.65	
0.50	0.50	0.99	36	SILO	0	143898.65	70	4890	19020	45604	1	18	52	114	0.67	
bimodal, w log
Rd	Wt	Zip	T	CC	TP	P50	P90	P99	P999	Abt
0.50	0.50	0.10	1	NO_WAIT	0	32051.86	31	53	63	1667	0	0	0	0	0.00	
0.50	0.50	0.10	4	NO_WAIT	0	125003.45	31	66	141	167	0	0	0	0	0.00	
0.50	0.50	0.10	8	NO_WAIT	0	253976.35	31	47	63	87	0	0	0	0	0.00	
0.50	0.50	0.10	12	NO_WAIT	0	341939.50	35	53	66	90	0	0	0	3	0.00	
0.50	0.50	0.10	16	NO_WAIT	0	393355.73	40	63	176	242	0	0	0	4	0.00	
0.50	0.50	0.10	20	NO_WAIT	0	415085.84	47	87	147	317	0	0	0	4	0.00	
0.50	0.50	0.10	24	NO_WAIT	0	445230.57	52	121	218	513	0	0	0	4	0.00	
0.50	0.50	0.10	28	NO_WAIT	0	503262.03	55	132	247	603	0	0	0	5	0.00	
0.50	0.50	0.10	32	NO_WAIT	0	565084.52	55	142	299	714	0	0	0	5	0.00	
0.50	0.50	0.10	36	NO_WAIT	0	605052.78	57	148	286	815	0	0	0	5	0.00	
0.50	0.50	0.10	1	WAIT_DIE	0	28420.44	34	80	100	1684	0	0	0	0	0.00	
0.50	0.50	0.10	4	WAIT_DIE	0	128609.02	31	47	60	80	0	0	0	0	0.00	
0.50	0.50	0.10	8	WAIT_DIE	0	249737.93	32	47	62	84	0	0	0	0	0.00	
0.50	0.50	0.10	12	WAIT_DIE	0	339742.75	35	53	65	85	0	0	0	2	0.00	
0.50	0.50	0.10	16	WAIT_DIE	0	388969.71	40	67	134	189	0	0	0	3	0.00	
0.50	0.50	0.10	20	WAIT_DIE	0	411107.50	47	95	185	316	0	0	0	4	0.00	
0.50	0.50	0.10	24	WAIT_DIE	0	451538.71	52	118	214	506	0	0	0	4	0.00	
0.50	0.50	0.10	28	WAIT_DIE	0	494890.12	55	139	264	649	0	0	0	4	0.00	
0.50	0.50	0.10	32	WAIT_DIE	0	555056.33	56	145	279	723	0	0	0	4	0.00	
0.50	0.50	0.10	36	WAIT_DIE	0	611775.79	57	146	276	797	0	0	0	4	0.00	
0.50	0.50	0.10	1	WOUND_WAIT	0	29870.05	33	54	64	1650	0	0	0	0	0.00	
0.50	0.50	0.10	4	WOUND_WAIT	0	124081.97	31	65	150	175	0	0	0	0	0.00	
0.50	0.50	0.10	8	WOUND_WAIT	0	249898.65	32	48	62	85	0	0	0	0	0.00	
0.50	0.50	0.10	12	WOUND_WAIT	0	339623.88	35	53	66	88	0	0	0	0	0.00	
0.50	0.50	0.10	16	WOUND_WAIT	0	393831.80	40	62	75	96	0	0	0	0	0.00	
0.50	0.50	0.10	20	WOUND_WAIT	0	411362.55	47	98	191	331	0	0	0	0	0.00	
0.50	0.50	0.10	24	WOUND_WAIT	0	452480.88	52	122	248	516	0	0	0	0	0.00	
0.50	0.50	0.10	28	WOUND_WAIT	0	502525.42	54	136	268	634	0	0	0	0	0.00	
0.50	0.50	0.10	32	WOUND_WAIT	0	563613.68	55	141	295	694	0	0	0	0	0.00	
0.50	0.50	0.10	36	WOUND_WAIT	0	609026.86	57	146	276	806	0	0	0	0	0.00	
0.50	0.50	0.10	1	DLOCK	0	27489.09	36	79	98	1692	0	0	0	0	0.00	
0.50	0.50	0.10	4	DLOCK	0	124327.38	32	49	64	82	0	0	0	0	0.00	
0.50	0.50	0.10	8	DLOCK	0	236032.60	34	51	67	97	0	0	0	0	0.00	
0.50	0.50	0.10	12	DLOCK	0	313925.48	38	57	71	94	0	0	0	0	0.00	
0.50	0.50	0.10	16	DLOCK	0	363823.13	43	66	81	110	0	0	0	0	0.00	
0.50	0.50	0.10	20	DLOCK	0	388578.84	50	104	190	328	0	0	0	0	0.00	
0.50	0.50	0.10	24	DLOCK	0	435420.64	54	129	265	532	0	0	0	0	0.00	
0.50	0.50	0.10	28	DLOCK	0	488031.91	57	140	281	679	0	0	0	0	0.00	
0.50	0.50	0.10	32	DLOCK	0	536416.61	59	150	285	758	0	0	0	0	0.00	
0.50	0.50	0.10	36	DLOCK	0	561770.21	62	163	304	890	0	0	0	0	0.00	
0.50	0.50	0.10	1	HLOCK	0	30948.46	32	53	63	1600	0	0	0	0	0.00	
0.50	0.50	0.10	4	HLOCK	0	121339.21	32	73	120	150	0	0	0	0	0.00	
0.50	0.50	0.10	8	HLOCK	0	230576.76	34	53	172	210	0	0	0	0	0.00	
0.50	0.50	0.10	12	HLOCK	0	309156.06	38	59	169	219	0	0	0	0	0.00	
0.50	0.50	0.10	16	HLOCK	0	362868.70	43	67	182	244	0	0	0	0	0.00	
0.50	0.50	0.10	20	HLOCK	0	386010.28	50	102	187	301	0	0	0	0	0.00	
0.50	0.50	0.10	24	HLOCK	0	436308.65	54	119	215	478	0	0	0	0	0.00	
0.50	0.50	0.10	28	HLOCK	0	485239.28	57	135	245	531	0	0	0	0	0.00	
0.50	0.50	0.10	32	HLOCK	0	535564.97	59	146	273	640	0	0	0	0	0.00	
0.50	0.50	0.10	36	HLOCK	0	570703.40	61	150	284	676	0	0	0	0	0.00	
0.50	0.50	0.10	1	SILO	0	26874.82	36	75	93	1607	0	0	0	0	0.00	
0.50	0.50	0.10	4	SILO	0	125330.47	32	46	55	74	0	0	0	0	0.00	
0.50	0.50	0.10	8	SILO	0	233676.29	34	49	58	77	0	0	0	0	0.00	
0.50	0.50	0.10	12	SILO	0	308906.87	38	56	64	75	0	0	0	0	0.00	
0.50	0.50	0.10	16	SILO	0	354256.45	45	66	76	91	0	0	0	0	0.00	
0.50	0.50	0.10	20	SILO	0	376925.70	52	93	243	336	0	0	0	0	0.00	
0.50	0.50	0.10	24	SILO	0	413029.19	57	133	268	418	0	0	0	0	0.00	
0.50	0.50	0.10	28	SILO	0	439120.25	62	153	294	525	0	0	0	1	0.00	
0.50	0.50	0.10	32	SILO	0	480077.30	65	160	307	573	0	0	0	1	0.00	
0.50	0.50	0.10	36	SILO	0	503069.44	70	175	343	655	0	0	0	1	0.00	
0.50	0.50	0.80	1	NO_WAIT	0	32702.76	30	59	78	1663	0	0	0	0	0.00	
0.50	0.50	0.80	4	NO_WAIT	0	130315.58	28	79	182	1683	0	4	6	9	0.15	
0.50	0.50	0.80	8	NO_WAIT	0	220542.14	29	124	1108	3577	0	6	9	13	0.27	
0.50	0.50	0.80	12	NO_WAIT	0	273135.90	30	253	2310	5172	0	7	13	20	0.35	
0.50	0.50	0.80	16	NO_WAIT	0	293663.48	32	485	3614	7624	0	8	16	26	0.40	
0.50	0.50	0.80	20	NO_WAIT	0	283442.15	35	947	4965	10375	0	9	19	33	0.43	
0.50	0.50	0.80	24	NO_WAIT	0	263354.00	40	1451	6255	12550	0	11	22	38	0.46	
0.50	0.50	0.80	28	NO_WAIT	0	266858.77	42	1904	7575	15077	0	12	26	45	0.48	
0.50	0.50	0.80	32	NO_WAIT	0	267970.80	44	2365	8753	17910	0	13	29	52	0.50	
0.50	0.50	0.80	36	NO_WAIT	0	266635.72	45	2795	10203	20371	0	14	32	58	0.52	
0.50	0.50	0.80	1	WAIT_DIE	0	32143.68	30	59	76	1677	0	0	0	0	0.00	
0.50	0.50	0.80	4	WAIT_DIE	0	133101.49	28	72	121	434	0	4	5	7	0.11	
0.50	0.50	0.80	8	WAIT_DIE	0	243947.71	29	93	204	1175	0	5	6	8	0.24	
0.50	0.50	0.80	12	WAIT_DIE	0	311676.48	32	151	318	1399	0	6	7	9	0.36	
0.50	0.50	0.80	16	WAIT_DIE	0	346854.15	35	242	473	873	0	7	8	9	0.44	
0.50	0.50	0.80	20	WAIT_DIE	0	335562.09	39	395	792	2130	0	7	9	10	0.49	
0.50	0.50	0.80	24	WAIT_DIE	0	322033.54	44	613	1197	1895	0	8	9	11	0.52	
0.50	0.50	0.80	28	WAIT_DIE	0	317611.40	47	841	1512	2321	0	9	10	12	0.55	
0.50	0.50	0.80	32	WAIT_DIE	0	315398.58	48	1089	1872	3176	0	9	11	13	0.56	
0.50	0.50	0.80	36	WAIT_DIE	0	308171.72	50	1320	2284	4522	0	9	11	16	0.58	
0.50	0.50	0.80	1	WOUND_WAIT	0	32358.62	30	59	74	1665	0	0	0	0	0.00	
0.50	0.50	0.80	4	WOUND_WAIT	0	139696.71	27	51	69	1649	0	0	0	1	0.00	
0.50	0.50	0.80	8	WOUND_WAIT	0	253025.08	29	70	108	1601	0	0	1	2	0.00	
0.50	0.50	0.80	12	WOUND_WAIT	0	324514.46	32	106	160	1519	0	0	1	2	0.00	
0.50	0.50	0.80	16	WOUND_WAIT	0	357979.70	36	158	218	1693	0	0	1	2	0.00	
0.50	0.50	0.80	20	WOUND_WAIT	0	341693.78	40	237	315	2841	0	0	1	2	0.01	
0.50	0.50	0.80	24	WOUND_WAIT	0	316129.96	45	340	506	3073	0	0	1	3	0.01	
0.50	0.50	0.80	28	WOUND_WAIT	0	315136.69	48	429	687	4050	0	1	2	3	0.01	
0.50	0.50	0.80	32	WOUND_WAIT	0	303686.34	51	517	909	4985	0	1	2	3	0.02	
0.50	0.50	0.80	36	WOUND_WAIT	0	306419.51	53	587	1056	4768	0	1	2	3	0.02	
0.50	0.50	0.80	1	DLOCK	0	34877.39	28	48	59	1671	0	0	0	0	0.00	
0.50	0.50	0.80	4	DLOCK	0	137868.53	28	47	63	1106	0	0	0	1	0.00	
0.50	0.50	0.80	8	DLOCK	0	248673.85	31	59	87	805	0	0	1	3	0.00	
0.50	0.50	0.80	12	DLOCK	0	325632.20	35	84	139	358	0	0	1	4	0.00	
0.50	0.50	0.80	16	DLOCK	0	371992.66	39	120	183	1255	0	0	1	5	0.01	
0.50	0.50	0.80	20	DLOCK	0	385778.02	45	186	281	1992	0	0	4	7	0.01	
0.50	0.50	0.80	24	DLOCK	0	396139.59	48	268	393	2261	0	1	5	8	0.02	
0.50	0.50	0.80	28	DLOCK	0	414928.95	50	359	523	3568	0	1	7	8	0.04	
0.50	0.50	0.80	32	DLOCK	0	425209.73	51	444	640	3549	0	1	8	9	0.05	
0.50	0.50	0.80	36	DLOCK	0	428989.87	51	525	809	4043	0	3	8	10	0.07	
0.50	0.50	0.80	1	HLOCK	0	32182.92	31	59	78	1607	0	0	0	0	0.00	
0.50	0.50	0.80	4	HLOCK	0	133351.85	29	59	88	327	0	0	1	1	0.01	
0.50	0.50	0.80	8	HLOCK	0	247339.61	31	51	67	387	0	1	1	2	0.01	
0.50	0.50	0.80	12	HLOCK	0	329235.72	35	70	125	191	0	1	1	2	0.03	
0.50	0.50	0.80	16	HLOCK	0	379595.42	40	93	144	344	0	1	2	3	0.04	
0.50	0.50	0.80	20	HLOCK	0	401829.82	46	124	193	893	0	1	3	4	0.06	
0.50	0.50	0.80	24	HLOCK	0	429506.63	51	161	270	1715	0	2	4	6	0.08	
0.50	0.50	0.80	28	HLOCK	0	467012.30	52	229	416	1358	0	3	6	7	0.13	
0.50	0.50	0.80	32	HLOCK	0	469016.17	55	347	631	2327	0	4	7	8	0.18	
0.50	0.50	0.80	36	HLOCK	0	448503.39	53	616	1036	2304	0	7	8	9	0.27	
0.50	0.50	0.80	1	SILO	0	35711.03	28	44	51	1586	0	0	0	0	0.00	
0.50	0.50	0.80	4	SILO	0	133389.39	28	59	97	136	0	1	1	2	0.02	
0.50	0.50	0.80	8	SILO	0	244780.29	31	63	97	143	0	1	2	3	0.04	
0.50	0.50	0.80	12	SILO	0	320288.17	35	74	108	183	0	1	2	4	0.06	
0.50	0.50	0.80	16	SILO	0	364189.03	41	99	164	317	0	2	3	5	0.09	
0.50	0.50	0.80	20	SILO	0	374537.92	48	141	252	662	0	2	4	7	0.13	
0.50	0.50	0.80	24	SILO	0	396578.97	54	172	338	999	0	2	5	8	0.15	
0.50	0.50	0.80	28	SILO	0	439151.51	57	200	472	1998	0	3	7	11	0.18	
0.50	0.50	0.80	32	SILO	0	468064.14	58	229	860	3804	0	4	8	14	0.21	
0.50	0.50	0.80	36	SILO	0	496045.46	59	264	1575	5313	0	4	10	18	0.24	
0.50	0.50	0.99	1	NO_WAIT	0	43044.11	22	44	57	1648	0	0	0	0	0.00	
0.50	0.50	0.99	4	NO_WAIT	0	61764.06	25	1131	4145	7666	0	10	17	25	0.54	
0.50	0.50	0.99	8	NO_WAIT	0	68971.48	27	2567	6646	10897	0	13	23	34	0.63	
0.50	0.50	0.99	12	NO_WAIT	0	69314.95	30	3698	8691	14811	0	16	29	44	0.68	
0.50	0.50	0.99	16	NO_WAIT	0	72172.07	30	4547	10325	16729	0	18	33	48	0.71	
0.50	0.50	0.99	20	NO_WAIT	0	69167.68	33	5556	12701	19660	0	21	39	56	0.73	
0.50	0.50	0.99	24	NO_WAIT	0	56724.02	46	7296	15687	25949	1	25	47	74	0.77	
0.50	0.50	0.99	28	NO_WAIT	0	53695.59	54	8678	18896	30474	1	29	54	82	0.79	
0.50	0.50	0.99	32	NO_WAIT	0	53706.97	58	9912	21159	35325	2	32	61	94	0.81	
0.50	0.50	0.99	36	NO_WAIT	0	52151.26	65	11054	23283	37290	2	35	66	100	0.82	
0.50	0.50	0.99	1	WAIT_DIE	0	41864.13	23	44	55	1658	0	0	0	0	0.00	
0.50	0.50	0.99	4	WAIT_DIE	0	82474.78	34	175	282	2097	2	6	7	11	0.67	
0.50	0.50	0.99	8	WAIT_DIE	0	88605.54	53	476	837	3013	3	8	9	12	0.76	
0.50	0.50	0.99	12	WAIT_DIE	0	90349.37	66	814	1270	2441	4	9	10	11	0.79	
0.50	0.50	0.99	16	WAIT_DIE	0	91648.49	79	1163	1595	2306	5	9	11	12	0.80	
0.50	0.50	0.99	20	WAIT_DIE	0	81928.02	101	1488	2036	4855	5	10	12	17	0.82	
0.50	0.50	0.99	24	WAIT_DIE	0	68660.05	140	2000	2705	4683	6	11	13	17	0.83	
0.50	0.50	0.99	28	WAIT_DIE	0	61498.64	181	2457	3196	4631	6	12	14	16	0.84	
0.50	0.50	0.99	32	WAIT_DIE	0	53306.64	240	3033	4088	7796	7	13	16	24	0.85	
0.50	0.50	0.99	36	WAIT_DIE	0	53065.44	279	3490	4886	7081	7	14	17	22	0.86	
0.50	0.50	0.99	1	WOUND_WAIT	0	45866.71	21	37	44	1633	0	0	0	0	0.00	
0.50	0.50	0.99	4	WOUND_WAIT	0	89780.91	40	98	122	2031	0	1	2	4	0.09	
0.50	0.50	0.99	8	WOUND_WAIT	0	94543.65	87	177	233	2907	0	3	5	6	0.26	
0.50	0.50	0.99	12	WOUND_WAIT	0	88958.66	143	290	664	3747	0	5	6	8	0.39	
0.50	0.50	0.99	16	WOUND_WAIT	0	92016.70	188	328	1715	3410	0	6	7	8	0.48	
0.50	0.50	0.99	20	WOUND_WAIT	0	77375.34	278	519	2028	4510	0	6	8	9	0.54	
0.50	0.50	0.99	24	WOUND_WAIT	0	58744.28	428	877	3301	5941	1	7	9	11	0.60	
0.50	0.50	0.99	28	WOUND_WAIT	0	54842.26	548	1155	3860	6087	1	8	10	12	0.64	
0.50	0.50	0.99	32	WOUND_WAIT	0	52265.86	653	1487	4243	5438	1	9	10	12	0.67	
0.50	0.50	0.99	36	WOUND_WAIT	0	48330.78	798	1866	4873	6408	1	9	11	13	0.69	
0.50	0.50	0.99	1	DLOCK	0	44250.17	22	39	47	1648	0	0	0	0	0.00	
0.50	0.50	0.99	4	DLOCK	0	129105.92	26	80	113	1702	0	1	3	5	0.05	
0.50	0.50	0.99	8	DLOCK	0	152412.28	37	149	190	2781	0	3	5	7	0.19	
0.50	0.50	0.99	12	DLOCK	0	160803.25	53	214	301	2930	0	5	7	8	0.30	
0.50	0.50	0.99	16	DLOCK	0	161097.19	76	300	587	3560	0	6	8	9	0.38	
0.50	0.50	0.99	20	DLOCK	0	148978.73	109	413	963	4418	0	7	8	10	0.44	
0.50	0.50	0.99	24	DLOCK	0	131575.94	153	609	1599	4729	0	7	9	11	0.49	
0.50	0.50	0.99	28	DLOCK	0	120254.65	196	829	2002	5142	0	8	10	12	0.53	
0.50	0.50	0.99	32	DLOCK	0	116167.29	237	1044	2419	6186	0	8	10	12	0.56	
0.50	0.50	0.99	36	DLOCK	0	114882.89	269	1209	2551	5677	0	9	11	15	0.58	
0.50	0.50	0.99	1	HLOCK	0	41865.66	23	45	57	1604	0	0	0	0	0.00	
0.50	0.50	0.99	4	HLOCK	0	141546.35	26	59	82	1594	0	2	3	4	0.14	
0.50	0.50	0.99	8	HLOCK	0	179008.75	37	114	144	1646	0	4	5	6	0.43	
0.50	0.50	0.99	12	HLOCK	0	173734.87	51	201	290	2832	1	6	7	7	0.61	
0.50	0.50	0.99	16	HLOCK	0	165850.67	62	333	553	2867	2	7	8	9	0.69	
0.50	0.50	0.99	20	HLOCK	0	136781.24	88	567	973	4033	2	8	9	9	0.74	
0.50	0.50	0.99	24	HLOCK	0	115915.18	113	879	1321	3927	3	9	10	10	0.77	
0.50	0.50	0.99	28	HLOCK	0	101037.56	137	1270	1920	5323	3	9	10	11	0.79	
0.50	0.50	0.99	32	HLOCK	0	96084.52	150	1491	1964	4630	3	10	11	12	0.80	
0.50	0.50	0.99	36	HLOCK	0	88349.18	163	1762	2300	4532	4	10	12	13	0.81	
0.50	0.50	0.99	1	SILO	0	44831.21	22	36	43	1580	0	0	0	0	0.00	
0.50	0.50	0.99	4	SILO	0	123685.84	29	78	123	1577	0	2	4	5	0.28	
0.50	0.50	0.99	8	SILO	0	161440.37	37	200	1372	3654	1	5	10	15	0.47	
0.50	0.50	0.99	12	SILO	0	168035.66	41	486	3844	8263	1	8	16	26	0.54	
0.50	0.50	0.99	16	SILO	0	173756.72	42	1187	6005	13168	1	10	21	38	0.57	
0.50	0.50	0.99	20	SILO	0	165539.08	47	1949	8363	18478	1	11	27	51	0.60	
0.50	0.50	0.99	24	SILO	0	150501.95	55	2814	11638	27843	1	13	34	73	0.62	
0.50	0.50	0.99	28	SILO	0	149050.92	60	3536	13871	33222	1	15	40	87	0.64	
0.50	0.50	0.99	32	SILO	0	142181.43	68	4319	16511	38406	1	17	45	95	0.66	
0.50	0.50	0.99	36	SILO	0	140884.20	74	4926	18266	44716	1	18	50	112	0.67	
