1 WH
	T	CC	TP	P50	P90	P99	P999	Abt
TPCC	NO_WAIT	1	67837.29	COMMIT	271686	3987464	0	0	0	ABORT	0	0	0	0	0	0	12	40	44	50	0	0	0	0	0.00	
TPCC	NO_WAIT	4	70282.41	COMMIT	70266	1263581	0	0	0	ABORT	51701	2717140	0	2608032	0	0	22	1159	4865	8434	0	10	20	28	0.42	
TPCC	NO_WAIT	8	76597.18	COMMIT	37472	693069	0	0	0	ABORT	43043	3279426	0	3188435	0	0	25	2743	7209	11486	0	14	26	36	0.53	
TPCC	NO_WAIT	12	81237.29	COMMIT	26816	499191	0	0	0	ABORT	38829	3484079	0	3405024	0	0	27	3767	9154	13885	0	17	31	44	0.59	
TPCC	NO_WAIT	16	84258.64	COMMIT	20972	393984	0	0	0	ABORT	35196	3599473	0	3526669	0	0	29	4625	10444	15948	0	19	35	50	0.63	
TPCC	NO_WAIT	20	86026.33	COMMIT	17109	329789	0	0	0	ABORT	32376	3649126	0	3581724	0	0	30	5437	11273	17177	0	21	37	52	0.66	
TPCC	NO_WAIT	24	87739.11	COMMIT	14858	287406	0	0	0	ABORT	31567	3692630	0	3628532	0	0	31	6094	12558	19877	0	23	40	59	0.68	
TPCC	NO_WAIT	28	89239.50	COMMIT	12616	241487	0	0	0	ABORT	28791	3752884	0	3693319	0	0	32	6733	13691	21258	0	25	43	63	0.70	
TPCC	NO_WAIT	32	90667.36	COMMIT	10880	209555	0	0	0	ABORT	27725	3784566	0	3728507	0	0	33	7403	14725	21637	0	27	46	64	0.71	
TPCC	NO_WAIT	36	92449.52	COMMIT	9858	196293	0	0	0	ABORT	26478	3797433	0	3743852	0	0	34	7860	15506	22785	0	28	48	69	0.73	
TPCC	WAIT_DIE	1	66590.83	COMMIT	266547	3980595	0	0	0	ABORT	0	0	0	0	0	0	12	40	45	51	0	0	0	0	0.00	
TPCC	WAIT_DIE	4	92962.77	COMMIT	94070	2531896	567840	0	0	ABORT	154875	1443549	286	1115753	0	0	38	148	224	355	1	6	7	8	0.62	
TPCC	WAIT_DIE	8	106290.91	COMMIT	53576	2147938	974911	0	0	ABORT	141475	1831223	756	1460544	0	0	55	280	432	616	2	7	8	9	0.72	
TPCC	WAIT_DIE	12	113612.33	COMMIT	37967	2033111	1173857	0	0	ABORT	122026	1951939	1334	1587008	0	0	72	420	623	913	3	8	8	9	0.76	
TPCC	WAIT_DIE	16	117688.66	COMMIT	29477	1987647	1299786	0	0	ABORT	105627	1998547	2241	1652119	0	0	88	588	897	1195	4	8	9	10	0.78	
TPCC	WAIT_DIE	20	118922.41	COMMIT	23631	1997166	1417597	0	0	ABORT	91563	1993620	2829	1667142	0	0	104	789	1178	1537	5	8	9	10	0.79	
TPCC	WAIT_DIE	24	120505.65	COMMIT	20095	2020295	1515302	0	0	ABORT	82035	1969736	1920	1656483	0	0	117	1027	1534	2021	5	9	9	10	0.80	
TPCC	WAIT_DIE	28	123017.07	COMMIT	17763	2066859	1606062	0	0	ABORT	74117	1917511	3748	1609193	0	0	127	1289	1939	2557	5	9	10	11	0.81	
TPCC	WAIT_DIE	32	123191.57	COMMIT	15301	2142709	1736832	0	0	ABORT	66022	1850388	4150	1561368	0	0	137	1616	2566	3572	5	9	10	11	0.81	
TPCC	WAIT_DIE	36	128807.99	COMMIT	14277	2171978	1790488	0	0	ABORT	62338	1819434	4430	1528069	0	0	140	1941	3168	4612	5	9	10	11	0.81	
TPCC	WOUND_WAIT	1	67148.46	COMMIT	268455	3980026	0	0	0	ABORT	0	0	0	0	0	0	12	40	44	51	0	0	0	0	0.00	
TPCC	WOUND_WAIT	4	92099.24	COMMIT	92349	3956129	1986099	0	0	ABORT	1456	26545	6747	2254	0	0	42	83	100	123	0	1	1	2	0.02	
TPCC	WOUND_WAIT	8	94563.09	COMMIT	47205	3970665	2933133	0	0	ABORT	374	20734	12265	575	0	0	83	138	160	298	0	1	1	2	0.01	
TPCC	WOUND_WAIT	12	94457.43	COMMIT	31482	3970490	3275320	0	0	ABORT	268	26547	19926	428	0	0	125	191	219	578	0	1	1	2	0.01	
TPCC	WOUND_WAIT	16	94710.98	COMMIT	23633	3971229	3443332	0	0	ABORT	168	23839	19737	239	0	0	167	241	276	1180	0	1	1	2	0.01	
TPCC	WOUND_WAIT	20	93115.69	COMMIT	18530	3944722	3531657	0	0	ABORT	176	33154	29275	248	0	0	213	294	340	959	0	1	1	2	0.01	
TPCC	WOUND_WAIT	24	93027.44	COMMIT	15462	3961038	3607490	0	0	ABORT	160	36188	32524	240	0	0	256	345	392	1773	0	1	1	2	0.01	
TPCC	WOUND_WAIT	28	93880.07	COMMIT	13350	3960551	3660661	0	0	ABORT	138	37126	33752	204	0	0	297	392	447	2751	0	1	1	2	0.01	
TPCC	WOUND_WAIT	32	92421.26	COMMIT	11557	3951252	3684172	0	0	ABORT	148	46632	43282	213	0	0	343	447	517	2998	0	1	1	2	0.01	
TPCC	WOUND_WAIT	36	95441.36	COMMIT	10549	3964825	3724250	0	0	ABORT	78	27841	25580	115	0	0	375	485	557	3950	0	0	1	2	0.01	
TPCC	DLOCK	1	66762.59	COMMIT	267440	3979934	119026	0	0	ABORT	0	0	0	0	0	0	12	39	44	49	0	0	0	0	0.00	
TPCC	DLOCK	4	119033.90	COMMIT	119676	3398717	1307974	0	0	ABORT	27965	580991	73374	145093	0	0	31	82	233	1262	0	2	6	10	0.20	
TPCC	DLOCK	8	137921.73	COMMIT	70103	3020762	1852151	0	0	ABORT	51047	963545	84859	119902	0	0	56	107	129	236	0	3	4	5	0.44	
TPCC	DLOCK	12	145695.95	COMMIT	48935	2764060	1983466	0	0	ABORT	61314	1218796	144646	240725	0	0	82	148	184	325	1	5	6	6	0.57	
TPCC	DLOCK	16	143713.80	COMMIT	35911	2641616	2038882	0	0	ABORT	58899	1331951	170863	368629	0	0	113	208	267	482	1	6	7	7	0.63	
TPCC	DLOCK	20	142675.84	COMMIT	28543	2570412	2083107	0	0	ABORT	55112	1405270	179063	488501	0	0	144	273	373	580	1	7	7	8	0.66	
TPCC	DLOCK	24	138698.49	COMMIT	23277	2502768	2091236	0	0	ABORT	51202	1486715	175628	616991	0	0	180	367	524	787	1	7	8	8	0.69	
TPCC	DLOCK	28	137146.34	COMMIT	19681	2481188	2130772	0	0	ABORT	46542	1507795	167819	707881	0	0	214	441	636	1100	1	8	8	9	0.71	
TPCC	DLOCK	32	140049.50	COMMIT	17510	2444725	2150730	0	0	ABORT	43994	1543896	142860	825531	0	0	242	547	761	1460	1	8	9	9	0.72	
TPCC	DLOCK	36	137738.62	COMMIT	15284	2381065	2115779	0	0	ABORT	41366	1609476	139163	912148	0	0	279	629	965	1422	1	8	9	10	0.73	
TPCC	HLOCK	1	63364.50	COMMIT	253453	3985303	468822	0	0	ABORT	0	0	0	0	0	0	13	41	45	51	0	0	0	0	0.00	
TPCC	HLOCK	4	122710.42	COMMIT	123993	3300968	1344128	0	0	ABORT	34967	677803	36212	292182	0	0	30	99	273	1441	0	4	6	10	0.23	
TPCC	HLOCK	8	158721.58	COMMIT	81332	2638354	1765702	0	0	ABORT	71299	1325148	436944	367666	0	0	46	156	406	1188	1	6	8	10	0.48	
TPCC	HLOCK	12	151241.61	COMMIT	50415	1734392	1450764	0	0	ABORT	99037	2255299	1038823	753946	0	0	71	295	921	1703	2	7	9	11	0.66	
TPCC	HLOCK	16	135421.64	COMMIT	32565	1190766	1072881	0	0	ABORT	96503	2800080	1356226	1180164	0	0	102	531	1327	2160	3	8	10	12	0.74	
TPCC	HLOCK	20	119873.75	COMMIT	22099	856869	803948	0	0	ABORT	84487	3129957	1511810	1541884	0	0	141	819	1684	2475	3	9	11	13	0.78	
TPCC	HLOCK	24	111609.05	COMMIT	16385	661782	641860	0	0	ABORT	73503	3327038	1568039	1816979	0	0	179	1100	1930	2720	4	9	11	13	0.80	
TPCC	HLOCK	28	105315.90	COMMIT	12574	492133	466375	0	0	ABORT	64516	3492407	1511214	2103285	0	0	218	1267	2122	2883	5	10	12	14	0.82	
TPCC	HLOCK	32	100869.06	COMMIT	10184	408303	420081	0	0	ABORT	57282	3582388	1533829	2271873	0	0	258	1385	2203	2971	5	10	12	14	0.83	
TPCC	HLOCK	36	97252.10	COMMIT	8425	333810	331556	0	0	ABORT	51485	3655628	1438962	2446675	0	0	298	1544	2386	3225	6	11	12	15	0.84	
TPCC	SILO	1	79963.76	COMMIT	320389	3975875	0	0	0	ABORT	0	0	0	0	0	0	10	33	36	42	0	0	0	0	0.00	
TPCC	SILO	4	110802.08	COMMIT	108696	1449001	0	0	0	ABORT	71883	2528649	0	1178169	0	0	15	246	1554	3930	0	6	10	14	0.40	
TPCC	SILO	8	129057.90	COMMIT	64903	836937	0	0	0	ABORT	70691	3147253	0	1902571	0	0	17	977	3367	6166	0	9	15	22	0.52	
TPCC	SILO	12	134409.66	COMMIT	42938	558083	0	0	0	ABORT	59669	3433534	0	2401335	0	0	18	1728	4701	7892	0	11	18	26	0.58	
TPCC	SILO	16	133382.79	COMMIT	29940	410503	0	0	0	ABORT	49527	3581971	0	2700250	0	0	19	2413	5875	9453	0	13	21	29	0.61	
TPCC	SILO	20	130374.65	COMMIT	23816	341925	0	0	0	ABORT	43607	3651191	0	2847275	0	0	20	3036	7090	11569	0	14	24	35	0.64	
TPCC	SILO	24	130742.35	COMMIT	19113	280093	0	0	0	ABORT	39156	3712718	0	2991118	0	0	20	3597	8145	12912	0	16	27	39	0.66	
TPCC	SILO	28	131744.85	COMMIT	17252	256286	0	0	0	ABORT	37156	3736614	0	3059647	0	0	21	4073	8794	13951	0	17	29	41	0.68	
TPCC	SILO	32	137838.77	COMMIT	15394	221768	0	0	0	ABORT	35545	3770790	0	3148043	0	0	21	4380	9324	14613	1	18	30	44	0.69	
TPCC	SILO	36	140760.11	COMMIT	15063	214502	0	0	0	ABORT	35994	3775395	0	3158695	0	0	21	4719	9804	16051	1	19	31	46	0.70	
4 WH
TPCC	NO_WAIT	1	65858.61	COMMIT	263741	3988184	0	0	0	ABORT	0	0	0	0	0	0	13	42	46	55	0	0	0	0	0.00	
TPCC	NO_WAIT	4	209757.27	COMMIT	224316	3974976	0	0	0	ABORT	12	375	0	20	0	0	15	54	61	72	0	0	0	0	0.00	
TPCC	NO_WAIT	8	231886.05	COMMIT	107653	1947116	0	0	0	ABORT	35434	2235481	0	2160701	0	0	19	146	2596	5627	0	7	14	21	0.24	
TPCC	NO_WAIT	12	249625.72	COMMIT	90444	1652635	0	0	0	ABORT	50142	2336438	0	2232519	0	0	22	723	4181	7371	0	9	18	26	0.37	
TPCC	NO_WAIT	16	260740.65	COMMIT	70842	1328908	0	0	0	ABORT	49230	2656710	0	2556010	0	0	23	1320	5046	8970	0	11	20	30	0.42	
TPCC	NO_WAIT	20	263181.32	COMMIT	55099	1062658	0	0	0	ABORT	47340	2927733	0	2830710	0	0	24	1819	5903	9966	0	12	23	33	0.47	
TPCC	NO_WAIT	24	268427.41	COMMIT	46484	898744	0	0	0	ABORT	45541	3092379	0	3003338	0	0	25	2274	6594	10838	0	13	25	36	0.49	
TPCC	NO_WAIT	28	273717.96	COMMIT	39658	768245	0	0	0	ABORT	42770	3223913	0	3140720	0	0	26	2620	7260	11813	0	14	26	38	0.52	
TPCC	NO_WAIT	32	285036.17	COMMIT	37205	709110	0	0	0	ABORT	42464	3279447	0	3197894	0	0	26	2911	7669	12085	0	15	27	39	0.54	
TPCC	NO_WAIT	36	297686.17	COMMIT	35827	682316	0	0	0	ABORT	42043	3304622	0	3222569	0	0	26	3135	8138	12780	0	15	28	41	0.55	
TPCC	WAIT_DIE	1	65369.97	COMMIT	261709	3988435	0	0	0	ABORT	0	0	0	0	0	0	13	41	45	52	0	0	0	0	0.00	
TPCC	WAIT_DIE	4	203109.17	COMMIT	217179	3975003	19	0	0	ABORT	5	166	0	9	0	0	16	55	62	74	0	0	0	0	0.00	
TPCC	WAIT_DIE	8	275548.83	COMMIT	148008	3076783	142427	0	0	ABORT	95385	881618	4	718199	0	0	26	99	262	712	0	5	7	8	0.41	
TPCC	WAIT_DIE	12	323170.92	COMMIT	113650	2671798	357448	0	0	ABORT	131968	1295963	89	1059834	0	0	33	132	329	1106	0	6	7	9	0.55	
TPCC	WAIT_DIE	16	348216.40	COMMIT	92662	2561708	590133	0	0	ABORT	152215	1420896	198	1134569	0	0	40	164	251	394	1	6	7	8	0.63	
TPCC	WAIT_DIE	20	347325.86	COMMIT	73597	2427617	755071	0	0	ABORT	146097	1556160	416	1267211	0	0	48	215	322	487	1	7	8	8	0.67	
TPCC	WAIT_DIE	24	359687.61	COMMIT	63132	2323677	875716	0	0	ABORT	142725	1661553	440	1362668	0	0	53	252	383	567	2	7	8	8	0.70	
TPCC	WAIT_DIE	28	368432.04	COMMIT	54935	2245441	962733	0	0	ABORT	136965	1737730	572	1439269	0	0	57	289	446	680	2	7	8	9	0.72	
TPCC	WAIT_DIE	32	387452.69	COMMIT	50787	2174197	1021799	0	0	ABORT	135982	1811132	947	1511032	0	0	60	316	494	790	3	7	8	9	0.73	
TPCC	WAIT_DIE	36	400705.02	COMMIT	46547	2141972	1080195	0	0	ABORT	131820	1839145	967	1535419	0	0	63	348	540	854	3	7	8	9	0.74	
TPCC	WOUND_WAIT	1	65811.44	COMMIT	263564	3988085	0	0	0	ABORT	0	0	0	0	0	0	13	41	45	52	0	0	0	0	0.00	
TPCC	WOUND_WAIT	4	204742.52	COMMIT	220224	3976697	101	0	0	ABORT	3	91	0	5	0	0	16	54	62	71	0	0	0	0	0.00	
TPCC	WOUND_WAIT	8	301447.30	COMMIT	162115	3912038	622401	0	0	ABORT	5948	67598	7327	9865	0	0	25	66	89	120	0	1	2	3	0.04	
TPCC	WOUND_WAIT	12	341606.94	COMMIT	122238	3919587	1396875	0	0	ABORT	4759	65528	14353	8129	0	0	34	80	110	211	0	1	2	4	0.04	
TPCC	WOUND_WAIT	16	345328.16	COMMIT	91489	3962736	1998703	0	0	ABORT	1480	24951	6414	2305	0	0	44	94	121	153	0	1	1	2	0.02	
TPCC	WOUND_WAIT	20	337633.23	COMMIT	71585	3969159	2365492	0	0	ABORT	781	24132	10194	1190	0	0	56	115	143	187	0	1	1	2	0.01	
TPCC	WOUND_WAIT	24	340302.73	COMMIT	60138	3968284	2604587	0	0	ABORT	677	26060	13372	1012	0	0	68	131	159	218	0	1	1	2	0.01	
TPCC	WOUND_WAIT	28	338382.68	COMMIT	51159	3963660	2778499	0	0	ABORT	643	30281	18178	968	0	0	80	148	179	257	0	1	1	2	0.01	
TPCC	WOUND_WAIT	32	347650.02	COMMIT	46025	3955301	2920195	0	0	ABORT	665	36659	24090	996	0	0	89	157	185	437	0	1	1	2	0.01	
TPCC	WOUND_WAIT	36	364475.67	COMMIT	42825	3967872	3032260	0	0	ABORT	396	26575	18335	591	0	0	96	168	202	489	0	0	1	2	0.01	
TPCC	DLOCK	1	66261.89	COMMIT	265304	3988692	137293	0	0	ABORT	0	0	0	0	0	0	13	40	44	51	0	0	0	0	0.00	
TPCC	DLOCK	4	212200.73	COMMIT	224378	3971394	110367	0	0	ABORT	5	200	0	12	0	0	16	50	57	68	0	0	0	0	0.00	
TPCC	DLOCK	8	320763.00	COMMIT	168279	3873997	658193	0	0	ABORT	7609	89543	3916	13873	0	0	24	64	85	114	0	1	2	3	0.04	
TPCC	DLOCK	12	383266.24	COMMIT	135541	3710791	1101392	0	0	ABORT	15270	259864	34950	41109	0	0	30	78	138	442	0	2	4	7	0.11	
TPCC	DLOCK	16	407621.72	COMMIT	106747	3595998	1390051	0	0	ABORT	19693	386347	31663	70132	0	0	38	89	136	592	0	2	4	8	0.18	
TPCC	DLOCK	20	406609.60	COMMIT	85481	3506821	1638897	0	0	ABORT	24488	481525	26185	42335	0	0	47	107	138	179	0	2	3	3	0.26	
TPCC	DLOCK	24	404254.45	COMMIT	69420	3350024	1759337	0	0	ABORT	29255	636680	52873	56043	0	0	56	125	159	206	0	3	3	4	0.33	
TPCC	DLOCK	28	400001.78	COMMIT	58265	3235230	1838317	0	0	ABORT	31859	748303	81039	67364	0	0	67	144	179	230	0	3	4	4	0.38	
TPCC	DLOCK	32	425835.11	COMMIT	54474	3117870	1875735	0	0	ABORT	38060	868639	111307	91527	0	0	72	151	189	257	0	3	4	5	0.43	
TPCC	DLOCK	36	433931.19	COMMIT	49149	3049806	1930465	0	0	ABORT	40928	940036	136260	112289	0	0	80	163	204	297	0	4	5	5	0.47	
TPCC	HLOCK	1	62280.93	COMMIT	249448	3985107	505506	0	0	ABORT	0	0	0	0	0	0	14	42	47	54	0	0	0	0	0.00	
TPCC	HLOCK	4	200780.35	COMMIT	212672	3970362	416736	0	0	ABORT	0	0	0	0	0	0	17	53	60	70	0	0	0	0	0.00	
TPCC	HLOCK	8	303812.07	COMMIT	159792	3777036	785643	0	0	ABORT	13217	198429	1790	66083	0	0	26	75	117	217	0	3	4	6	0.08	
TPCC	HLOCK	12	381566.33	COMMIT	134190	3549420	1080259	0	0	ABORT	25435	438018	13388	177483	0	0	30	95	198	666	0	4	6	8	0.17	
TPCC	HLOCK	16	415004.59	COMMIT	107903	3412998	1381641	0	0	ABORT	29574	576724	13698	277231	0	0	37	113	247	1055	0	4	7	9	0.24	
TPCC	HLOCK	20	426684.24	COMMIT	88827	3350312	1628655	0	0	ABORT	36461	633744	79988	218201	0	0	45	144	318	770	0	5	7	9	0.32	
TPCC	HLOCK	24	428144.52	COMMIT	74144	3131145	1705246	0	0	ABORT	42564	852599	189214	292731	0	0	52	184	466	1127	0	6	8	9	0.39	
TPCC	HLOCK	28	437175.29	COMMIT	64221	2929164	1714394	0	0	ABORT	46290	1054234	298893	346334	0	0	59	220	608	1368	0	6	8	10	0.44	
TPCC	HLOCK	32	469872.89	COMMIT	60218	2699128	1675298	0	0	ABORT	54282	1282074	429168	443965	0	0	61	251	752	1625	0	7	9	11	0.49	
TPCC	HLOCK	36	468284.62	COMMIT	53555	2534430	1653727	0	0	ABORT	57198	1453022	531044	541404	0	0	67	317	1029	1974	1	7	9	11	0.53	
TPCC	SILO	1	79979.90	COMMIT	320839	3985972	0	0	0	ABORT	0	0	0	0	0	0	11	34	38	43	0	0	0	0	0.00	
TPCC	SILO	4	250961.79	COMMIT	265852	3975700	0	0	0	ABORT	13	528	0	24	0	0	13	43	49	61	0	0	0	0	0.00	
TPCC	SILO	8	300527.51	COMMIT	152491	2553030	0	0	0	ABORT	45841	1424854	0	347834	0	0	17	138	327	1271	0	4	6	9	0.23	
TPCC	SILO	12	323284.35	COMMIT	108092	1863636	0	0	0	ABORT	58057	2125927	0	785863	0	0	18	247	1239	3181	0	6	9	13	0.35	
TPCC	SILO	16	303254.75	COMMIT	74254	1491926	0	0	0	ABORT	53792	2498832	0	1123895	0	0	21	477	2420	4605	0	8	12	17	0.42	
TPCC	SILO	20	281693.69	COMMIT	54074	1219775	0	0	0	ABORT	46780	2772239	0	1436664	0	0	23	915	3377	6132	0	9	14	21	0.47	
TPCC	SILO	24	270320.06	COMMIT	42671	1036933	0	0	0	ABORT	42860	2955897	0	1688434	0	0	25	1404	4327	7431	0	10	17	24	0.50	
TPCC	SILO	28	246562.51	COMMIT	33772	946538	0	0	0	ABORT	38173	3046587	0	1780025	0	0	27	1948	5326	8614	0	11	19	27	0.53	
TPCC	SILO	32	277505.34	COMMIT	33963	833881	0	0	0	ABORT	40365	3156839	0	2003212	0	0	25	2084	5494	9236	0	12	19	28	0.55	
TPCC	SILO	36	282820.64	COMMIT	30776	747764	0	0	0	ABORT	39187	3241708	0	2146743	0	0	25	2351	5906	9735	0	12	21	30	0.57	
N WH
TPCC	NO_WAIT	1	67736.56	COMMIT	271012	3988075	0	0	0	ABORT	0	0	0	0	0	0	12	40	44	51	0	0	0	0	0.00	
TPCC	NO_WAIT	4	210492.83	COMMIT	226566	3984846	0	0	0	ABORT	12	299	0	20	0	0	15	53	60	69	0	0	0	0	0.00	
TPCC	NO_WAIT	8	365831.08	COMMIT	197555	3980687	0	0	0	ABORT	11	385	0	19	0	0	18	62	79	117	0	0	0	0	0.00	
TPCC	NO_WAIT	12	490190.73	COMMIT	176652	3986767	0	0	0	ABORT	3	136	0	5	0	0	20	70	93	132	0	0	0	0	0.00	
TPCC	NO_WAIT	16	560332.46	COMMIT	147478	3989268	0	0	0	ABORT	8	333	0	14	0	0	24	81	91	104	0	0	0	0	0.00	
TPCC	NO_WAIT	20	627807.02	COMMIT	127672	3991199	0	0	0	ABORT	12	395	0	20	0	0	27	90	102	117	0	0	0	0	0.00	
TPCC	NO_WAIT	24	646349.29	COMMIT	103855	3990903	0	0	0	ABORT	15	534	0	31	0	0	31	108	137	192	0	0	0	0	0.00	
TPCC	NO_WAIT	28	688957.90	COMMIT	92680	3991105	0	0	0	ABORT	8	450	0	14	0	0	34	119	150	207	0	0	0	0	0.00	
TPCC	NO_WAIT	32	817363.74	COMMIT	97467	3991399	0	0	0	ABORT	9	425	0	16	0	0	32	118	162	230	0	0	0	0	0.00	
TPCC	NO_WAIT	36	852685.43	COMMIT	86418	3982345	0	0	0	ABORT	10	533	0	29	0	0	34	128	174	247	0	0	0	0	0.00	
TPCC	WAIT_DIE	1	66768.14	COMMIT	267184	3980557	0	0	0	ABORT	0	0	0	0	0	0	12	40	45	50	0	0	0	0	0.00	
TPCC	WAIT_DIE	4	205240.36	COMMIT	220278	3975575	0	0	0	ABORT	14	403	0	28	0	0	16	54	62	71	0	0	0	0	0.00	
TPCC	WAIT_DIE	8	352492.57	COMMIT	190921	3979905	81	0	0	ABORT	7	204	0	11	0	0	19	64	81	117	0	0	0	0	0.00	
TPCC	WAIT_DIE	12	484573.41	COMMIT	177725	3987751	0	0	0	ABORT	9	307	0	16	0	0	20	69	78	90	0	0	0	0	0.00	
TPCC	WAIT_DIE	16	554107.31	COMMIT	146933	3990604	42	0	0	ABORT	6	230	0	11	0	0	24	82	107	152	0	0	0	0	0.00	
TPCC	WAIT_DIE	20	616094.62	COMMIT	124749	3990260	33	0	0	ABORT	11	329	0	19	0	0	27	93	120	169	0	0	0	0	0.00	
TPCC	WAIT_DIE	24	660212.03	COMMIT	106467	3992371	99	0	0	ABORT	6	198	0	19	0	0	30	105	136	188	0	0	0	0	0.00	
TPCC	WAIT_DIE	28	674191.74	COMMIT	95421	3992355	89	0	0	ABORT	5	234	0	9	0	0	35	121	154	217	0	0	0	0	0.00	
TPCC	WAIT_DIE	32	791371.16	COMMIT	94049	3989869	98	0	0	ABORT	9	362	0	19	0	0	33	120	162	227	0	0	0	0	0.00	
TPCC	WAIT_DIE	36	830610.71	COMMIT	85890	3993341	153	0	0	ABORT	3	78	0	8	0	0	35	130	173	242	0	0	0	0	0.00	
TPCC	WOUND_WAIT	1	67221.76	COMMIT	269222	3980074	0	0	0	ABORT	0	0	0	0	0	0	12	40	44	50	0	0	0	0	0.00	
TPCC	WOUND_WAIT	4	204789.95	COMMIT	219631	3976799	149	0	0	ABORT	5	153	0	9	0	0	16	54	61	70	0	0	0	0	0.00	
TPCC	WOUND_WAIT	8	352437.98	COMMIT	188961	3976887	99	0	0	ABORT	2	89	0	4	0	0	19	64	82	119	0	0	0	0	0.00	
TPCC	WOUND_WAIT	12	483398.60	COMMIT	175913	3989125	105	0	0	ABORT	8	315	0	14	0	0	20	70	80	95	0	0	0	0	0.00	
TPCC	WOUND_WAIT	16	558311.43	COMMIT	147682	3988705	144	0	0	ABORT	5	226	0	9	0	0	24	82	109	154	0	0	0	0	0.00	
TPCC	WOUND_WAIT	20	618355.34	COMMIT	124842	3992571	54	0	0	ABORT	4	238	0	8	0	0	27	92	121	171	0	0	0	0	0.00	
TPCC	WOUND_WAIT	24	658500.88	COMMIT	107363	3990208	135	0	0	ABORT	5	274	0	9	0	0	30	105	135	190	0	0	0	0	0.00	
TPCC	WOUND_WAIT	28	656011.87	COMMIT	89404	3992825	70	0	0	ABORT	1	68	0	2	0	0	36	125	153	210	0	0	0	0	0.00	
TPCC	WOUND_WAIT	32	787313.97	COMMIT	92167	3992691	42	0	0	ABORT	1	101	0	2	0	0	33	121	162	233	0	0	0	0	0.00	
TPCC	WOUND_WAIT	36	816416.04	COMMIT	93210	3992245	150	0	0	ABORT	3	122	0	5	0	0	36	132	176	251	0	0	0	0	0.00	
TPCC	DLOCK	1	66205.96	COMMIT	265037	3979739	119215	0	0	ABORT	0	0	0	0	0	0	12	39	44	50	0	0	0	0	0.00	
TPCC	DLOCK	4	213518.01	COMMIT	227178	3978196	112832	0	0	ABORT	5	217	0	9	0	0	15	51	58	73	0	0	0	0	0.00	
TPCC	DLOCK	8	371298.71	COMMIT	198395	3978446	109732	0	0	ABORT	6	215	0	11	0	0	18	59	82	117	0	0	0	0	0.00	
TPCC	DLOCK	12	513004.63	COMMIT	184261	3984443	108719	0	0	ABORT	5	212	1	9	0	0	19	64	73	88	0	0	0	0	0.00	
TPCC	DLOCK	16	563699.46	COMMIT	147913	3992653	84596	0	0	ABORT	0	0	0	0	0	0	24	79	110	153	0	0	0	0	0.00	
TPCC	DLOCK	20	601580.11	COMMIT	120367	3990407	74837	0	0	ABORT	2	143	0	4	0	0	28	94	128	176	0	0	0	0	0.00	
TPCC	DLOCK	24	652943.13	COMMIT	105048	3992033	67137	0	0	ABORT	3	156	0	5	0	0	31	105	142	198	0	0	0	0	0.00	
TPCC	DLOCK	28	659805.24	COMMIT	97450	3993538	60526	0	0	ABORT	2	118	0	5	0	0	36	123	161	225	0	0	0	0	0.00	
TPCC	DLOCK	32	760022.21	COMMIT	88375	3992202	59045	0	0	ABORT	3	137	0	5	0	0	34	126	173	244	0	0	0	0	0.00	
TPCC	DLOCK	36	816072.13	COMMIT	82829	3990036	59398	0	0	ABORT	3	138	0	5	0	0	36	134	191	273	0	0	0	0	0.00	
TPCC	HLOCK	1	63794.58	COMMIT	255453	3985225	472318	0	0	ABORT	0	0	0	0	0	0	13	41	45	51	0	0	0	0	0.00	
TPCC	HLOCK	4	200964.60	COMMIT	212970	3976388	419891	0	0	ABORT	0	0	0	0	0	0	17	53	60	71	0	0	0	0	0.00	
TPCC	HLOCK	8	344757.01	COMMIT	183373	3980968	380772	0	0	ABORT	0	0	0	0	0	0	19	62	83	118	0	0	0	0	0.00	
TPCC	HLOCK	12	477477.75	COMMIT	169827	3988522	353287	0	0	ABORT	0	0	0	0	0	0	21	68	78	93	0	0	0	0	0.00	
TPCC	HLOCK	16	535531.98	COMMIT	139593	3990515	303899	0	0	ABORT	0	0	0	0	0	0	25	83	108	155	0	0	0	0	0.00	
TPCC	HLOCK	20	593722.69	COMMIT	119531	3991529	262184	0	0	ABORT	0	0	0	0	0	0	29	93	104	121	0	0	0	0	0.00	
TPCC	HLOCK	24	616462.13	COMMIT	98697	3992089	226286	0	0	ABORT	0	0	0	0	0	0	33	110	140	199	0	0	0	0	0.00	
TPCC	HLOCK	28	637974.17	COMMIT	88924	3992629	207124	0	0	ABORT	0	0	0	0	0	0	38	126	156	217	0	0	0	0	0.00	
TPCC	HLOCK	32	742208.39	COMMIT	86854	3992176	208759	0	0	ABORT	0	0	0	0	0	0	36	126	166	233	0	0	0	0	0.00	
TPCC	HLOCK	36	765207.61	COMMIT	78393	3992437	190827	0	0	ABORT	0	0	0	0	0	0	39	139	180	265	0	0	0	0	0.00	
TPCC	SILO	1	80187.60	COMMIT	321265	3976351	0	0	0	ABORT	0	0	0	0	0	0	10	33	36	43	0	0	0	0	0.00	
TPCC	SILO	4	251730.70	COMMIT	266272	3975698	0	0	0	ABORT	12	469	0	23	0	0	13	43	49	61	0	0	0	0	0.00	
TPCC	SILO	8	422781.54	COMMIT	224557	3979708	0	0	0	ABORT	10	410	0	18	0	0	15	51	58	70	0	0	0	0	0.00	
TPCC	SILO	12	567326.01	COMMIT	203441	3989291	0	0	0	ABORT	10	447	0	18	0	0	17	58	80	124	0	0	0	0	0.00	
TPCC	SILO	16	620836.88	COMMIT	160870	3991535	0	0	0	ABORT	13	812	0	23	0	0	21	71	81	97	0	0	0	0	0.00	
TPCC	SILO	20	656807.00	COMMIT	128458	3991598	0	0	0	ABORT	11	756	0	19	0	0	25	86	109	161	0	0	0	0	0.00	
TPCC	SILO	24	682192.78	COMMIT	107515	3992609	0	0	0	ABORT	5	353	0	9	0	0	29	100	112	131	0	0	0	0	0.00	
TPCC	SILO	28	623154.84	COMMIT	82669	3994158	0	0	0	ABORT	4	444	0	11	0	0	38	135	151	170	0	0	0	0	0.00	
TPCC	SILO	32	792851.54	COMMIT	97788	3992233	0	0	0	ABORT	8	830	0	15	0	0	32	120	151	216	0	0	0	0	0.00	
TPCC	SILO	36	810230.46	COMMIT	78537	3991096	0	0	0	ABORT	6	692	0	11	0	0	35	139	168	234	0	0	0	0	0.00	
