bimodal, w/o log
Rd	Wt	Zip	T	CC	TP	P50	P90	P99	P999	Abt
0.50	0.50	0.99	1	WOUND_WAIT	0	6673.19	COMMIT	26404	3964900	0	0	0	ABORT	0	0	0	0	0	0	149	391	467	1494	0	0	0	0	0.00	
0.50	0.50	0.99	4	WOUND_WAIT	0	11641.40	COMMIT	11166	3930200	2056455	0	0	ABORT	152	23012	12271	222	0	0	338	706	1050	3187	0	1	1	1	0.01	
0.50	0.50	0.99	8	WOUND_WAIT	0	10545.11	COMMIT	5020	3803168	2890064	0	0	ABORT	210	91239	70515	314	0	0	754	1354	3498	6582	0	1	1	1	0.04	
0.50	0.50	0.99	12	WOUND_WAIT	0	9379.80	COMMIT	2921	3753327	3168218	0	0	ABORT	114	102929	90180	169	0	0	1295	2166	5051	15843	0	1	1	2	0.05	
0.50	0.50	0.99	16	WOUND_WAIT	0	8150.15	COMMIT	1878	3690907	3269832	0	0	ABORT	83	134229	122625	129	0	0	1991	3165	10619	27115	0	1	1	2	0.04	
0.50	0.50	0.99	20	WOUND_WAIT	0	7044.18	COMMIT	1272	3605394	3298331	0	0	ABORT	66	158691	148562	100	0	0	2887	4879	22235	36675	0	1	1	2	0.04	
0.50	0.50	0.99	24	WOUND_WAIT	0	5891.21	COMMIT	844	3482884	3238363	0	0	ABORT	53	187634	176664	80	0	0	4130	7321	43811	57815	0	1	1	2	0.04	
0.50	0.50	0.99	28	WOUND_WAIT	0	4650.91	COMMIT	561	3473759	3273703	0	0	ABORT	30	160786	153296	45	0	0	6105	11892	47761	53342	0	1	1	1	0.04	
0.50	0.50	0.99	32	WOUND_WAIT	0	3499.26	COMMIT	358	3445964	3287544	0	0	ABORT	15	129755	124283	26	0	0	9288	35949	80973	87906	0	1	1	2	0.04	
0.50	0.50	0.99	36	WOUND_WAIT	0	2058.29	COMMIT	175	3140144	3012714	0	0	ABORT	7	115737	111572	12	0	0	16861	74396	99999	99999	0	1	1	1	0.04	
0.50	0.50	0.99	1	DLOCK	0	6580.53	COMMIT	26039	3966704	17650	0	0	ABORT	0	0	0	0	0	0	151	397	462	820	0	0	0	0	0.00	
0.50	0.50	0.99	4	DLOCK	0	12986.06	COMMIT	12209	3753788	1403401	0	0	ABORT	1570	200155	46	2424	0	0	306	681	948	3237	0	1	2	3	0.12	
0.50	0.50	0.99	8	DLOCK	0	14607.36	COMMIT	6544	3001456	1652498	0	0	ABORT	5626	915489	5069	14980	0	0	546	1047	1757	10446	0	4	5	6	0.41	
0.50	0.50	0.99	12	DLOCK	0	15550.33	COMMIT	4382	2583232	1690402	0	0	ABORT	7817	1280077	14063	51360	0	0	784	1398	3527	14634	0	6	7	8	0.56	
0.50	0.50	0.99	16	DLOCK	0	15973.70	COMMIT	3187	2385366	1748518	0	0	ABORT	8396	1423495	25903	139288	0	0	1053	1779	3485	18862	1	8	9	9	0.65	
0.50	0.50	0.99	20	DLOCK	0	15454.35	COMMIT	2377	2276017	1793829	0	0	ABORT	7780	1473402	32935	267161	0	0	1388	2337	7245	31754	1	9	10	11	0.70	
0.50	0.50	0.99	24	DLOCK	0	14946.33	COMMIT	1899	2186107	1774494	0	0	ABORT	7288	1502296	42112	441685	0	0	1791	3021	14590	34481	1	10	11	12	0.73	
0.50	0.50	0.99	28	DLOCK	0	13908.68	COMMIT	1494	2469183	2128837	0	0	ABORT	5124	1163794	42648	427392	0	0	2384	4873	36613	57407	0	11	13	14	0.72	
0.50	0.50	0.99	32	DLOCK	0	7091.52	COMMIT	660	3478739	3273347	0	0	ABORT	98	16197	3223	199	0	0	987	24213	52901	63207	0	1	3	5	0.12	
0.50	0.50	0.99	36	DLOCK	0	555.32	COMMIT	46	3508582	3398971	0	0	ABORT	0	0	0	0	0	0	1204	99999	99999	99999	0	0	2	2	0.01	
0.50	0.50	0.99	1	HLOCK	0	6508.86	COMMIT	25338	3965865	32361	0	0	ABORT	0	0	0	0	0	0	153	419	615	909	0	0	0	0	0.00	
0.50	0.50	0.99	4	HLOCK	0	21512.25	COMMIT	19769	3739901	447256	0	0	ABORT	2586	213338	1090	9423	0	0	169	553	799	2414	0	3	5	7	0.12	
0.50	0.50	0.99	8	HLOCK	0	30991.65	COMMIT	14193	3172894	679897	0	0	ABORT	7241	730702	95534	46638	0	0	238	753	1415	3700	0	5	8	10	0.32	
0.50	0.50	0.99	12	HLOCK	0	34190.57	COMMIT	10317	2518871	708645	0	0	ABORT	11613	1342098	311648	69943	0	0	333	965	1962	3980	1	6	9	11	0.51	
0.50	0.50	0.99	16	HLOCK	0	34248.98	COMMIT	7427	1917683	569244	0	0	ABORT	14971	1884521	527367	110227	0	0	448	1181	2604	4028	2	7	10	12	0.64	
0.50	0.50	0.99	20	HLOCK	0	33971.20	COMMIT	5754	1521520	472690	0	0	ABORT	16897	2247525	695980	149005	0	0	574	1434	2955	5522	2	8	10	13	0.72	
0.50	0.50	0.99	24	HLOCK	0	33796.57	COMMIT	4581	1167539	363476	0	0	ABORT	18390	2520889	801861	281254	0	0	697	1793	3592	5699	3	9	11	14	0.77	
0.50	0.50	0.99	28	HLOCK	0	32921.25	COMMIT	3737	941747	299540	0	0	ABORT	18950	2716470	836142	454534	0	0	840	2258	3731	6878	4	9	12	15	0.81	
0.50	0.50	0.99	32	HLOCK	0	32431.61	COMMIT	2986	750629	202709	0	0	ABORT	18155	2772072	767748	636515	0	0	972	2729	4854	9371	5	10	13	16	0.83	
0.50	0.50	0.99	36	HLOCK	0	31125.67	COMMIT	2456	607658	152252	0	0	ABORT	17127	2877431	743352	852316	0	0	1137	3236	5349	15550	6	11	14	17	0.85	
0.50	0.50	0.99	1	SILO	0	6814.18	COMMIT	26952	3964834	0	0	0	ABORT	0	0	0	0	0	0	147	382	449	1859	0	0	0	0	0.00	
0.50	0.50	0.99	4	SILO	0	19624.27	COMMIT	17572	2721367	0	0	0	ABORT	9350	1230831	0	66407	0	0	145	1006	1897	3536	0	5	8	12	0.33	
0.50	0.50	0.99	8	SILO	0	26799.08	COMMIT	11697	1843240	0	0	0	ABORT	13628	2067663	0	436531	0	0	160	2454	5981	9904	0	10	16	22	0.52	
0.50	0.50	0.99	12	SILO	0	30096.65	COMMIT	8777	1391586	0	0	0	ABORT	14321	2449913	0	784082	0	0	166	4356	9134	14943	0	13	22	33	0.60	
0.50	0.50	0.99	16	SILO	0	32143.96	COMMIT	6660	1057265	0	0	0	ABORT	13662	2738826	0	1138785	0	0	173	5947	11790	18217	1	16	28	40	0.66	
0.50	0.50	0.99	20	SILO	0	33351.21	COMMIT	5994	940003	0	0	0	ABORT	13761	2826963	0	1257499	0	0	178	7290	14740	22644	1	19	34	49	0.69	
0.50	0.50	0.99	24	SILO	0	34776.88	COMMIT	4855	772718	0	0	0	ABORT	13251	2913980	0	1419408	0	0	181	8635	16705	25881	1	22	37	54	0.72	
0.50	0.50	0.99	28	SILO	0	35433.66	COMMIT	4076	659400	0	0	0	ABORT	12574	3001076	0	1565149	0	0	187	10002	19286	28050	1	25	42	58	0.74	
0.50	0.50	0.99	32	SILO	0	35687.83	COMMIT	3652	598163	0	0	0	ABORT	12145	2978602	0	1600223	0	0	188	11326	21262	30508	1	27	46	62	0.76	
0.50	0.50	0.99	36	SILO	0	35320.92	COMMIT	2986	503024	0	0	0	ABORT	11222	3003480	0	1668239	0	0	200	12539	24590	36205	1	30	52	73	0.78	
