w/o log
	T	CC	TP	P50	P90	P99	P999	Abt
TPCC	MOCC	1	53578.20	COMMIT	209886	3984217	0	0	0	0	ABORT	0	0	0	0	0	0	0	8	147	165	180	0	0	0	0	0.00	
TPCC	MOCC	4	94311.06	COMMIT	96063	2093249	0	0	0	0	ABORT	47341	1897025	0	0	400987	0	0	13	428	1036	2453	0	6	9	12	0.34	
TPCC	MOCC	8	111385.75	COMMIT	56080	1202636	0	0	0	0	ABORT	50683	2771483	0	0	1211612	0	0	15	948	3059	5328	0	9	14	19	0.48	
TPCC	MOCC	12	119790.24	COMMIT	40806	871890	0	0	0	0	ABORT	47501	3116896	0	0	1711861	0	0	16	1641	4617	7955	0	10	17	24	0.54	
TPCC	MOCC	16	121175.51	COMMIT	30584	691055	0	0	0	0	ABORT	42398	3299872	0	0	2067536	0	0	18	2391	6014	9795	0	12	20	28	0.58	
TPCC	MOCC	20	116055.79	COMMIT	22641	541111	0	0	0	0	ABORT	35798	3452313	0	0	2270093	0	0	18	3196	7596	13036	0	14	24	35	0.61	
TPCC	MOCC	24	115374.89	COMMIT	19675	486325	0	0	0	0	ABORT	34271	3507251	0	0	2318403	0	0	19	3849	9111	16144	0	15	26	39	0.64	
TPCC	MOCC	28	113059.42	COMMIT	15129	396673	0	0	0	0	ABORT	29360	3595871	0	0	2471487	0	0	20	4591	10612	19599	0	17	29	43	0.66	
TPCC	MOCC	32	113961.60	COMMIT	13854	351368	0	0	0	0	ABORT	29043	3642002	0	0	2545840	0	0	22	5085	11973	23499	0	18	31	49	0.67	
TPCC	MOCC	36	111612.76	COMMIT	12793	329918	0	0	0	0	ABORT	26947	3663259	0	0	2457099	0	0	24	5722	13956	29762	0	19	34	54	0.68	
