Rd	Wt	Zip	T	CC	TP	P50	P90	P99	P999	Abt
0.10	0.90	0.50	1	WAIT_DIE	176005.65	5	6	6	8	9	|	0	0	0	0	0	|	0
0.10	0.90	0.50	4	WAIT_DIE	663435.82	6	6	6	7	11	|	0	0	0	0	0	|	77
0.10	0.90	0.50	8	WAIT_DIE	1288364.63	6	6	7	7	11	|	0	0	0	0	0	|	381
0.10	0.90	0.50	12	WAIT_DIE	1923465.45	6	6	7	7	13	|	0	0	0	0	0	|	941
0.10	0.90	0.50	16	WAIT_DIE	2499084.47	6	7	7	7	20	|	0	0	0	0	1	|	1592
0.10	0.90	0.50	20	WAIT_DIE	2942544.33	6	7	8	8	78	|	0	0	0	0	1	|	2654
0.10	0.90	0.50	24	WAIT_DIE	3108414.99	7	8	9	10	123	|	0	0	0	0	1	|	3944
0.10	0.90	0.50	28	WAIT_DIE	3547434.94	7	9	9	10	144	|	0	0	0	0	1	|	5154
0.10	0.90	0.50	32	WAIT_DIE	3753243.54	8	9	10	11	169	|	0	0	0	0	1	|	7018
0.10	0.90	0.50	36	WAIT_DIE	4019237.15	8	10	10	11	193	|	0	0	0	0	1	|	9600
0.10	0.90	0.50	1	SILO	182497.50	5	6	6	7	9	|	0	0	0	0	0	|	0
0.10	0.90	0.50	4	SILO	920206.12	4	5	5	5	8	|	0	0	0	0	0	|	97
0.10	0.90	0.50	8	SILO	1668199.62	4	5	5	5	10	|	0	0	0	0	0	|	503
0.10	0.90	0.50	12	SILO	2531065.44	4	5	5	6	15	|	0	0	0	0	0	|	1092
0.10	0.90	0.50	16	SILO	3259522.10	4	5	5	6	89	|	0	0	0	0	1	|	2072
0.10	0.90	0.50	20	SILO	3471282.87	5	6	6	7	127	|	0	0	0	0	1	|	3154
0.10	0.90	0.50	24	SILO	3832914.46	6	7	7	8	162	|	0	0	0	0	1	|	4366
0.10	0.90	0.50	28	SILO	4198573.20	6	7	8	9	183	|	0	0	0	0	1	|	5741
0.10	0.90	0.50	32	SILO	4540614.98	6	8	8	9	201	|	0	0	0	0	1	|	7948
0.10	0.90	0.50	36	SILO	4985898.83	7	8	8	9	214	|	0	0	0	0	1	|	10494
0.50	0.50	0.50	1	WAIT_DIE	175991.89	5	6	6	8	9	|	0	0	0	0	0	|	0
0.50	0.50	0.50	4	WAIT_DIE	687199.92	5	6	6	7	10	|	0	0	0	0	0	|	52
0.50	0.50	0.50	8	WAIT_DIE	1340015.30	5	6	6	7	9	|	0	0	0	0	0	|	306
0.50	0.50	0.50	12	WAIT_DIE	2015808.07	5	6	6	7	10	|	0	0	0	0	0	|	676
0.50	0.50	0.50	16	WAIT_DIE	2875851.89	5	6	6	6	11	|	0	0	0	0	0	|	1165
0.50	0.50	0.50	20	WAIT_DIE	3030445.94	6	7	7	8	21	|	0	0	0	0	0	|	1939
0.50	0.50	0.50	24	WAIT_DIE	3390404.54	7	8	8	9	60	|	0	0	0	0	1	|	2796
0.50	0.50	0.50	28	WAIT_DIE	3756720.65	7	8	9	9	98	|	0	0	0	0	1	|	3980
0.50	0.50	0.50	32	WAIT_DIE	4085730.69	7	9	9	10	125	|	0	0	0	0	1	|	5145
0.50	0.50	0.50	36	WAIT_DIE	4473767.27	8	9	9	10	146	|	0	0	0	0	1	|	6754
0.50	0.50	0.50	1	SILO	200672.66	4	5	5	7	8	|	0	0	0	0	0	|	0
0.50	0.50	0.50	4	SILO	753985.93	5	5	6	6	10	|	0	0	0	0	0	|	40
0.50	0.50	0.50	8	SILO	1662060.82	4	5	5	5	9	|	0	0	0	0	0	|	276
0.50	0.50	0.50	12	SILO	2521738.27	4	5	5	5	10	|	0	0	0	0	0	|	650
0.50	0.50	0.50	16	SILO	3278042.96	4	5	5	6	12	|	0	0	0	0	0	|	1106
0.50	0.50	0.50	20	SILO	3381162.90	5	6	7	7	21	|	0	0	0	0	0	|	1842
0.50	0.50	0.50	24	SILO	3887244.40	6	7	7	8	49	|	0	0	0	0	1	|	2588
0.50	0.50	0.50	28	SILO	4167390.41	6	7	8	8	77	|	0	0	0	0	1	|	3372
0.50	0.50	0.50	32	SILO	4559973.89	6	8	8	9	119	|	0	0	0	0	1	|	4663
0.50	0.50	0.50	36	SILO	5031991.48	7	8	8	9	133	|	0	0	0	0	1	|	5550
0.90	0.10	0.50	1	WAIT_DIE	210996.50	4	5	5	7	8	|	0	0	0	0	0	|	0
0.90	0.10	0.50	4	WAIT_DIE	729937.12	5	6	6	6	9	|	0	0	0	0	0	|	11
0.90	0.10	0.50	8	WAIT_DIE	1596530.17	4	5	5	6	8	|	0	0	0	0	0	|	64
0.90	0.10	0.50	12	WAIT_DIE	2112533.45	5	6	6	7	9	|	0	0	0	0	0	|	175
0.90	0.10	0.50	16	WAIT_DIE	3044496.31	5	5	5	6	9	|	0	0	0	0	0	|	344
0.90	0.10	0.50	20	WAIT_DIE	3300463.06	6	6	7	7	11	|	0	0	0	0	0	|	540
0.90	0.10	0.50	24	WAIT_DIE	3807613.46	6	7	7	8	11	|	0	0	0	0	0	|	765
0.90	0.10	0.50	28	WAIT_DIE	4149179.82	6	7	8	8	12	|	0	0	0	0	0	|	871
0.90	0.10	0.50	32	WAIT_DIE	4558777.59	6	8	8	8	13	|	0	0	0	0	0	|	1227
0.90	0.10	0.50	36	WAIT_DIE	4974942.30	7	8	8	9	13	|	0	0	0	0	0	|	1513
0.90	0.10	0.50	1	SILO	195259.46	5	5	5	7	8	|	0	0	0	0	0	|	0
0.90	0.10	0.50	4	SILO	807412.98	4	5	5	6	9	|	0	0	0	0	0	|	13
0.90	0.10	0.50	8	SILO	1604770.50	4	5	5	6	9	|	0	0	0	0	0	|	64
0.90	0.10	0.50	12	SILO	2416801.83	4	5	5	6	9	|	0	0	0	0	0	|	110
0.90	0.10	0.50	16	SILO	3523696.50	4	5	5	5	9	|	0	0	0	0	0	|	221
0.90	0.10	0.50	20	SILO	3646897.68	5	6	6	7	10	|	0	0	0	0	0	|	348
0.90	0.10	0.50	24	SILO	4040723.33	5	7	7	8	11	|	0	0	0	0	0	|	494
0.90	0.10	0.50	28	SILO	4489561.52	6	7	7	8	11	|	0	0	0	0	0	|	717
0.90	0.10	0.50	32	SILO	5013036.54	6	7	7	8	12	|	0	0	0	0	0	|	884
0.90	0.10	0.50	36	SILO	5427611.57	6	7	8	8	14	|	0	0	0	0	0	|	1115
0.10	0.90	0.80	1	WAIT_DIE	210442.93	4	5	6	7	8	|	0	0	0	0	0	|	0
0.10	0.90	0.80	4	WAIT_DIE	835350.51	4	5	6	184	302	|	0	0	0	1	5	|	14329
0.10	0.90	0.80	8	WAIT_DIE	1577288.33	4	6	27	270	1553	|	0	0	1	3	23	|	126725
0.10	0.90	0.80	12	WAIT_DIE	2171372.50	4	7	145	289	9919	|	0	0	1	10	41	|	444247
0.10	0.90	0.80	16	WAIT_DIE	2731537.72	4	62	197	312	7202	|	0	1	2	15	52	|	881560
0.10	0.90	0.80	20	WAIT_DIE	2289507.95	5	158	256	398	9520	|	0	1	3	19	63	|	1584055
0.10	0.90	0.80	24	WAIT_DIE	2019710.10	6	229	324	533	4037	|	0	2	6	23	72	|	2648544
0.10	0.90	0.80	28	WAIT_DIE	1677511.27	6	273	415	730	1234	|	0	3	10	28	101	|	4361240
0.10	0.90	0.80	32	WAIT_DIE	1463738.84	6	321	558	999	7502	|	0	5	12	34	155	|	6781988
0.10	0.90	0.80	36	WAIT_DIE	1207866.78	6	410	727	1292	2332	|	0	7	15	41	258	|	10528322
0.10	0.90	0.80	1	SILO	251868.72	3	4	5	6	7	|	0	0	0	0	0	|	0
0.10	0.90	0.80	4	SILO	1051586.32	3	4	5	205	303	|	0	0	0	1	2	|	12736
0.10	0.90	0.80	8	SILO	1886755.37	4	5	51	265	5508	|	0	0	1	2	5	|	72734
0.10	0.90	0.80	12	SILO	2742302.02	4	5	135	278	8811	|	0	0	1	4	11	|	202501
0.10	0.90	0.80	16	SILO	3818012.39	3	32	170	280	7759	|	0	1	2	7	18	|	450265
0.10	0.90	0.80	20	SILO	3572861.27	4	84	187	293	10245	|	0	1	2	9	21	|	698740
0.10	0.90	0.80	24	SILO	3723688.86	4	112	196	309	8417	|	0	1	2	10	21	|	989523
0.10	0.90	0.80	28	SILO	3720633.56	5	126	208	335	8417	|	0	1	3	11	23	|	1401495
0.10	0.90	0.80	32	SILO	3738489.37	5	140	232	379	11365	|	0	1	3	12	24	|	1773626
0.10	0.90	0.80	36	SILO	3580822.38	5	159	262	433	10406	|	0	1	4	13	26	|	2239299
0.50	0.50	0.80	1	WAIT_DIE	248029.91	3	4	5	6	7	|	0	0	0	0	0	|	0
0.50	0.50	0.80	4	WAIT_DIE	884725.32	4	5	5	138	300	|	0	0	0	1	3	|	9710
0.50	0.50	0.80	8	WAIT_DIE	1664372.22	4	5	7	253	330	|	0	0	0	2	15	|	77730
0.50	0.50	0.80	12	WAIT_DIE	2380444.38	4	6	82	277	2674	|	0	0	1	4	30	|	256542
0.50	0.50	0.80	16	WAIT_DIE	2913913.70	4	7	153	287	5675	|	0	0	1	8	43	|	539191
0.50	0.50	0.80	20	WAIT_DIE	2741847.13	5	70	206	326	8830	|	0	1	1	12	54	|	945313
0.50	0.50	0.80	24	WAIT_DIE	2735183.63	5	145	247	375	547	|	0	1	2	14	67	|	1505482
0.50	0.50	0.80	28	WAIT_DIE	2521025.67	6	194	289	459	4533	|	0	1	2	19	93	|	2487442
0.50	0.50	0.80	32	WAIT_DIE	2323537.06	6	225	325	588	1072	|	0	1	4	25	140	|	4127920
0.50	0.50	0.80	36	WAIT_DIE	1896682.67	6	261	397	838	1843	|	0	2	7	36	237	|	7369194
0.50	0.50	0.80	1	SILO	252401.11	3	4	5	6	7	|	0	0	0	0	0	|	0
0.50	0.50	0.80	4	SILO	969316.03	4	5	5	117	296	|	0	0	0	1	2	|	6545
0.50	0.50	0.80	8	SILO	1974110.56	3	5	5	231	306	|	0	0	0	1	3	|	34765
0.50	0.50	0.80	12	SILO	2827365.04	4	5	21	258	2626	|	0	0	1	2	4	|	92578
0.50	0.50	0.80	16	SILO	3785692.84	4	5	92	272	5860	|	0	0	1	3	7	|	182591
0.50	0.50	0.80	20	SILO	4054077.34	4	6	135	277	6090	|	0	0	1	4	10	|	326620
0.50	0.50	0.80	24	SILO	4364742.24	5	8	161	281	6741	|	0	0	1	5	12	|	479076
0.50	0.50	0.80	28	SILO	4615061.69	5	48	178	286	7084	|	0	1	1	6	13	|	679696
0.50	0.50	0.80	32	SILO	4898287.03	5	77	190	294	8603	|	0	1	2	7	15	|	946664
0.50	0.50	0.80	36	SILO	4912684.93	5	99	196	306	7133	|	0	1	2	7	16	|	1166033
0.90	0.10	0.80	1	WAIT_DIE	263803.16	3	4	4	5	7	|	0	0	0	0	0	|	0
0.90	0.10	0.80	4	WAIT_DIE	1001040.21	3	4	4	6	246	|	0	0	0	0	1	|	2399
0.90	0.10	0.80	8	WAIT_DIE	1812613.08	4	5	5	10	299	|	0	0	0	0	2	|	13105
0.90	0.10	0.80	12	WAIT_DIE	2629631.46	4	5	5	136	303	|	0	0	0	1	6	|	38242
0.90	0.10	0.80	16	WAIT_DIE	3487232.16	4	5	5	205	305	|	0	0	0	1	9	|	78234
0.90	0.10	0.80	20	WAIT_DIE	3763782.05	4	6	7	255	322	|	0	0	0	1	12	|	143072
0.90	0.10	0.80	24	WAIT_DIE	3999530.39	5	6	10	267	335	|	0	0	0	1	16	|	217125
0.90	0.10	0.80	28	WAIT_DIE	4373817.90	5	7	13	272	354	|	0	0	0	2	19	|	326837
0.90	0.10	0.80	32	WAIT_DIE	4486668.05	5	8	32	280	380	|	0	0	0	2	26	|	492722
0.90	0.10	0.80	36	WAIT_DIE	4412599.77	6	9	101	291	417	|	0	0	1	2	33	|	723509
0.90	0.10	0.80	1	SILO	255882.91	3	4	5	5	7	|	0	0	0	0	0	|	0
0.90	0.10	0.80	4	SILO	1085067.74	3	4	4	5	219	|	0	0	0	0	1	|	1203
0.90	0.10	0.80	8	SILO	2172224.86	3	4	4	6	273	|	0	0	0	0	1	|	5960
0.90	0.10	0.80	12	SILO	3573323.89	3	4	4	49	290	|	0	0	0	1	1	|	13954
0.90	0.10	0.80	16	SILO	4295472.07	3	4	5	120	297	|	0	0	0	1	2	|	25526
0.90	0.10	0.80	20	SILO	4737831.57	4	5	5	159	300	|	0	0	0	1	2	|	42008
0.90	0.10	0.80	24	SILO	5448621.89	4	5	6	187	301	|	0	0	0	1	2	|	59769
0.90	0.10	0.80	28	SILO	6178236.33	4	5	6	205	303	|	0	0	0	1	2	|	82668
0.90	0.10	0.80	32	SILO	6500289.82	4	6	7	219	304	|	0	0	0	1	2	|	112593
0.90	0.10	0.80	36	SILO	7362281.92	4	6	7	232	307	|	0	0	0	1	3	|	144063
0.10	0.90	0.90	1	WAIT_DIE	259214.62	3	4	5	6	7	|	0	0	0	0	0	|	0
0.10	0.90	0.90	4	WAIT_DIE	882902.73	4	25	174	281	8988	|	0	1	1	5	19	|	93758
0.10	0.90	0.90	8	WAIT_DIE	1464877.43	4	188	245	357	11595	|	0	2	4	17	48	|	687262
0.10	0.90	0.90	12	WAIT_DIE	1522062.58	5	297	374	527	4714	|	0	4	9	26	79	|	1998254
0.10	0.90	0.90	16	WAIT_DIE	1329020.21	5	453	588	806	1100	|	0	9	14	35	107	|	4423687
0.10	0.90	0.90	20	WAIT_DIE	753916.44	20	838	1085	1511	3948	|	1	12	19	45	192	|	8637778
0.10	0.90	0.90	24	WAIT_DIE	557869.62	111	1262	1620	2217	2989	|	1	16	25	62	358	|	15101763
0.10	0.90	0.90	28	WAIT_DIE	448265.23	158	1755	2249	3093	4157	|	1	22	33	90	579	|	25846012
0.10	0.90	0.90	32	WAIT_DIE	363470.58	201	2371	3031	4154	5493	|	1	28	42	132	880	|	41069489
0.10	0.90	0.90	36	WAIT_DIE	281424.12	249	3193	4076	5612	7452	|	2	36	55	198	1319	|	63969515
0.10	0.90	0.90	1	SILO	291163.98	3	4	4	5	7	|	0	0	0	0	0	|	0
0.10	0.90	0.90	4	SILO	1073887.11	3	47	178	282	7300	|	0	1	1	3	5	|	64320
0.10	0.90	0.90	8	SILO	1908961.25	3	164	227	296	9491	|	0	2	3	7	13	|	380795
0.10	0.90	0.90	12	SILO	2632295.78	3	182	231	2624	14802	|	0	3	6	13	25	|	977824
0.10	0.90	0.90	16	SILO	3008700.08	3	189	247	5175	16829	|	0	4	8	18	37	|	1909580
0.10	0.90	0.90	20	SILO	2106340.58	4	280	398	7491	24998	|	0	4	8	20	45	|	2481600
0.10	0.90	0.90	24	SILO	1841985.64	5	320	453	8452	33741	|	0	5	9	23	57	|	3300581
0.10	0.90	0.90	28	SILO	1587533.79	5	363	549	8208	37621	|	0	5	10	27	74	|	4357682
0.10	0.90	0.90	32	SILO	1456446.30	5	396	617	1930	29859	|	0	6	11	33	95	|	6134421
0.10	0.90	0.90	36	SILO	1212504.65	6	463	809	10986	50255	|	0	6	12	36	108	|	4310669
0.50	0.50	0.90	1	WAIT_DIE	265772.71	3	4	5	6	7	|	0	0	0	0	0	|	0
0.50	0.50	0.90	4	WAIT_DIE	1004212.57	3	5	125	274	7727	|	0	0	1	3	14	|	58883
0.50	0.50	0.90	8	WAIT_DIE	1665170.44	3	150	220	301	5026	|	0	1	2	11	37	|	423466
0.50	0.50	0.90	12	WAIT_DIE	1801077.93	4	214	272	382	2651	|	0	2	5	20	65	|	1231265
0.50	0.50	0.90	16	WAIT_DIE	1877303.94	4	304	390	567	1025	|	0	3	7	24	84	|	2421996
0.50	0.50	0.90	20	WAIT_DIE	1092598.16	6	468	660	1054	1615	|	0	7	12	37	174	|	5589304
0.50	0.50	0.90	24	WAIT_DIE	767474.57	7	699	1012	1704	2746	|	0	11	19	68	372	|	12011414
0.50	0.50	0.90	28	WAIT_DIE	432226.68	13	1002	1480	2607	4341	|	0	16	30	115	624	|	27503385
0.50	0.50	0.90	32	WAIT_DIE	321865.81	33	1404	2148	4282	13060	|	0	24	46	198	1228	|	50208738
0.50	0.50	0.90	36	WAIT_DIE	138803.21	82	2003	3215	7746	50158	|	1	36	74	371	2769	|	137782000
0.50	0.50	0.90	1	SILO	279536.40	3	4	4	5	7	|	0	0	0	0	0	|	0
0.50	0.50	0.90	4	SILO	1117874.26	3	4	90	269	7312	|	0	0	1	2	3	|	32741
0.50	0.50	0.90	8	SILO	2104652.20	3	95	201	283	8809	|	0	1	2	3	6	|	176861
0.50	0.50	0.90	12	SILO	2995418.78	3	151	225	291	8757	|	0	1	3	6	10	|	440145
0.50	0.50	0.90	16	SILO	3730881.55	3	174	229	306	10101	|	0	2	4	8	17	|	900806
0.50	0.50	0.90	20	SILO	3188042.54	4	181	237	358	11127	|	0	2	5	11	22	|	1486038
0.50	0.50	0.90	24	SILO	2991554.64	4	215	288	474	13719	|	0	3	5	12	26	|	2104030
0.50	0.50	0.90	28	SILO	2940015.69	5	251	343	618	17895	|	0	3	6	15	33	|	3053362
0.50	0.50	0.90	32	SILO	2818706.18	5	270	364	628	14860	|	0	4	7	16	38	|	3969230
0.50	0.50	0.90	36	SILO	2242810.64	6	316	445	1020	22946	|	0	4	8	20	52	|	4423912
0.90	0.10	0.90	1	WAIT_DIE	309394.91	3	4	4	5	6	|	0	0	0	0	0	|	0
0.90	0.10	0.90	4	WAIT_DIE	1045732.78	3	4	5	169	302	|	0	0	0	1	4	|	12033
0.90	0.10	0.90	8	WAIT_DIE	1950542.73	3	5	8	273	314	|	0	0	0	2	13	|	79045
0.90	0.10	0.90	12	WAIT_DIE	2606410.88	4	5	124	280	344	|	0	0	1	4	25	|	232783
0.90	0.10	0.90	16	WAIT_DIE	3172845.13	3	10	198	287	367	|	0	0	1	6	36	|	450858
0.90	0.10	0.90	20	WAIT_DIE	2587569.55	4	141	232	335	456	|	0	1	1	8	59	|	875637
0.90	0.10	0.90	24	WAIT_DIE	2112113.99	5	183	265	438	940	|	0	1	1	14	121	|	1968740
0.90	0.10	0.90	28	WAIT_DIE	1565781.18	5	209	303	679	2109	|	0	1	2	29	268	|	5027408
0.90	0.10	0.90	32	WAIT_DIE	666090.27	5	237	367	1086	5167	|	0	1	5	56	517	|	17705314
0.90	0.10	0.90	36	WAIT_DIE	382287.75	6	272	498	2093	20931	|	0	2	9	113	1233	|	36617513
0.90	0.10	0.90	1	SILO	317911.81	3	3	4	5	6	|	0	0	0	0	0	|	0
0.90	0.10	0.90	4	SILO	1317767.66	2	3	4	101	294	|	0	0	0	1	1	|	5770
0.90	0.10	0.90	8	SILO	2627615.72	2	4	4	222	311	|	0	0	0	1	2	|	27279
0.90	0.10	0.90	12	SILO	4160501.85	2	3	7	255	6582	|	0	0	0	1	3	|	65960
0.90	0.10	0.90	16	SILO	5090354.03	3	4	82	268	6464	|	0	0	1	2	3	|	124005
0.90	0.10	0.90	20	SILO	5526130.14	3	5	128	276	5602	|	0	0	1	2	4	|	210798
0.90	0.10	0.90	24	SILO	6087174.85	3	6	158	279	6050	|	0	0	1	2	5	|	321669
0.90	0.10	0.90	28	SILO	6762172.83	3	48	179	281	9783	|	0	1	1	3	6	|	441386
0.90	0.10	0.90	32	SILO	7238564.14	4	76	191	281	7727	|	0	1	1	3	7	|	594605
0.90	0.10	0.90	36	SILO	7467245.98	4	103	201	284	7449	|	0	1	2	4	8	|	766233
