Rd	Wt	Zip	T	CC	TP	P50	P90	P99	P999	Abt
0.50	0.50	0.99	1	NO_WAIT	0	159139.61	3	18	24	50	85	0	0	0	0	0	0.00	0.00	
0.50	0.50	0.99	4	NO_WAIT	0	244843.39	3	26	41	122	1167	0	0	3	6	9	0.23	0.10	
0.50	0.50	0.99	8	NO_WAIT	0	308304.24	3	29	50	242	2623	0	2	4	7	12	0.34	0.15	
0.50	0.50	0.99	12	NO_WAIT	0	374721.14	3	34	64	533	3572	0	3	5	8	15	0.41	0.19	
0.50	0.50	0.99	16	NO_WAIT	0	416245.89	3	34	68	871	4278	0	3	5	9	18	0.44	0.21	
0.50	0.50	0.99	20	NO_WAIT	0	284935.57	4	71	162	1930	6510	0	4	6	12	23	0.51	0.22	
0.50	0.50	0.99	24	NO_WAIT	0	291114.05	4	69	189	2353	7593	0	4	7	13	26	0.52	0.22	
0.50	0.50	0.99	28	NO_WAIT	0	247670.47	4	99	303	3104	9340	0	5	7	15	30	0.56	0.23	
0.50	0.50	0.99	32	NO_WAIT	0	250913.33	4	108	385	3567	10513	0	5	8	16	33	0.58	0.24	
0.50	0.50	0.99	36	NO_WAIT	0	229898.04	4	131	567	4317	12762	0	6	8	18	39	0.60	0.25	
0.50	0.50	0.99	40	NO_WAIT	0	201084.68	4	174	888	5279	14923	0	6	9	20	45	0.63	0.26	
0.50	0.50	0.99	44	NO_WAIT	0	179557.05	5	231	1183	6262	17519	0	7	10	23	51	0.65	0.26	
0.50	0.50	0.99	48	NO_WAIT	0	169920.06	5	280	1461	7213	19960	0	7	11	25	58	0.67	0.27	
0.50	0.50	0.99	52	NO_WAIT	0	141355.56	5	436	2002	8729	23852	0	8	12	29	68	0.70	0.28	
0.50	0.50	0.99	56	NO_WAIT	0	139723.86	5	493	2234	9606	26431	0	8	13	31	74	0.71	0.28	
0.50	0.50	0.99	60	NO_WAIT	0	137213.54	5	565	2514	10671	30467	0	8	13	34	85	0.73	0.28	
0.50	0.50	0.99	64	NO_WAIT	0	120224.20	5	756	2941	12102	34394	0	9	14	37	95	0.75	0.29	
0.50	0.50	0.99	1	WAIT_DIE	0	160378.16	3	16	22	41	74	0	0	0	0	0	0.00	0.00	
0.50	0.50	0.99	4	WAIT_DIE	0	334846.21	3	23	36	86	389	0	1	3	5	6	0.21	0.10	
0.50	0.50	0.99	8	WAIT_DIE	0	434663.94	3	38	66	187	857	0	3	4	6	7	0.37	0.19	
0.50	0.50	0.99	12	WAIT_DIE	0	511477.18	3	52	95	256	1148	0	4	5	7	8	0.46	0.25	
0.50	0.50	0.99	16	WAIT_DIE	0	528533.10	4	74	135	317	1113	0	5	6	7	8	0.54	0.30	
0.50	0.50	0.99	20	WAIT_DIE	0	407596.51	4	143	274	661	1307	0	6	7	8	10	0.61	0.33	
0.50	0.50	0.99	24	WAIT_DIE	0	346857.34	5	205	415	1076	1866	0	7	8	9	11	0.63	0.34	
0.50	0.50	0.99	28	WAIT_DIE	0	301951.05	5	284	600	1411	2487	0	7	8	10	12	0.66	0.35	
0.50	0.50	0.99	32	WAIT_DIE	0	254952.64	5	397	883	1858	3107	0	8	9	11	13	0.68	0.35	
0.50	0.50	0.99	36	WAIT_DIE	0	219917.03	5	558	1188	2337	4017	0	8	10	12	15	0.70	0.36	
0.50	0.50	0.99	40	WAIT_DIE	0	166624.68	6	934	1707	3199	5104	0	9	11	14	17	0.72	0.37	
0.50	0.50	0.99	44	WAIT_DIE	0	154235.84	6	1126	1999	3715	6261	0	9	11	15	19	0.74	0.38	
0.50	0.50	0.99	48	WAIT_DIE	0	166374.57	6	1150	2064	4006	6955	0	10	11	15	20	0.74	0.38	
0.50	0.50	0.99	52	WAIT_DIE	0	116630.70	10	1790	3047	5801	9747	0	11	13	19	25	0.77	0.39	
0.50	0.50	0.99	56	WAIT_DIE	0	124864.10	9	1822	3109	5994	9922	0	11	14	19	26	0.77	0.39	
0.50	0.50	0.99	60	WAIT_DIE	0	89780.75	33	2628	4363	8219	13232	0	13	16	23	31	0.80	0.41	
0.50	0.50	0.99	64	WAIT_DIE	0	100649.92	14	2486	4170	8012	12296	0	13	16	23	31	0.80	0.41	
