Rd	Wt	Zip	T	CC	TP	P50	P90	P99	P999	Abt
0.00	1.00	0.75	1	WOUND_WAIT	0	204576.63	4	5	6	6	7	|	0	0	0	0	0	|	0
0.00	1.00	0.75	4	WOUND_WAIT	0	810264.48	4	5	6	6	10	|	0	0	0	0	0	|	17
0.00	1.00	0.75	8	WOUND_WAIT	0	1747196.74	4	5	5	6	10	|	0	0	0	0	0	|	223
0.00	1.00	0.75	12	WOUND_WAIT	0	2384330.80	4	6	6	8	13	|	0	0	0	0	0	|	759
0.00	1.00	0.75	16	WOUND_WAIT	0	3071393.65	5	6	6	9	28	|	0	0	0	0	1	|	1877
0.00	1.00	0.75	20	WOUND_WAIT	0	3466278.23	5	7	8	12	58	|	0	0	0	0	1	|	3490
0.00	1.00	0.75	24	WOUND_WAIT	0	3407942.55	6	8	10	18	76	|	0	0	0	0	1	|	5852
0.00	1.00	0.75	28	WOUND_WAIT	0	3744212.60	6	9	12	24	84	|	0	0	0	0	1	|	8279
0.00	1.00	0.75	32	WOUND_WAIT	0	3995579.23	6	9	15	33	92	|	0	0	0	0	1	|	11658
0.00	1.00	0.75	36	WOUND_WAIT	0	3938325.62	7	11	22	46	101	|	0	0	0	0	1	|	15045
0.00	1.00	0.75	40	WOUND_WAIT	0	3798108.26	7	14	33	61	110	|	0	0	0	0	1	|	18582
0.00	1.00	0.75	44	WOUND_WAIT	0	3734391.47	7	18	45	74	120	|	0	0	0	0	1	|	23008
0.00	1.00	0.75	48	WOUND_WAIT	0	3705922.07	7	24	56	88	137	|	0	0	0	0	1	|	28290
0.00	1.00	0.75	52	WOUND_WAIT	0	3607906.65	7	33	68	102	154	|	0	0	0	0	1	|	34819
0.00	1.00	0.75	56	WOUND_WAIT	0	3574041.59	7	41	79	116	172	|	0	0	0	0	1	|	41299
0.00	1.00	0.75	60	WOUND_WAIT	0	3502514.74	7	50	90	130	192	|	0	0	0	0	1	|	48943
0.00	1.00	0.75	64	WOUND_WAIT	0	3410240.04	8	58	101	143	213	|	0	0	0	0	1	|	57544
0.50	0.50	0.75	1	WOUND_WAIT	0	244435.20	4	4	5	5	6	|	0	0	0	0	0	|	0
0.50	0.50	0.75	4	WOUND_WAIT	0	889366.14	4	5	5	6	9	|	0	0	0	0	0	|	10
0.50	0.50	0.75	8	WOUND_WAIT	0	1724160.13	4	5	5	6	10	|	0	0	0	0	0	|	122
0.50	0.50	0.75	12	WOUND_WAIT	0	2567900.38	4	5	5	7	10	|	0	0	0	0	0	|	478
0.50	0.50	0.75	16	WOUND_WAIT	0	3279993.25	4	5	6	8	13	|	0	0	0	0	0	|	1083
0.50	0.50	0.75	20	WOUND_WAIT	0	3646372.70	5	6	7	10	28	|	0	0	0	0	1	|	2277
0.50	0.50	0.75	24	WOUND_WAIT	0	3987404.93	5	7	8	12	53	|	0	0	0	0	1	|	3820
0.50	0.50	0.75	28	WOUND_WAIT	0	4296180.05	6	7	9	16	69	|	0	0	0	0	1	|	5957
0.50	0.50	0.75	32	WOUND_WAIT	0	4441005.61	6	8	11	21	80	|	0	0	0	0	1	|	8470
0.50	0.50	0.75	36	WOUND_WAIT	0	4756551.70	6	9	13	29	86	|	0	0	0	0	1	|	10828
0.50	0.50	0.75	40	WOUND_WAIT	0	4682715.20	7	10	18	40	93	|	0	0	0	0	1	|	13309
0.50	0.50	0.75	44	WOUND_WAIT	0	4713369.47	7	12	25	50	101	|	0	0	0	0	1	|	17130
0.50	0.50	0.75	48	WOUND_WAIT	0	4670737.77	7	14	34	62	110	|	0	0	0	0	1	|	20649
0.50	0.50	0.75	52	WOUND_WAIT	0	4491785.67	7	18	45	74	120	|	0	0	0	0	1	|	23962
0.50	0.50	0.75	56	WOUND_WAIT	0	4459688.97	7	24	55	87	133	|	0	0	0	0	1	|	29537
0.50	0.50	0.75	60	WOUND_WAIT	0	4286222.14	7	31	65	99	149	|	0	0	0	0	1	|	33966
0.50	0.50	0.75	64	WOUND_WAIT	0	4312791.32	7	38	74	109	161	|	0	0	0	0	1	|	40123
1.00	0.00	0.75	1	WOUND_WAIT	0	267463.78	3	4	4	5	6	|	0	0	0	0	0	|	0
1.00	0.00	0.75	4	WOUND_WAIT	0	996817.63	3	4	5	5	7	|	0	0	0	0	0	|	0
1.00	0.00	0.75	8	WOUND_WAIT	0	1901722.39	4	5	5	5	7	|	0	0	0	0	0	|	0
1.00	0.00	0.75	12	WOUND_WAIT	0	3131015.31	3	4	4	5	8	|	0	0	0	0	0	|	0
1.00	0.00	0.75	16	WOUND_WAIT	0	3732834.51	4	5	5	5	9	|	0	0	0	0	0	|	0
1.00	0.00	0.75	20	WOUND_WAIT	0	4194921.86	4	5	5	6	10	|	0	0	0	0	0	|	0
1.00	0.00	0.75	24	WOUND_WAIT	0	4768704.71	4	5	6	6	10	|	0	0	0	0	0	|	0
1.00	0.00	0.75	28	WOUND_WAIT	0	5153726.30	5	6	6	7	10	|	0	0	0	0	0	|	0
1.00	0.00	0.75	32	WOUND_WAIT	0	5564627.51	5	6	7	8	11	|	0	0	0	0	0	|	0
1.00	0.00	0.75	36	WOUND_WAIT	0	6009636.46	5	7	7	8	16	|	0	0	0	0	0	|	0
1.00	0.00	0.75	40	WOUND_WAIT	0	6076790.80	6	7	8	10	29	|	0	0	0	0	0	|	0
1.00	0.00	0.75	44	WOUND_WAIT	0	4677446.96	6	9	19	91	223	|	0	0	0	0	0	|	0
1.00	0.00	0.75	48	WOUND_WAIT	0	4625081.68	6	10	25	113	258	|	0	0	0	0	0	|	0
1.00	0.00	0.75	52	WOUND_WAIT	0	3794649.12	6	15	40	192	421	|	0	0	0	0	0	|	0
1.00	0.00	0.75	56	WOUND_WAIT	0	3133845.32	6	17	60	289	647	|	0	0	0	0	0	|	0
1.00	0.00	0.75	60	WOUND_WAIT	0	3205889.05	6	17	66	312	666	|	0	0	0	0	0	|	0
1.00	0.00	0.75	64	WOUND_WAIT	0	2928500.53	6	19	79	397	835	|	0	0	0	0	0	|	0
0.00	1.00	0.80	1	WOUND_WAIT	0	220481.84	4	5	5	6	7	|	0	0	0	0	0	|	0
0.00	1.00	0.80	4	WOUND_WAIT	0	862852.13	4	5	6	7	9	|	0	0	0	0	0	|	81
0.00	1.00	0.80	8	WOUND_WAIT	0	1695848.26	4	5	6	8	36	|	0	0	0	0	1	|	1012
0.00	1.00	0.80	12	WOUND_WAIT	0	2441418.04	4	6	7	10	75	|	0	0	0	0	1	|	3394
0.00	1.00	0.80	16	WOUND_WAIT	0	3003335.51	4	6	8	15	91	|	0	0	0	0	1	|	7575
0.00	1.00	0.80	20	WOUND_WAIT	0	3178548.09	5	9	13	26	101	|	0	0	0	0	1	|	13004
0.00	1.00	0.80	24	WOUND_WAIT	0	2985862.13	6	14	23	41	110	|	0	0	0	0	1	|	20953
0.00	1.00	0.80	28	WOUND_WAIT	0	2831913.20	6	23	35	57	123	|	0	0	0	1	1	|	29412
0.00	1.00	0.80	32	WOUND_WAIT	0	2725497.13	6	33	47	74	141	|	0	0	0	1	1	|	41871
0.00	1.00	0.80	36	WOUND_WAIT	0	2585897.07	6	44	61	92	162	|	0	0	0	1	1	|	55606
0.00	1.00	0.80	40	WOUND_WAIT	0	2469435.69	7	56	74	109	185	|	0	0	0	1	1	|	70778
0.00	1.00	0.80	44	WOUND_WAIT	0	2352108.07	7	67	88	127	212	|	0	0	0	1	2	|	91271
0.00	1.00	0.80	48	WOUND_WAIT	0	2307170.47	7	78	101	143	234	|	0	0	0	1	2	|	111447
0.00	1.00	0.80	52	WOUND_WAIT	0	2205309.34	7	91	117	164	264	|	0	0	0	1	2	|	134663
0.00	1.00	0.80	56	WOUND_WAIT	0	2128486.70	7	104	132	183	293	|	0	0	0	1	2	|	159732
0.00	1.00	0.80	60	WOUND_WAIT	0	2092961.16	7	116	146	201	317	|	0	0	0	1	2	|	187308
0.00	1.00	0.80	64	WOUND_WAIT	0	2051081.05	7	129	160	220	345	|	0	0	0	1	2	|	219087
0.50	0.50	0.80	1	WOUND_WAIT	0	241900.71	4	5	5	5	6	|	0	0	0	0	0	|	0
0.50	0.50	0.80	4	WOUND_WAIT	0	1029027.64	3	4	4	5	8	|	0	0	0	0	0	|	72
0.50	0.50	0.80	8	WOUND_WAIT	0	1962722.77	3	4	5	6	12	|	0	0	0	0	0	|	636
0.50	0.50	0.80	12	WOUND_WAIT	0	2628143.53	4	5	6	8	54	|	0	0	0	0	1	|	2235
0.50	0.50	0.80	16	WOUND_WAIT	0	3605145.88	4	5	6	10	79	|	0	0	0	0	1	|	4993
0.50	0.50	0.80	20	WOUND_WAIT	0	3504167.52	5	7	10	19	93	|	0	0	0	0	1	|	9113
0.50	0.50	0.80	24	WOUND_WAIT	0	3552154.32	5	9	15	28	101	|	0	0	0	0	1	|	14632
0.50	0.50	0.80	28	WOUND_WAIT	0	3524156.24	6	13	23	40	109	|	0	0	0	0	1	|	21908
0.50	0.50	0.80	32	WOUND_WAIT	0	3495075.45	6	20	31	51	118	|	0	0	0	0	1	|	29347
0.50	0.50	0.80	36	WOUND_WAIT	0	3284085.93	6	29	43	67	135	|	0	0	0	1	1	|	38097
0.50	0.50	0.80	40	WOUND_WAIT	0	3169748.24	6	39	53	81	150	|	0	0	0	1	1	|	49754
0.50	0.50	0.80	44	WOUND_WAIT	0	2983760.65	6	48	65	96	169	|	0	0	0	1	1	|	61981
0.50	0.50	0.80	48	WOUND_WAIT	0	2873852.60	6	58	77	111	189	|	0	0	0	1	1	|	77411
0.50	0.50	0.80	52	WOUND_WAIT	0	2758440.87	6	68	89	126	215	|	0	0	0	1	1	|	93392
0.50	0.50	0.80	56	WOUND_WAIT	0	2629952.21	6	79	102	143	238	|	0	0	0	1	2	|	110761
0.50	0.50	0.80	60	WOUND_WAIT	0	2588109.98	6	88	113	156	257	|	0	0	0	1	2	|	130237
0.50	0.50	0.80	64	WOUND_WAIT	0	2529948.78	7	99	124	172	280	|	0	0	0	1	2	|	153086
1.00	0.00	0.80	1	WOUND_WAIT	0	283206.03	3	4	4	5	6	|	0	0	0	0	0	|	0
1.00	0.00	0.80	4	WOUND_WAIT	0	1063079.56	3	4	4	5	6	|	0	0	0	0	0	|	0
1.00	0.00	0.80	8	WOUND_WAIT	0	2046626.37	3	4	5	5	7	|	0	0	0	0	0	|	0
1.00	0.00	0.80	12	WOUND_WAIT	0	3033780.72	3	4	5	5	9	|	0	0	0	0	0	|	0
1.00	0.00	0.80	16	WOUND_WAIT	0	4269859.86	3	4	4	5	7	|	0	0	0	0	0	|	0
1.00	0.00	0.80	20	WOUND_WAIT	0	4419538.39	4	5	5	6	11	|	0	0	0	0	0	|	0
1.00	0.00	0.80	24	WOUND_WAIT	0	4843876.28	4	5	6	8	16	|	0	0	0	0	0	|	0
1.00	0.00	0.80	28	WOUND_WAIT	0	5140436.93	5	6	7	12	28	|	0	0	0	0	0	|	0
1.00	0.00	0.80	32	WOUND_WAIT	0	4550177.25	5	8	15	44	92	|	0	0	0	0	0	|	0
1.00	0.00	0.80	36	WOUND_WAIT	0	2962337.30	5	20	46	129	241	|	0	0	0	0	0	|	0
1.00	0.00	0.80	40	WOUND_WAIT	0	2291494.76	5	31	81	220	419	|	0	0	0	0	0	|	0
1.00	0.00	0.80	44	WOUND_WAIT	0	2072462.12	5	37	114	283	526	|	0	0	0	0	0	|	0
1.00	0.00	0.80	48	WOUND_WAIT	0	2029434.04	5	40	133	332	610	|	0	0	0	0	0	|	0
1.00	0.00	0.80	52	WOUND_WAIT	0	2026230.47	6	34	129	408	801	|	0	0	0	0	0	|	0
1.00	0.00	0.80	56	WOUND_WAIT	0	1930810.82	6	41	160	456	920	|	0	0	0	0	0	|	0
1.00	0.00	0.80	60	WOUND_WAIT	0	1858905.78	6	45	193	505	959	|	0	0	0	0	0	|	0
1.00	0.00	0.80	64	WOUND_WAIT	0	1794805.76	6	48	218	574	1085	|	0	0	0	0	0	|	0
0.00	1.00	0.85	1	WOUND_WAIT	0	252777.63	3	4	5	5	6	|	0	0	0	0	0	|	0
0.00	1.00	0.85	4	WOUND_WAIT	0	912569.62	4	5	5	7	29	|	0	0	0	0	1	|	453
0.00	1.00	0.85	8	WOUND_WAIT	0	1825579.50	4	5	6	10	90	|	0	0	0	0	1	|	4017
0.00	1.00	0.85	12	WOUND_WAIT	0	2317791.12	4	7	10	24	102	|	0	0	0	1	1	|	13531
0.00	1.00	0.85	16	WOUND_WAIT	0	2774247.99	4	11	16	57	109	|	0	0	0	1	1	|	27145
0.00	1.00	0.85	20	WOUND_WAIT	0	2242528.50	5	23	31	84	129	|	0	0	0	1	1	|	47078
0.00	1.00	0.85	24	WOUND_WAIT	0	1955297.66	6	36	47	105	155	|	0	0	0	1	2	|	75389
0.00	1.00	0.85	28	WOUND_WAIT	0	1806216.05	6	50	64	124	183	|	0	0	0	1	2	|	110393
0.00	1.00	0.85	32	WOUND_WAIT	0	1720418.50	6	64	80	143	212	|	0	0	0	1	2	|	153672
0.00	1.00	0.85	36	WOUND_WAIT	0	1575916.54	6	82	102	169	248	|	0	0	1	1	2	|	202264
0.00	1.00	0.85	40	WOUND_WAIT	0	1496681.49	7	99	121	194	283	|	0	0	1	1	2	|	254338
0.00	1.00	0.85	44	WOUND_WAIT	0	1445427.52	7	116	140	220	318	|	0	0	1	1	2	|	313819
0.00	1.00	0.85	48	WOUND_WAIT	0	1400930.04	7	133	160	247	353	|	0	0	1	1	2	|	380784
0.00	1.00	0.85	52	WOUND_WAIT	0	1321450.57	7	155	185	283	402	|	0	0	1	2	3	|	448448
0.00	1.00	0.85	56	WOUND_WAIT	0	1270731.07	7	175	208	314	445	|	0	0	1	2	3	|	524793
0.00	1.00	0.85	60	WOUND_WAIT	0	1245356.69	8	194	229	345	485	|	0	0	1	2	3	|	607089
0.00	1.00	0.85	64	WOUND_WAIT	0	1182415.72	8	219	259	387	544	|	0	0	1	2	3	|	693321
0.50	0.50	0.85	1	WOUND_WAIT	0	265987.46	3	4	4	5	6	|	0	0	0	0	0	|	0
0.50	0.50	0.85	4	WOUND_WAIT	0	1079140.21	3	4	4	6	9	|	0	0	0	0	0	|	202
0.50	0.50	0.85	8	WOUND_WAIT	0	1856352.73	4	5	6	8	76	|	0	0	0	0	1	|	2544
0.50	0.50	0.85	12	WOUND_WAIT	0	2793025.21	3	5	7	12	95	|	0	0	0	0	1	|	8498
0.50	0.50	0.85	16	WOUND_WAIT	0	3052036.09	4	8	11	28	104	|	0	0	0	1	1	|	18413
0.50	0.50	0.85	20	WOUND_WAIT	0	2767351.28	5	15	22	59	115	|	0	0	0	1	1	|	32404
0.50	0.50	0.85	24	WOUND_WAIT	0	2446368.19	5	26	34	82	134	|	0	0	0	1	1	|	50747
0.50	0.50	0.85	28	WOUND_WAIT	0	2317178.33	5	35	45	100	154	|	0	0	0	1	2	|	76224
0.50	0.50	0.85	32	WOUND_WAIT	0	2165474.06	6	46	59	116	177	|	0	0	0	1	2	|	105934
0.50	0.50	0.85	36	WOUND_WAIT	0	1989453.50	6	60	75	136	210	|	0	0	0	1	2	|	139572
0.50	0.50	0.85	40	WOUND_WAIT	0	1849337.95	6	74	92	156	239	|	0	0	0	1	2	|	177310
0.50	0.50	0.85	44	WOUND_WAIT	0	1743003.06	6	89	109	178	269	|	0	0	0	1	2	|	222999
0.50	0.50	0.85	48	WOUND_WAIT	0	1732016.22	6	100	122	195	294	|	0	0	1	1	2	|	271701
0.50	0.50	0.85	52	WOUND_WAIT	0	1620748.96	7	117	142	222	334	|	0	0	1	1	2	|	320772
0.50	0.50	0.85	56	WOUND_WAIT	0	1546097.18	7	134	161	248	373	|	0	0	1	1	2	|	378122
0.50	0.50	0.85	60	WOUND_WAIT	0	1496828.98	7	151	180	275	408	|	0	0	1	1	2	|	440727
0.50	0.50	0.85	64	WOUND_WAIT	0	1469558.84	7	165	196	299	440	|	0	0	1	1	3	|	504189
1.00	0.00	0.85	1	WOUND_WAIT	0	307373.39	3	4	4	4	5	|	0	0	0	0	0	|	0
1.00	0.00	0.85	4	WOUND_WAIT	0	1133129.44	3	4	4	5	7	|	0	0	0	0	0	|	0
1.00	0.00	0.85	8	WOUND_WAIT	0	2377803.70	3	4	4	4	6	|	0	0	0	0	0	|	0
1.00	0.00	0.85	12	WOUND_WAIT	0	3206736.16	3	4	4	5	8	|	0	0	0	0	0	|	0
1.00	0.00	0.85	16	WOUND_WAIT	0	4198225.04	3	4	4	5	7	|	0	0	0	0	0	|	0
1.00	0.00	0.85	20	WOUND_WAIT	0	4361292.90	4	5	6	10	21	|	0	0	0	0	0	|	0
1.00	0.00	0.85	24	WOUND_WAIT	0	3555729.37	4	10	16	39	76	|	0	0	0	0	0	|	0
1.00	0.00	0.85	28	WOUND_WAIT	0	2578197.97	5	23	41	81	136	|	0	0	0	0	0	|	0
1.00	0.00	0.85	32	WOUND_WAIT	0	2160552.16	5	38	67	128	206	|	0	0	0	0	0	|	0
1.00	0.00	0.85	36	WOUND_WAIT	0	1546052.43	5	53	124	276	477	|	0	0	0	0	0	|	0
1.00	0.00	0.85	40	WOUND_WAIT	0	1515687.35	5	69	140	307	569	|	0	0	0	0	0	|	0
1.00	0.00	0.85	44	WOUND_WAIT	0	1338617.36	5	98	190	379	659	|	0	0	0	0	0	|	0
1.00	0.00	0.85	48	WOUND_WAIT	0	1343899.14	5	108	211	422	726	|	0	0	0	0	0	|	0
1.00	0.00	0.85	52	WOUND_WAIT	0	1276131.42	6	95	241	565	1046	|	0	0	0	0	0	|	0
1.00	0.00	0.85	56	WOUND_WAIT	0	1124698.61	6	148	305	650	1176	|	0	0	0	0	0	|	0
1.00	0.00	0.85	60	WOUND_WAIT	0	1179961.78	6	156	316	659	1166	|	0	0	0	0	0	|	0
1.00	0.00	0.85	64	WOUND_WAIT	0	1059918.00	6	184	386	816	1438	|	0	0	0	0	0	|	0
