record size: large:16 small:4
bimodal, w/o log (stored procedure)
Rd	Wt	Zip	T	CC	TP	P50	P90	P99	P999	Abt
large ratio: 0.1
0.50	0.50	0.99	1	DLOCK	0	88753.86	COMMIT	353308	3978427	345906	3288077	578303	ABORT	0	0	0	0	0	0	11	16	19	29	0	0	0	0	0.00	
0.50	0.50	0.99	4	DLOCK	0	180741.95	COMMIT	186105	2996560	678181	2393191	533748	ABORT	59721	988075	150227	257436	617013	88713	19	58	160	993	0	2	5	9	0.23	
0.50	0.50	0.99	8	DLOCK	0	234697.16	COMMIT	137730	2657883	1005966	2192584	417149	ABORT	80087	1328384	341228	252726	927496	114952	25	89	431	5656	0	4	7	21	0.40	
0.50	0.50	0.99	12	DLOCK	0	232072.90	COMMIT	78341	2216362	1248394	1892927	293766	ABORT	82136	1772936	716862	312938	1287671	138637	44	138	183	273	1	5	6	7	0.51	
0.50	0.50	0.99	16	DLOCK	0	228060.88	COMMIT	57180	1934839	1236586	1681962	229649	ABORT	77295	2056073	957901	424272	1460417	137995	64	189	267	364	1	6	7	8	0.57	
0.50	0.50	0.99	20	DLOCK	0	216646.23	COMMIT	43463	1713411	1178718	1511386	187402	ABORT	70782	2278174	1132458	532661	1585505	135562	88	253	369	542	1	7	8	8	0.62	
0.50	0.50	0.99	24	DLOCK	0	209256.62	COMMIT	34798	1533851	1102514	1364718	156545	ABORT	65042	2457893	1264563	633447	1668429	132781	115	330	506	678	1	7	8	9	0.65	
0.50	0.50	0.99	28	DLOCK	0	201331.81	COMMIT	28691	1411114	1051210	1262662	137855	ABORT	59890	2580961	1342627	720898	1712264	127161	143	403	615	919	1	8	8	9	0.67	
0.50	0.50	0.99	32	DLOCK	0	197820.47	COMMIT	24638	1287578	982085	1161426	118238	ABORT	55944	2704957	1420203	807005	1761196	118853	169	497	741	1052	1	8	9	9	0.69	
0.50	0.50	0.99	36	DLOCK	0	192176.79	COMMIT	21189	1204224	937157	1090680	106278	ABORT	52508	2787282	1429700	907920	1747698	114368	199	593	934	1169	1	8	9	10	0.71	
0.50	0.50	0.99	1	HLOCK	0	80869.65	COMMIT	321827	3980630	568148	3085431	787175	ABORT	0	0	0	0	0	0	12	18	20	31	0	0	0	0	0.00	
0.50	0.50	0.99	4	HLOCK	0	189389.00	COMMIT	194231	3230178	685146	2214719	932521	ABORT	49574	754698	74834	135191	485575	109703	20	44	82	194	0	2	4	5	0.17	
0.50	0.50	0.99	8	HLOCK	0	265170.52	COMMIT	135554	2438320	716061	1515034	871749	ABORT	79675	1547903	170253	524762	791107	197365	25	72	308	3631	0	3	7	12	0.36	
0.50	0.50	0.99	12	HLOCK	0	282336.97	COMMIT	93166	1839447	791326	980128	823787	ABORT	120285	2146650	483116	429565	1232637	423321	39	105	146	206	1	5	6	6	0.55	
0.50	0.50	0.99	16	HLOCK	0	244387.91	COMMIT	58566	1248288	682993	583555	641861	ABORT	122967	2739334	863639	782138	1248718	648351	59	195	298	407	2	6	7	8	0.66	
0.50	0.50	0.99	20	HLOCK	0	197304.66	COMMIT	36643	856924	558464	359978	485160	ABORT	105127	3132275	1166895	1236471	1060814	800234	81	366	574	834	2	7	8	9	0.72	
0.50	0.50	0.99	24	HLOCK	0	178943.55	COMMIT	27039	652235	450502	261516	381533	ABORT	92453	3337737	1196429	1593877	920290	793656	100	533	818	1111	3	8	9	9	0.76	
0.50	0.50	0.99	28	HLOCK	0	152136.70	COMMIT	19499	509640	387237	190512	311727	ABORT	74932	3481868	1302903	1870901	754972	827284	117	808	1215	1458	3	9	10	10	0.78	
0.50	0.50	0.99	32	HLOCK	0	146833.49	COMMIT	16077	417381	316901	154473	257725	ABORT	67043	3574126	1180488	2142502	666463	745370	128	1040	1367	1613	4	9	10	11	0.79	
0.50	0.50	0.99	36	HLOCK	0	139650.97	COMMIT	13519	359873	272973	132745	222472	ABORT	59761	3632301	1125371	2314370	598263	702802	139	1230	1565	1887	4	9	10	11	0.80	
0.50	0.50	0.99	1	SILO	0	90413.41	COMMIT	360695	3978175	0	3531587	352490	ABORT	0	0	0	0	0	0	11	16	18	29	0	0	0	0	0.00	
0.50	0.50	0.99	4	SILO	0	198166.55	COMMIT	217261	2531046	0	2082052	391273	ABORT	90008	1449388	0	293401	1056264	72641	18	50	116	401	0	3	4	6	0.31	
0.50	0.50	0.99	8	SILO	0	269628.15	COMMIT	130333	1408040	0	1123998	247357	ABORT	99135	2577265	0	1394800	1075480	75276	21	99	660	3758	1	4	8	12	0.43	
0.50	0.50	0.99	12	SILO	0	322874.05	COMMIT	100784	1049627	0	821537	202681	ABORT	105105	2936975	0	1741328	1086533	78953	23	169	1763	5056	1	6	11	17	0.50	
0.50	0.50	0.99	16	SILO	0	381677.72	COMMIT	100371	1028465	0	792148	207406	ABORT	118569	2972201	0	1651336	1191847	89272	24	294	2747	6278	1	7	14	22	0.55	
0.50	0.50	0.99	20	SILO	0	397254.60	COMMIT	79528	814936	0	624340	171347	ABORT	103977	3170818	0	2029912	1031613	79926	25	512	3671	7787	1	8	16	27	0.57	
0.50	0.50	0.99	24	SILO	0	407968.30	COMMIT	68200	701517	0	536428	147754	ABORT	95368	3284060	0	2243426	940502	72301	26	829	4434	9018	1	9	18	30	0.59	
0.50	0.50	0.99	28	SILO	0	418332.58	COMMIT	60141	617706	0	469585	132487	ABORT	88549	3368636	0	2409342	865327	67116	26	1122	5106	10632	1	10	20	33	0.60	
0.50	0.50	0.99	32	SILO	0	425776.64	COMMIT	55328	567206	0	429759	123934	ABORT	84467	3419510	0	2508839	821466	65417	26	1400	5784	11791	1	11	22	37	0.61	
0.50	0.50	0.99	36	SILO	0	433201.32	COMMIT	43903	453739	0	345210	97512	ABORT	72921	3533555	0	2740704	714731	55888	27	1644	6426	13008	1	11	23	41	0.62	
large ratio = 0.5
0.50	0.50	0.99	1	DLOCK	0	126512.99	COMMIT	502703	3970195	350862	3213518	607702	ABORT	0	0	0	0	0	0	7	16	18	27	0	0	0	0	0.00	
0.50	0.50	0.99	4	DLOCK	0	262242.31	COMMIT	270574	3016087	630546	2355749	565194	ABORT	49255	964585	133104	381886	489899	75808	13	53	163	1341	0	2	5	8	0.14	
0.50	0.50	0.99	8	DLOCK	0	342680.14	COMMIT	178197	2415529	860034	1931455	418452	ABORT	60208	1569323	243574	805468	653451	87418	15	81	465	6265	0	3	7	18	0.25	
0.50	0.50	0.99	12	DLOCK	0	380128.75	COMMIT	155221	2592205	1236395	2146746	385667	ABORT	72532	1393435	443684	332422	922655	110369	17	113	323	8185	0	4	6	28	0.34	
0.50	0.50	0.99	16	DLOCK	0	374677.85	COMMIT	94097	2327985	1466138	1984456	296243	ABORT	71960	1660790	714947	338913	1164998	126439	24	153	207	312	0	5	6	7	0.43	
0.50	0.50	0.99	20	DLOCK	0	361230.12	COMMIT	72318	2137123	1472186	1865037	241666	ABORT	66324	1852686	886270	412516	1289020	127158	27	199	292	400	0	6	7	8	0.47	
0.50	0.50	0.99	24	DLOCK	0	349865.13	COMMIT	58043	1984390	1446021	1753122	205469	ABORT	61723	2006178	999825	492129	1364431	126924	31	246	367	544	0	7	8	8	0.51	
0.50	0.50	0.99	28	DLOCK	0	336019.40	COMMIT	47513	1839602	1391475	1639811	179454	ABORT	57199	2151224	1099320	574847	1435332	121037	36	309	484	654	0	7	8	9	0.54	
0.50	0.50	0.99	32	DLOCK	0	327207.35	COMMIT	40345	1753504	1373600	1574382	162544	ABORT	53116	2238028	1168425	629405	1471550	119417	41	363	581	873	0	7	8	9	0.56	
0.50	0.50	0.99	36	DLOCK	0	321424.09	COMMIT	34962	1653777	1317385	1490459	147312	ABORT	49871	2333867	1206064	703818	1493117	116954	48	421	652	988	0	8	9	9	0.58	
0.50	0.50	0.99	1	HLOCK	0	115689.05	COMMIT	460709	3972835	560235	3043964	796367	ABORT	0	0	0	0	0	0	8	17	19	28	0	0	0	0	0.00	
0.50	0.50	0.99	4	HLOCK	0	277961.49	COMMIT	283310	3301470	693076	2245752	944153	ABORT	41744	678796	75728	171231	385981	103890	14	41	84	289	0	2	3	5	0.10	
0.50	0.50	0.99	8	HLOCK	0	403499.89	COMMIT	207426	2650982	732270	1673398	897976	ABORT	65310	1332690	155464	541915	593333	171182	17	63	164	1931	0	3	5	10	0.23	
0.50	0.50	0.99	12	HLOCK	0	434469.15	COMMIT	145718	2055485	802082	1146690	848191	ABORT	96889	1929021	426514	631788	890676	361755	20	108	296	2208	0	4	6	11	0.38	
0.50	0.50	0.99	16	HLOCK	0	373125.59	COMMIT	89347	1480123	823909	694838	742615	ABORT	116256	2505180	948013	683575	1089239	677710	27	179	276	393	0	6	7	8	0.54	
0.50	0.50	0.99	20	HLOCK	0	299705.95	COMMIT	55449	1006703	682735	417586	566248	ABORT	102925	2982263	1332979	1141022	932440	875040	29	333	533	772	0	7	8	9	0.63	
0.50	0.50	0.99	24	HLOCK	0	261347.62	COMMIT	39676	760413	554212	298081	445697	ABORT	88363	3229421	1447400	1498640	791613	911182	31	511	795	1117	0	8	9	9	0.67	
0.50	0.50	0.99	28	HLOCK	0	237062.61	COMMIT	30365	591242	436987	225859	351627	ABORT	76585	3399472	1411076	1822600	673727	873396	33	701	1118	1361	0	8	9	10	0.69	
0.50	0.50	0.99	32	HLOCK	0	216705.20	COMMIT	24159	494754	385660	181616	303564	ABORT	65926	3496488	1415346	2033783	582016	861044	34	971	1357	1639	1	9	10	11	0.71	
0.50	0.50	0.99	36	HLOCK	0	201670.57	COMMIT	19754	420139	337083	150011	261986	ABORT	57282	3571995	1368303	2220887	513515	821245	35	1214	1571	1894	1	9	10	11	0.72	
0.50	0.50	0.99	1	SILO	0	130104.80	COMMIT	518883	3969216	0	3489703	362863	ABORT	0	0	0	0	0	0	7	15	17	27	0	0	0	0	0.00	
0.50	0.50	0.99	4	SILO	0	286270.50	COMMIT	312617	2612074	0	2145066	388234	ABORT	75789	1363556	0	433836	849469	59534	11	48	146	707	0	2	4	6	0.21	
0.50	0.50	0.99	8	SILO	0	346328.59	COMMIT	220163	1758200	0	1416171	284442	ABORT	84641	2223380	0	1251655	885030	63535	11	77	563	4591	0	4	7	11	0.29	
0.50	0.50	0.99	12	SILO	0	401165.83	COMMIT	131463	1030142	0	816848	180567	ABORT	73849	2958392	0	2146250	738951	54100	12	116	1529	7575	0	5	10	16	0.35	
0.50	0.50	0.99	16	SILO	0	466343.44	COMMIT	123018	975636	0	762099	175915	ABORT	79712	3012113	0	2140731	787902	58960	13	176	2444	9309	0	6	12	21	0.40	
0.50	0.50	0.99	20	SILO	0	531124.21	COMMIT	115665	896865	0	699876	168364	ABORT	84168	3110671	0	2220457	806860	61463	13	254	3205	8570	0	7	14	25	0.43	
0.50	0.50	0.99	24	SILO	0	603545.04	COMMIT	100043	770146	0	593112	150366	ABORT	85559	3231347	0	2337686	806792	63411	13	354	3843	8878	0	8	17	28	0.46	
0.50	0.50	0.99	28	SILO	0	628143.23	COMMIT	92851	718558	0	551956	141812	ABORT	83649	3267491	0	2394920	787258	62340	14	554	4519	9990	0	8	19	33	0.48	
0.50	0.50	0.99	32	SILO	0	642975.13	COMMIT	84869	649251	0	497768	129995	ABORT	79976	3336868	0	2513804	742694	59455	14	746	5152	11154	0	9	20	36	0.49	
0.50	0.50	0.99	36	SILO	0	653134.53	COMMIT	69360	537838	0	412329	107854	ABORT	69560	3450205	0	2732580	648889	50981	14	987	5655	12499	0	9	21	39	0.50	
large ratio = 0.7
0.50	0.50	0.99	1	DLOCK	0	161976.00	COMMIT	644072	3962532	356180	3142497	635367	ABORT	0	0	0	0	0	0	3	15	17	23	0	0	0	0	0.00	
0.50	0.50	0.99	4	DLOCK	0	334893.39	COMMIT	373537	3116417	568523	2393667	601945	ABORT	37917	858675	89402	444138	345109	57361	5	43	122	1208	0	2	4	7	0.08	
0.50	0.50	0.99	8	DLOCK	0	476042.72	COMMIT	297189	2812635	815694	2211563	502445	ABORT	51446	1165961	151973	603445	475215	69327	6	65	189	3625	0	2	5	13	0.16	
0.50	0.50	0.99	12	DLOCK	0	530007.46	COMMIT	240178	2768962	1070299	2225554	455023	ABORT	55594	1212733	246225	526508	586535	78592	7	94	368	8168	0	3	6	26	0.23	
0.50	0.50	0.99	16	DLOCK	0	561882.25	COMMIT	180196	2618842	1364734	2166815	374400	ABORT	64057	1365088	458826	407315	832180	99470	7	125	280	10429	0	4	6	31	0.29	
0.50	0.50	0.99	20	DLOCK	0	523660.89	COMMIT	111063	2484195	1641240	2137930	297395	ABORT	58527	1503977	625340	409141	963749	109535	9	166	295	3274	0	5	7	13	0.35	
0.50	0.50	0.99	24	DLOCK	0	513452.51	COMMIT	86256	2416026	1746909	2120860	253035	ABORT	55797	1571874	756541	365646	1072058	111843	12	200	296	438	0	6	7	8	0.39	
0.50	0.50	0.99	28	DLOCK	0	493367.19	COMMIT	70472	2306293	1749981	2050584	222330	ABORT	51844	1684214	836020	428072	1127772	109751	14	242	359	540	0	6	7	8	0.42	
0.50	0.50	0.99	32	DLOCK	0	481024.02	COMMIT	60539	2208566	1729057	1976041	204820	ABORT	48898	1781930	923871	463987	1189647	111479	16	286	439	612	0	7	8	9	0.44	
0.50	0.50	0.99	36	DLOCK	0	463347.42	COMMIT	51342	2114202	1695170	1905702	184687	ABORT	45733	1876958	971865	529978	1221341	109916	17	335	541	815	0	7	8	9	0.47	
0.50	0.50	0.99	1	HLOCK	0	149397.45	COMMIT	594411	3966072	556500	2990718	802304	ABORT	0	0	0	0	0	0	4	17	19	26	0	0	0	0	0.00	
0.50	0.50	0.99	4	HLOCK	0	358855.67	COMMIT	358390	3244181	642402	2221709	890428	ABORT	28733	732639	51428	402808	248170	70098	6	36	75	294	0	1	3	5	0.06	
0.50	0.50	0.99	8	HLOCK	0	524072.17	COMMIT	299646	2884634	743935	1845311	932404	ABORT	52591	1095953	130986	507667	427048	142123	6	53	168	1837	0	2	5	8	0.15	
0.50	0.50	0.99	12	HLOCK	0	603964.96	COMMIT	203344	2264913	823849	1298621	883774	ABORT	80511	1717350	373349	707906	665299	307380	8	93	233	2042	0	4	5	10	0.27	
0.50	0.50	0.99	16	HLOCK	0	553997.05	COMMIT	136064	1692505	820940	858200	768447	ABORT	99751	2292360	806453	878283	801845	565696	9	172	451	2113	0	5	7	10	0.40	
0.50	0.50	0.99	20	HLOCK	0	411592.56	COMMIT	77139	1153873	787748	482703	636567	ABORT	102071	2833672	1464746	1063124	811385	925603	13	306	484	694	0	7	8	9	0.54	
0.50	0.50	0.99	24	HLOCK	0	338438.99	COMMIT	52028	857247	649372	329986	503705	ABORT	83931	3132291	1663725	1422718	672120	1011234	14	497	790	1147	0	8	9	9	0.59	
0.50	0.50	0.99	28	HLOCK	0	309356.02	COMMIT	40443	683848	530739	256892	407600	ABORT	73101	3307145	1664267	1715646	574227	989962	15	686	1113	1384	0	8	9	10	0.62	
0.50	0.50	0.99	32	HLOCK	0	281957.11	COMMIT	32470	574060	465822	207618	352419	ABORT	63337	3417623	1648101	1934401	497166	967927	15	940	1367	1649	0	9	10	11	0.64	
0.50	0.50	0.99	36	HLOCK	0	264741.99	COMMIT	27064	504143	423977	177251	315124	ABORT	55485	3487550	1690157	2046624	448301	977147	16	1189	1579	1919	0	9	10	11	0.65	
0.50	0.50	0.99	1	SILO	0	167320.21	COMMIT	668354	3961969	0	3437706	363894	ABORT	0	0	0	0	0	0	3	15	17	24	0	0	0	0	0.00	
0.50	0.50	0.99	4	SILO	0	360571.89	COMMIT	400316	2666712	0	2187814	382259	ABORT	60309	1305954	0	608444	637140	44859	5	45	152	906	0	2	4	5	0.14	
0.50	0.50	0.99	8	SILO	0	401437.28	COMMIT	228256	1496676	0	1205484	231426	ABORT	58783	2718042	0	2073512	585992	42914	5	63	453	4677	0	3	6	10	0.21	
0.50	0.50	0.99	12	SILO	0	479670.83	COMMIT	204388	1318062	0	1057604	208948	ABORT	62340	2668800	0	2014213	594859	43696	5	88	1315	7762	0	4	8	15	0.25	
0.50	0.50	0.99	16	SILO	0	537529.60	COMMIT	117531	757462	0	591538	129320	ABORT	52236	3268923	0	2740029	475924	37710	5	119	2147	9260	0	5	11	20	0.29	
0.50	0.50	0.99	20	SILO	0	607933.51	COMMIT	124832	802092	0	629770	141499	ABORT	58152	3356932	0	2774229	525665	41953	5	162	2947	10715	0	6	13	24	0.32	
0.50	0.50	0.99	24	SILO	0	677297.80	COMMIT	123941	798227	0	623991	142415	ABORT	62642	3187506	0	2563340	562604	44467	5	206	3555	10930	0	6	15	27	0.35	
0.50	0.50	0.99	28	SILO	0	746227.77	COMMIT	102925	660160	0	510466	122559	ABORT	61387	3369617	0	2768813	540389	43510	6	278	4077	11121	0	7	17	31	0.37	
0.50	0.50	0.99	32	SILO	0	816671.09	COMMIT	101142	653951	0	504101	123855	ABORT	64684	3335235	0	2701832	569632	46704	6	353	4726	11655	0	8	19	35	0.39	
0.50	0.50	0.99	36	SILO	0	876053.18	COMMIT	89738	582076	0	449744	108685	ABORT	61130	3403447	0	2803547	539497	42517	6	482	5251	12309	0	8	20	39	0.41	
large ratio = 0.9
0.50	0.50	0.99	1	DLOCK	0	222841.74	COMMIT	885958	3947461	362861	3024980	678248	ABORT	0	0	0	0	0	0	3	14	16	20	0	0	0	0	0.00	
0.50	0.50	0.99	4	DLOCK	0	492225.30	COMMIT	622087	3509894	473377	2647353	682047	ABORT	24096	451538	35346	247296	166509	30534	4	27	74	485	0	1	3	5	0.04	
0.50	0.50	0.99	8	DLOCK	0	700685.40	COMMIT	527459	3095076	593962	2336721	600159	ABORT	37695	871093	70255	565973	251182	42025	4	39	142	2291	0	2	4	8	0.07	
0.50	0.50	0.99	12	DLOCK	0	824275.77	COMMIT	384913	2723723	804176	2105963	489509	ABORT	42268	1250013	115510	867235	318286	49956	5	60	191	3855	0	2	4	12	0.11	
0.50	0.50	0.99	16	DLOCK	0	928893.12	COMMIT	198968	1854910	796128	1472628	295470	ABORT	31538	2336539	126355	2009802	272855	40531	5	81	242	5828	0	3	5	18	0.14	
0.50	0.50	0.99	20	DLOCK	0	1000259.10	COMMIT	199407	2198413	1132260	1807321	314444	ABORT	39781	1793804	201586	1340081	385473	53829	5	106	250	5161	0	3	6	17	0.17	
0.50	0.50	0.99	24	DLOCK	0	994517.28	COMMIT	199357	2614112	1526323	2194522	342115	ABORT	45565	1511192	314477	902298	523052	69527	5	132	291	5745	0	4	6	16	0.20	
0.50	0.50	0.99	28	DLOCK	0	972056.85	COMMIT	175144	2862683	1868077	2459775	331788	ABORT	46145	1121151	402515	411970	611742	80687	6	158	294	2881	0	5	7	12	0.23	
0.50	0.50	0.99	32	DLOCK	0	885179.15	COMMIT	111072	2712073	1999833	2384899	274157	ABORT	39436	1275598	465803	528832	650697	81181	6	191	415	4147	0	5	7	13	0.26	
0.50	0.50	0.99	36	DLOCK	0	879055.05	COMMIT	97742	2865922	2219262	2547441	269722	ABORT	39809	1122318	529089	302137	714490	90635	7	212	310	483	0	6	7	8	0.28	
0.50	0.50	0.99	1	HLOCK	0	208648.24	COMMIT	830596	3951258	544507	2918777	806408	ABORT	0	0	0	0	0	0	3	15	18	21	0	0	0	0	0.00	
0.50	0.50	0.99	4	HLOCK	0	536164.67	COMMIT	586731	3687030	641019	2561913	931241	ABORT	17836	277390	25479	112740	122297	35709	5	27	55	265	0	1	2	4	0.03	
0.50	0.50	0.99	8	HLOCK	0	740006.70	COMMIT	471239	3041495	642947	2023577	861866	ABORT	30919	928484	62121	658046	191038	68728	5	34	94	1446	0	1	3	7	0.06	
0.50	0.50	0.99	12	HLOCK	0	886296.90	COMMIT	376445	2623206	690264	1664864	830934	ABORT	42977	1351152	153549	944603	259794	128623	5	50	152	1960	0	2	4	8	0.11	
0.50	0.50	0.99	16	HLOCK	0	933961.10	COMMIT	236849	2012085	790041	1116501	785369	ABORT	72603	1968012	584056	1092788	442321	398545	6	129	372	3088	0	4	6	8	0.22	
0.50	0.50	0.99	20	HLOCK	0	663172.47	COMMIT	126810	1389326	920194	614617	720244	ABORT	81814	2597484	1640868	1107216	490172	974041	6	315	652	2205	0	7	8	9	0.37	
0.50	0.50	0.99	24	HLOCK	0	516633.24	COMMIT	81186	1074701	852279	409806	625362	ABORT	80202	2913435	2022952	1244662	477306	1166876	7	458	741	1094	0	7	9	9	0.47	
0.50	0.50	0.99	28	HLOCK	0	414107.21	COMMIT	55715	871455	782555	296804	546974	ABORT	61168	3119389	2268442	1442161	380657	1274265	7	746	1220	1502	0	8	9	10	0.50	
0.50	0.50	0.99	32	HLOCK	0	404776.91	COMMIT	45475	712993	632108	242056	449446	ABORT	55732	3273430	2133854	1722890	336777	1194865	7	928	1418	1744	0	9	10	11	0.52	
0.50	0.50	0.99	36	HLOCK	0	343824.08	COMMIT	35286	627007	585242	203296	407758	ABORT	45399	3364914	2144806	1871465	293622	1187659	7	1320	1794	2152	0	9	11	12	0.53	
0.50	0.50	0.99	1	SILO	0	233204.87	COMMIT	931816	3945659	0	3362953	365576	ABORT	0	0	0	0	0	0	3	14	16	19	0	0	0	0	0.00	
0.50	0.50	0.99	4	SILO	0	467517.64	COMMIT	545211	2687446	0	2198028	361416	ABORT	37316	1371430	0	1020833	315851	25294	4	33	125	1055	0	1	3	5	0.07	
0.50	0.50	0.99	8	SILO	0	499209.22	COMMIT	301416	1498201	0	1216509	209332	ABORT	31335	2486209	0	2206630	251049	20582	4	40	249	3841	0	2	5	9	0.10	
0.50	0.50	0.99	12	SILO	0	570423.36	COMMIT	246585	1235186	0	995064	179549	ABORT	36120	2747496	0	2435308	279742	23139	4	49	780	8527	0	2	7	14	0.13	
0.50	0.50	0.99	16	SILO	0	647781.51	COMMIT	214384	1078559	0	855253	157057	ABORT	35232	2905948	0	2607279	265515	22351	4	59	1369	9428	0	3	8	18	0.15	
0.50	0.50	0.99	20	SILO	0	737020.26	COMMIT	140246	715483	0	570747	111992	ABORT	32535	3472465	0	3201510	242061	20765	5	70	2065	11315	0	3	10	22	0.18	
0.50	0.50	0.99	24	SILO	0	810374.71	COMMIT	153605	781250	0	621533	122607	ABORT	35897	3209157	0	2910740	265868	23061	5	78	2692	12551	0	4	12	26	0.19	
0.50	0.50	0.99	28	SILO	0	886967.09	COMMIT	149782	761492	0	603837	121021	ABORT	37143	3227990	0	2920892	273944	23561	5	93	3329	15431	0	4	14	30	0.21	
0.50	0.50	0.99	32	SILO	0	947909.23	COMMIT	133925	689521	0	545571	111703	ABORT	37904	3448827	0	3137666	276504	24804	5	104	3848	14373	0	5	15	33	0.23	
0.50	0.50	0.99	36	SILO	0	1028728.22	COMMIT	126648	660855	0	523071	106368	ABORT	38599	3323435	0	2999913	287399	25217	5	115	4440	15652	0	5	17	38	0.24	

record size: small-8 large-32
bimodal, w/o log (stored procedure)
Rd	Wt	Zip	T	CC	TP	P50	P90	P99	P999	Abt
0.50	0.50	0.99	1	DLOCK	0	65772.90	COMMIT	262178	3984087	340728	3337274	557722	ABORT	0	0	0	0	0	0	12	29	32	43	0	0	0	0	0.00	
0.50	0.50	0.99	4	DLOCK	0	111723.35	COMMIT	127945	2895498	897447	2354835	490267	ABORT	51634	1093529	251401	117313	841003	111478	31	94	380	4460	0	3	7	18	0.31	
0.50	0.50	0.99	8	DLOCK	0	124652.46	COMMIT	63079	1979462	1041474	1661906	293242	ABORT	71604	2010822	852126	288696	1531010	161611	60	179	238	339	1	5	6	7	0.53	
0.50	0.50	0.99	12	DLOCK	0	120255.87	COMMIT	40454	1537294	940251	1325089	197458	ABORT	67986	2455799	1185306	494085	1784579	154216	97	284	402	559	1	6	7	8	0.63	
0.50	0.50	0.99	16	DLOCK	0	116500.20	COMMIT	29181	1237547	811821	1075919	150498	ABORT	62367	2755520	1363188	712358	1875901	145476	137	418	631	914	1	7	8	9	0.68	
0.50	0.50	0.99	20	DLOCK	0	113179.45	COMMIT	22590	1062293	733454	934517	119968	ABORT	55942	2930839	1436370	900819	1884394	128153	177	588	873	1170	2	8	9	9	0.71	
0.50	0.50	0.99	24	DLOCK	0	109929.70	COMMIT	18135	905939	641199	800538	98704	ABORT	50572	3088246	1474460	1086359	1869958	115700	220	741	1137	1358	2	8	9	10	0.73	
0.50	0.50	0.99	28	DLOCK	0	107085.58	COMMIT	15301	837345	613062	746928	84707	ABORT	45662	3157440	1485256	1200559	1834355	108402	262	960	1309	1530	2	9	10	11	0.75	
0.50	0.50	0.99	32	DLOCK	0	105326.90	COMMIT	13032	756877	565934	678620	73443	ABORT	42124	3237042	1475831	1334280	1790726	99429	304	1134	1426	1699	2	9	10	11	0.76	
0.50	0.50	0.99	36	DLOCK	0	103865.88	COMMIT	11335	669673	500296	599153	65924	ABORT	38790	3321790	1504073	1421536	1793473	92669	347	1257	1568	1854	2	10	11	11	0.77	
0.50	0.50	0.99	1	HLOCK	0	59897.81	COMMIT	238747	3985592	559864	3107670	801473	ABORT	0	0	0	0	0	0	12	32	35	47	0	0	0	0	0.00	
0.50	0.50	0.99	4	HLOCK	0	121684.57	COMMIT	126070	2821327	698759	1843569	918900	ABORT	45007	1168232	111927	283234	703721	156197	33	84	272	2371	0	3	6	11	0.26	
0.50	0.50	0.99	8	HLOCK	0	162730.82	COMMIT	81700	1979695	758310	1102941	846133	ABORT	89282	2009717	358764	285902	1318595	367246	49	122	157	215	1	4	5	6	0.51	
0.50	0.50	0.99	12	HLOCK	0	158259.77	COMMIT	51221	1290104	615726	638372	634830	ABORT	104468	2699862	655077	628796	1481848	552130	77	204	279	372	2	6	7	7	0.65	
0.50	0.50	0.99	16	HLOCK	0	144559.75	COMMIT	34263	903258	480437	416900	475230	ABORT	98693	3087706	810487	1035640	1390216	629591	111	339	494	688	3	7	8	9	0.73	
0.50	0.50	0.99	20	HLOCK	0	136079.99	COMMIT	25474	676717	382092	297137	369829	ABORT	89216	3314871	844691	1441531	1211092	626059	139	499	723	1066	3	8	9	9	0.76	
0.50	0.50	0.99	24	HLOCK	0	124040.22	COMMIT	19078	531713	317991	224369	299911	ABORT	76098	3459512	867256	1765567	1043875	619692	171	723	1126	1348	4	8	9	10	0.79	
0.50	0.50	0.99	28	HLOCK	0	120807.08	COMMIT	15759	438590	264663	183742	249533	ABORT	68334	3553100	814372	2038726	921809	572641	192	969	1304	1517	5	9	10	11	0.80	
0.50	0.50	0.99	32	HLOCK	0	115417.90	COMMIT	13132	373549	232747	152707	215626	ABORT	60321	3618540	792178	2239275	810372	546402	214	1190	1471	1748	5	9	10	11	0.81	
0.50	0.50	0.99	36	HLOCK	0	110685.93	COMMIT	11113	323301	202492	131145	188038	ABORT	54169	3669937	753046	2405760	734095	514200	239	1337	1679	1923	5	10	11	12	0.82	
0.50	0.50	0.99	1	SILO	0	67659.49	COMMIT	269344	3982430	0	3550029	368760	ABORT	0	0	0	0	0	0	11	28	31	43	0	0	0	0	0.00	
0.50	0.50	0.99	4	SILO	0	124861.53	COMMIT	134622	1777747	0	1421336	319119	ABORT	78378	2208936	0	534818	1549945	99961	23	115	435	2961	0	4	7	10	0.38	
0.50	0.50	0.99	8	SILO	0	168570.13	COMMIT	89929	1102223	0	857021	221376	ABORT	86952	2886600	0	1267658	1495526	99175	25	329	2609	5499	0	7	13	21	0.50	
0.50	0.50	0.99	12	SILO	0	183565.98	COMMIT	64429	783818	0	604512	162555	ABORT	74953	3206579	0	1856916	1247584	82158	27	879	4268	8286	1	9	17	28	0.55	
0.50	0.50	0.99	16	SILO	0	193384.45	COMMIT	49380	602915	0	461876	126989	ABORT	64783	3388418	0	2242311	1059206	67527	27	1484	5484	10213	1	11	21	33	0.57	
0.50	0.50	0.99	20	SILO	0	200924.05	COMMIT	43644	525948	0	400930	112926	ABORT	61458	3464933	0	2401060	980016	65559	27	1987	6725	12480	1	12	24	38	0.59	
0.50	0.50	0.99	24	SILO	0	206624.73	COMMIT	33032	401704	0	305532	86966	ABORT	52196	3590288	0	2702501	817954	54229	28	2484	7607	13660	1	13	26	41	0.61	
0.50	0.50	0.99	28	SILO	0	210406.20	COMMIT	30754	372842	0	281922	82268	ABORT	50078	3617785	0	2773033	776721	52706	28	2919	8661	16254	1	14	29	48	0.62	
0.50	0.50	0.99	32	SILO	0	215116.92	COMMIT	24944	303162	0	229254	66530	ABORT	44287	3688967	0	2950412	680019	45046	28	3327	9486	17290	1	15	31	51	0.64	
0.50	0.50	0.99	36	SILO	0	217611.80	COMMIT	23529	287963	0	217178	63875	ABORT	42799	3705069	0	2988390	661302	43067	29	3709	10432	18695	1	16	33	55	0.65	
0.50	0.50	0.99	1	DLOCK	0	86289.08	COMMIT	343683	3979800	346168	3294673	576877	ABORT	0	0	0	0	0	0	7	28	31	39	0	0	0	0	0.00	
0.50	0.50	0.99	4	DLOCK	0	143094.35	COMMIT	152031	2663604	756699	2118879	482371	ABORT	39811	1324715	193827	639460	579343	88640	12	89	856	6758	0	3	9	20	0.21	
0.50	0.50	0.99	8	DLOCK	0	185606.69	COMMIT	94283	2409105	1246220	2007546	361983	ABORT	66108	1580889	630664	215590	1194065	144381	30	143	182	248	0	4	5	6	0.41	
0.50	0.50	0.99	12	DLOCK	0	178422.08	COMMIT	60190	1967527	1225191	1685092	257379	ABORT	64823	2024268	974476	361367	1491915	146819	48	225	305	417	0	6	7	7	0.52	
0.50	0.50	0.99	16	DLOCK	0	174242.11	COMMIT	44004	1685535	1145362	1465683	199878	ABORT	60313	2307153	1186597	501436	1639848	143224	66	312	446	638	0	7	8	8	0.58	
0.50	0.50	0.99	20	DLOCK	0	167421.16	COMMIT	33664	1494942	1082419	1322630	159034	ABORT	54873	2498367	1305385	640539	1706555	133384	88	416	634	912	1	7	8	9	0.62	
0.50	0.50	0.99	24	DLOCK	0	162955.29	COMMIT	27450	1340241	1005870	1195771	133348	ABORT	50552	2652657	1383341	771827	1739676	123305	111	544	828	1164	1	8	9	9	0.65	
0.50	0.50	0.99	28	DLOCK	0	157835.69	COMMIT	22673	1232822	954069	1113068	110712	ABORT	46075	2761256	1409445	902707	1725942	118152	136	673	1073	1323	1	8	9	10	0.67	
0.50	0.50	0.99	32	DLOCK	0	155329.58	COMMIT	19537	1133346	892130	1026752	98995	ABORT	42854	2860314	1461533	986320	1751356	109747	159	797	1215	1418	1	9	10	10	0.69	
0.50	0.50	0.99	36	DLOCK	0	150646.24	COMMIT	16735	1068388	857560	970201	91386	ABORT	39322	2924570	1461169	1081889	1724622	105518	187	981	1329	1575	1	9	10	11	0.70	
0.50	0.50	0.99	1	HLOCK	0	79037.65	COMMIT	314425	3980675	562960	3080592	799001	ABORT	0	0	0	0	0	0	7	31	34	43	0	0	0	0	0.00	
0.50	0.50	0.99	4	HLOCK	0	165320.03	COMMIT	169880	3007908	749432	1971790	961199	ABORT	40396	979245	123149	248438	555670	155383	13	77	203	1431	0	2	5	9	0.18	
0.50	0.50	0.99	8	HLOCK	0	220323.89	COMMIT	122714	2416432	885122	1399517	968632	ABORT	74130	1571502	343798	268728	946401	324596	23	107	353	4463	0	4	7	17	0.39	
0.50	0.50	0.99	12	HLOCK	0	224853.78	COMMIT	73667	1591391	788944	795034	769702	ABORT	103901	2397237	743551	484008	1296193	579206	43	163	225	319	1	5	6	7	0.56	
0.50	0.50	0.99	16	HLOCK	0	206013.92	COMMIT	48841	1103293	623988	502027	582686	ABORT	104598	2886641	977636	882415	1262322	705493	58	265	388	551	1	7	7	8	0.66	
0.50	0.50	0.99	20	HLOCK	0	184156.14	COMMIT	34335	808286	497782	345449	448407	ABORT	93736	3181765	1084816	1285453	1106761	748715	69	425	649	988	2	8	8	9	0.71	
0.50	0.50	0.99	24	HLOCK	0	170553.36	COMMIT	26270	629254	394904	265053	352680	ABORT	82231	3362131	1074892	1640718	965724	720875	77	631	996	1247	2	8	9	10	0.74	
0.50	0.50	0.99	28	HLOCK	0	158077.39	COMMIT	20401	499227	327604	203355	288169	ABORT	70820	3492839	1058956	1956185	822255	693528	82	853	1246	1447	2	9	10	10	0.76	
0.50	0.50	0.99	32	HLOCK	0	150647.26	COMMIT	17246	433400	294853	170731	255367	ABORT	63388	3558908	1025914	2134625	734896	665349	87	1119	1425	1726	2	9	10	11	0.77	
0.50	0.50	0.99	36	HLOCK	0	139461.34	COMMIT	14302	375245	263865	145723	223985	ABORT	55271	3617530	1022044	2297507	651635	652554	92	1322	1680	1966	2	10	11	12	0.78	
0.50	0.50	0.99	1	SILO	0	88028.47	COMMIT	350267	3979168	0	3522136	366719	ABORT	0	0	0	0	0	0	6	28	31	40	0	0	0	0	0.00	
0.50	0.50	0.99	4	SILO	0	147859.47	COMMIT	175013	1983487	0	1616513	317850	ABORT	63224	2001554	0	734403	1174507	74398	10	105	431	2615	0	4	7	10	0.28	
0.50	0.50	0.99	8	SILO	0	207495.53	COMMIT	102779	1076254	0	854730	193229	ABORT	68488	2912517	0	1717842	1103615	72224	10	235	2613	6841	0	6	13	21	0.40	
0.50	0.50	0.99	12	SILO	0	242042.76	COMMIT	88839	911317	0	716209	171062	ABORT	71044	3078411	0	1901650	1086727	71270	10	582	4187	8446	0	8	17	29	0.46	
0.50	0.50	0.99	16	SILO	0	254251.39	COMMIT	67473	692521	0	539994	131794	ABORT	60647	3298789	0	2313349	907806	60309	11	1134	5490	10919	0	10	21	35	0.49	
0.50	0.50	0.99	20	SILO	0	263950.29	COMMIT	54558	557732	0	433170	109310	ABORT	53986	3432994	0	2568259	796956	52260	11	1591	6642	12766	0	11	24	40	0.51	
0.50	0.50	0.99	24	SILO	0	270326.88	COMMIT	48848	502293	0	389558	99264	ABORT	51269	3488231	0	2670935	752579	49394	11	2048	7540	14566	0	12	26	44	0.52	
0.50	0.50	0.99	28	SILO	0	275882.96	COMMIT	42833	440253	0	340405	87889	ABORT	47265	3550088	0	2804260	685934	45293	11	2444	8519	16183	0	13	29	47	0.54	
0.50	0.50	0.99	32	SILO	0	281919.88	COMMIT	37831	386614	0	298085	77830	ABORT	44226	3604709	0	2917527	631972	41986	11	2795	9533	18527	0	14	31	55	0.55	
0.50	0.50	0.99	36	SILO	0	285143.50	COMMIT	31729	330543	0	255621	65614	ABORT	40138	3659296	0	3025516	582557	38256	11	3153	10390	20310	0	15	33	58	0.56	
0.50	0.50	0.99	1	DLOCK	0	121368.47	COMMIT	482166	3971329	349411	3223162	602252	ABORT	0	0	0	0	0	0	6	26	30	34	0	0	0	0	0.00	
0.50	0.50	0.99	4	DLOCK	0	226802.96	COMMIT	276342	3165168	671116	2483106	584920	ABORT	32900	816119	97475	418505	326729	58324	9	61	191	3055	0	2	5	12	0.12	
0.50	0.50	0.99	8	DLOCK	0	321769.79	COMMIT	215399	2994591	1064920	2403143	515105	ABORT	54474	988085	241518	282301	592962	91659	10	92	309	10901	0	3	6	34	0.23	
0.50	0.50	0.99	12	DLOCK	0	336565.55	COMMIT	127533	2667980	1440919	2229066	384284	ABORT	59973	1319673	495569	302867	879036	112737	14	138	213	4560	0	4	6	17	0.33	
0.50	0.50	0.99	16	DLOCK	0	339130.88	COMMIT	85413	2451573	1601678	2102712	303993	ABORT	60431	1539060	734134	288189	1098200	125282	19	181	244	340	0	5	6	7	0.41	
0.50	0.50	0.99	20	DLOCK	0	324908.08	COMMIT	65621	2279496	1619023	2002407	248656	ABORT	55782	1711835	880131	352458	1213780	125023	25	234	334	493	0	6	7	8	0.46	
0.50	0.50	0.99	24	DLOCK	0	313386.16	COMMIT	52293	2119797	1584179	1880593	215125	ABORT	52066	1872234	995179	432229	1294275	125975	31	290	423	613	0	7	8	8	0.49	
0.50	0.50	0.99	28	DLOCK	0	306031.84	COMMIT	43765	2010245	1561786	1803050	188117	ABORT	48594	1982067	1066582	500416	1343275	120953	39	348	546	769	0	7	8	9	0.52	
0.50	0.50	0.99	32	DLOCK	0	298674.57	COMMIT	37542	1920064	1533658	1738990	165486	ABORT	45273	2071596	1137062	552443	1387592	115527	47	407	641	959	0	7	8	9	0.55	
0.50	0.50	0.99	36	DLOCK	0	288673.52	COMMIT	32093	1813387	1476389	1647556	152135	ABORT	42314	2179301	1193198	624912	1424862	115333	57	482	750	1082	0	8	9	9	0.56	
0.50	0.50	0.99	1	HLOCK	0	110303.99	COMMIT	438836	3973717	554052	3054795	785152	ABORT	0	0	0	0	0	0	7	30	33	37	0	0	0	0	0.00	
0.50	0.50	0.99	4	HLOCK	0	234813.88	COMMIT	252881	3099539	677599	2110897	886840	ABORT	27805	883386	72205	501184	279456	90054	10	57	145	1924	0	2	4	9	0.09	
0.50	0.50	0.99	8	HLOCK	0	348572.30	COMMIT	180821	2544526	809383	1561928	912912	ABORT	55224	1441063	223895	698420	514222	206376	12	81	302	5964	0	3	6	17	0.23	
0.50	0.50	0.99	12	HLOCK	0	371951.79	COMMIT	125741	2003376	868035	1097496	857428	ABORT	85928	1983569	548051	726089	808114	416733	15	117	526	6466	0	4	7	14	0.39	
0.50	0.50	0.99	16	HLOCK	0	341004.19	COMMIT	80614	1469927	863644	682927	749647	ABORT	111908	2517432	1125732	712646	1002560	758343	24	198	301	451	0	6	7	8	0.55	
0.50	0.50	0.99	20	HLOCK	0	279070.43	COMMIT	51174	1002115	667659	424295	553631	ABORT	99783	2986457	1424709	1154190	878500	907673	29	358	566	820	1	7	8	9	0.63	
0.50	0.50	0.99	24	HLOCK	0	241636.97	COMMIT	36635	757660	542239	302895	438365	ABORT	85059	3232790	1516610	1524996	737101	936942	32	564	898	1195	1	8	9	10	0.67	
0.50	0.50	0.99	28	HLOCK	0	216218.74	COMMIT	28069	598794	449715	231062	356356	ABORT	72288	3392923	1548637	1816189	622131	933681	33	795	1220	1444	1	9	10	10	0.70	
0.50	0.50	0.99	32	HLOCK	0	194026.52	COMMIT	21995	502610	399463	184281	308466	ABORT	60815	3489114	1564006	2011232	528657	926188	35	1131	1484	1783	1	9	10	11	0.71	
0.50	0.50	0.99	36	HLOCK	0	190510.19	COMMIT	19149	442386	348543	163993	270468	ABORT	55854	3550283	1489510	2168396	489311	876722	36	1291	1666	1993	1	10	11	12	0.72	
0.50	0.50	0.99	1	SILO	0	124653.09	COMMIT	495846	3970827	0	3481944	366192	ABORT	0	0	0	0	0	0	6	26	29	35	0	0	0	0	0.00	
0.50	0.50	0.99	4	SILO	0	191343.26	COMMIT	157506	1379725	0	1140920	198004	ABORT	32306	2617018	0	2125519	451673	31261	8	80	411	4715	0	3	6	10	0.16	
0.50	0.50	0.99	8	SILO	0	250841.61	COMMIT	135771	1170469	0	958185	176529	ABORT	42953	2818542	0	2214815	554383	37839	9	136	2517	12661	0	4	12	21	0.25	
0.50	0.50	0.99	12	SILO	0	317074.89	COMMIT	100333	848029	0	685996	135773	ABORT	44862	3196546	0	2594987	551669	38153	9	218	4091	11140	0	6	17	32	0.31	
0.50	0.50	0.99	16	SILO	0	384051.55	COMMIT	100044	851394	0	680498	138854	ABORT	50984	3168771	0	2490240	619360	43625	9	366	5534	12889	0	7	21	40	0.35	
0.50	0.50	0.99	20	SILO	0	401257.34	COMMIT	86454	732443	0	586249	123182	ABORT	48220	3256010	0	2622117	580013	40135	9	620	6793	15145	0	8	24	46	0.37	
0.50	0.50	0.99	24	SILO	0	412179.28	COMMIT	72196	610990	0	487473	104507	ABORT	43377	3378513	0	2810338	518974	36156	9	984	7902	17805	0	9	27	52	0.39	
0.50	0.50	0.99	28	SILO	0	419557.74	COMMIT	60517	514656	0	409846	88552	ABORT	39484	3474907	0	2958818	471255	32919	10	1343	8955	19714	0	10	30	58	0.40	
0.50	0.50	0.99	32	SILO	0	430517.34	COMMIT	54367	462553	0	367571	80216	ABORT	37089	3527629	0	3044425	442152	30146	10	1621	10028	21665	0	11	33	62	0.41	
0.50	0.50	0.99	36	SILO	0	435597.53	COMMIT	46952	401930	0	320049	69048	ABORT	34473	3587751	0	3134388	414067	28383	10	1882	11045	24717	0	12	35	71	0.43	

record size: small-4 large-32bimodal, w/o log (stored procedure)
Rd	Wt	Zip	T	CC	TP	P50	P90	P99	P999	Abt
0.50	0.50	0.99	1	DLOCK	0	74233.48	COMMIT	294968	3982729	347017	3316370	570932	ABORT	0	0	0	0	0	0	13	28	32	41	0	0	0	0	0.00	
0.50	0.50	0.99	4	DLOCK	0	120029.43	COMMIT	143000	2830624	849712	2295774	479193	ABORT	51271	1157268	258528	130598	894612	109171	28	99	596	5325	0	3	8	19	0.30	
0.50	0.50	0.99	8	DLOCK	0	133954.80	COMMIT	67606	1867665	983966	1564039	276424	ABORT	72074	2122550	886568	321497	1611638	161990	50	187	237	308	0	5	6	7	0.51	
0.50	0.50	0.99	12	DLOCK	0	127911.65	COMMIT	42708	1427498	871828	1226655	184448	ABORT	67214	2565400	1214926	558220	1837243	148528	74	306	430	602	1	7	7	8	0.61	
0.50	0.50	0.99	16	DLOCK	0	124964.99	COMMIT	31044	1161591	759018	1011020	137846	ABORT	61034	2831527	1353720	788373	1887029	136658	98	445	662	991	1	7	8	9	0.66	
0.50	0.50	0.99	20	DLOCK	0	121551.64	COMMIT	24134	981177	668206	859473	112331	ABORT	54442	3012319	1418090	995085	1878849	121053	122	630	967	1240	1	8	9	10	0.69	
0.50	0.50	0.99	24	DLOCK	0	118346.67	COMMIT	19490	844910	591812	744523	92641	ABORT	49056	3149081	1439382	1181403	1845148	108002	149	791	1201	1419	1	9	9	10	0.71	
0.50	0.50	0.99	28	DLOCK	0	114866.18	COMMIT	16073	744450	533038	659632	78325	ABORT	44373	3249865	1421845	1357211	1780255	99314	176	1035	1357	1601	1	9	10	11	0.73	
0.50	0.50	0.99	32	DLOCK	0	112377.07	COMMIT	13830	695464	513191	618404	71608	ABORT	40551	3298740	1416869	1452120	1739999	95167	203	1202	1501	1793	1	9	10	11	0.74	
0.50	0.50	0.99	36	DLOCK	0	111847.64	COMMIT	12164	635797	472468	567080	63387	ABORT	37417	3356911	1401756	1555420	1700471	87990	226	1319	1656	1961	1	10	11	12	0.75	
0.50	0.50	0.99	1	HLOCK	0	66636.18	COMMIT	265036	3984547	560743	3101026	800957	ABORT	0	0	0	0	0	0	16	32	35	46	0	0	0	0	0.00	
0.50	0.50	0.99	4	HLOCK	0	133716.54	COMMIT	136427	2686873	665918	1738092	886787	ABORT	46782	1302066	111305	328643	787631	160877	31	85	254	2658	0	3	6	11	0.24	
0.50	0.50	0.99	8	HLOCK	0	176052.77	COMMIT	88208	1878738	732017	1021713	821690	ABORT	88633	2110071	346787	306034	1400147	368165	46	127	163	212	0	4	5	6	0.49	
0.50	0.50	0.99	12	HLOCK	0	171187.28	COMMIT	55549	1229861	589321	595229	614742	ABORT	101183	2760021	610589	666486	1524724	535574	67	216	302	401	1	6	7	8	0.63	
0.50	0.50	0.99	16	HLOCK	0	158727.21	COMMIT	37698	869303	458343	395654	459140	ABORT	94948	3121408	754720	1082263	1409558	599909	90	355	518	694	2	7	8	9	0.70	
0.50	0.50	0.99	20	HLOCK	0	147559.86	COMMIT	27543	659505	363724	290470	357167	ABORT	83579	3331985	774574	1481095	1227416	590752	108	536	775	1122	2	8	9	9	0.74	
0.50	0.50	0.99	24	HLOCK	0	139810.95	COMMIT	21523	521524	298987	222042	290383	ABORT	73620	3469873	756206	1812637	1068611	560411	123	723	1129	1335	3	8	9	10	0.76	
0.50	0.50	0.99	28	HLOCK	0	136391.05	COMMIT	17806	431415	244120	185037	239318	ABORT	66100	3560301	710887	2087627	937932	515524	132	975	1301	1517	3	9	10	10	0.77	
0.50	0.50	0.99	32	HLOCK	0	130511.73	COMMIT	14830	369956	218172	154085	209356	ABORT	58688	3621679	668042	2279612	839744	480524	143	1182	1467	1777	3	9	10	11	0.78	
0.50	0.50	0.99	36	HLOCK	0	125967.14	COMMIT	12613	324767	192587	134753	184663	ABORT	52287	3668075	630979	2448190	757377	446741	153	1323	1665	1934	4	10	11	12	0.79	
0.50	0.50	0.99	1	SILO	0	74256.22	COMMIT	296458	3982634	0	3542521	371305	ABORT	0	0	0	0	0	0	14	28	31	42	0	0	0	0	0.00	
0.50	0.50	0.99	4	SILO	0	136212.07	COMMIT	151529	1736035	0	1376638	320083	ABORT	77537	2249819	0	515807	1609017	102306	15	107	352	1908	0	4	6	9	0.35	
0.50	0.50	0.99	8	SILO	0	188401.23	COMMIT	100814	1063924	0	811386	225944	ABORT	89195	2924136	0	1176710	1618032	105227	22	268	2285	5111	0	7	12	19	0.48	
0.50	0.50	0.99	12	SILO	0	207303.54	COMMIT	74865	780316	0	589503	171270	ABORT	79626	3210031	0	1723320	1375715	90557	23	660	3879	7777	0	9	16	27	0.52	
0.50	0.50	0.99	16	SILO	0	218207.31	COMMIT	56964	599293	0	449346	133616	ABORT	68104	3391197	0	2139086	1158389	74009	24	1241	5005	9464	0	10	19	30	0.55	
0.50	0.50	0.99	20	SILO	0	223620.95	COMMIT	46505	486000	0	363199	110428	ABORT	61382	3504915	0	2403516	1017043	66954	25	1781	6153	11583	0	11	22	36	0.57	
0.50	0.50	0.99	24	SILO	0	231074.85	COMMIT	37725	395351	0	294187	90809	ABORT	54298	3595652	0	2633518	887431	58708	26	2213	7088	12790	0	12	25	39	0.59	
0.50	0.50	0.99	28	SILO	0	235665.73	COMMIT	35040	367324	0	273010	84556	ABORT	52620	3624151	0	2701687	850118	56841	26	2594	7944	15104	0	13	27	46	0.60	
0.50	0.50	0.99	32	SILO	0	240404.52	COMMIT	31519	330677	0	244199	77345	ABORT	49580	3660769	0	2804525	787591	53403	26	2991	8731	16480	0	14	29	48	0.62	
0.50	0.50	0.99	36	SILO	0	243233.82	COMMIT	26718	282820	0	209084	66077	ABORT	44760	3709802	0	2931568	718317	47289	27	3334	9515	18035	0	15	31	53	0.63	
0.50	0.50	0.99	1	DLOCK	0	104025.18	COMMIT	413925	3975427	348685	3259575	589877	ABORT	0	0	0	0	0	0	4	28	31	39	0	0	0	0	0.00	
0.50	0.50	0.99	4	DLOCK	0	162190.20	COMMIT	170943	2411802	703037	1901516	446594	ABORT	38047	1575694	214233	824447	645462	91275	6	95	951	7249	0	3	9	20	0.18	
0.50	0.50	0.99	8	DLOCK	0	210214.05	COMMIT	113278	2261466	1150742	1867705	345875	ABORT	61648	1721529	645520	311615	1242974	139957	7	158	275	4103	0	5	6	16	0.36	
0.50	0.50	0.99	12	DLOCK	0	205188.94	COMMIT	69175	1857524	1171546	1587440	240004	ABORT	61781	2133946	1015648	406404	1561485	145152	10	246	344	453	0	6	7	8	0.47	
0.50	0.50	0.99	16	DLOCK	0	201638.11	COMMIT	50857	1591553	1092024	1385798	181944	ABORT	57464	2401174	1188484	578770	1667722	135913	11	346	509	685	0	7	8	8	0.53	
0.50	0.50	0.99	20	DLOCK	0	192341.04	COMMIT	38607	1421425	1040491	1257133	147862	ABORT	50899	2570680	1281112	742193	1689438	122192	15	467	712	1064	0	8	8	9	0.57	
0.50	0.50	0.99	24	DLOCK	0	186929.01	COMMIT	31308	1277376	967938	1138225	125418	ABORT	46544	2716228	1333027	889154	1697965	115184	18	617	979	1251	0	8	9	10	0.60	
0.50	0.50	0.99	28	DLOCK	0	181704.60	COMMIT	26066	1161875	901564	1041684	108420	ABORT	42654	2830933	1374041	1009350	1700110	108499	21	751	1176	1409	0	8	9	10	0.62	
0.50	0.50	0.99	32	DLOCK	0	179637.24	COMMIT	22167	1072695	851423	969126	93755	ABORT	39359	2921024	1367274	1148856	1659501	101435	24	917	1306	1552	0	9	10	11	0.64	
0.50	0.50	0.99	36	DLOCK	0	175774.95	COMMIT	19237	1012244	817057	914764	88875	ABORT	36291	2980619	1371993	1233829	1642177	93388	27	1095	1421	1739	0	9	10	11	0.65	
0.50	0.50	0.99	1	HLOCK	0	94602.27	COMMIT	376551	3977467	556348	3054748	807627	ABORT	0	0	0	0	0	0	4	31	35	43	0	0	0	0	0.00	
0.50	0.50	0.99	4	HLOCK	0	195762.82	COMMIT	204097	2901270	732542	1868863	950151	ABORT	40130	1083952	109893	280038	636508	149370	6	77	185	1659	0	2	5	9	0.16	
0.50	0.50	0.99	8	HLOCK	0	244952.74	COMMIT	130574	2062545	775016	1157735	852361	ABORT	65071	1927100	303737	660100	940408	300886	8	118	684	6504	0	4	8	18	0.33	
0.50	0.50	0.99	12	HLOCK	0	265101.64	COMMIT	86904	1528315	777308	734686	758226	ABORT	97913	2460117	713830	518876	1338169	569750	14	178	246	343	0	5	6	7	0.51	
0.50	0.50	0.99	16	HLOCK	0	244888.28	COMMIT	58871	1089379	609483	488391	574816	ABORT	97093	2900140	917658	905593	1287637	675531	17	286	414	603	0	7	8	8	0.60	
0.50	0.50	0.99	20	HLOCK	0	224563.49	COMMIT	42487	821263	493092	349319	451133	ABORT	86636	3168384	999666	1292814	1135546	702507	19	437	676	1013	0	8	8	9	0.65	
0.50	0.50	0.99	24	HLOCK	0	210449.10	COMMIT	33164	645130	398082	269205	360538	ABORT	76998	3345964	986523	1648189	991517	675934	21	636	1012	1276	0	8	9	10	0.68	
0.50	0.50	0.99	28	HLOCK	0	192168.94	COMMIT	25380	523992	346653	206032	305257	ABORT	64847	3459722	1024741	1912896	839487	684152	21	885	1280	1514	0	9	10	10	0.70	
0.50	0.50	0.99	32	HLOCK	0	190485.98	COMMIT	21984	450918	297513	178901	261949	ABORT	59859	3541795	930470	2144320	762766	613564	22	1091	1410	1710	0	9	10	11	0.71	
0.50	0.50	0.99	36	HLOCK	0	177365.40	COMMIT	18210	394399	276547	150747	235439	ABORT	52004	3597882	964319	2290064	671402	621620	22	1297	1645	1955	0	10	11	12	0.73	
0.50	0.50	0.99	1	SILO	0	104975.92	COMMIT	417619	3975884	0	3493386	376422	ABORT	0	0	0	0	0	0	3	28	31	38	0	0	0	0	0.00	
0.50	0.50	0.99	4	SILO	0	186142.89	COMMIT	200404	1721622	0	1372248	296535	ABORT	64028	2807822	0	1424953	1285005	80333	5	102	408	3177	0	3	6	9	0.25	
0.50	0.50	0.99	8	SILO	0	232063.58	COMMIT	125804	1031662	0	805250	193849	ABORT	63662	2956250	0	1733249	1134046	72532	5	202	2191	8215	0	6	11	18	0.35	
0.50	0.50	0.99	12	SILO	0	294664.06	COMMIT	100037	796788	0	609132	161206	ABORT	68421	3192783	0	1958697	1142740	74111	5	384	3454	7522	0	8	15	25	0.41	
0.50	0.50	0.99	16	SILO	0	313811.41	COMMIT	83443	664381	0	503885	136216	ABORT	63312	3325360	0	2218014	1023676	66994	5	746	4606	9293	0	9	18	30	0.44	
0.50	0.50	0.99	20	SILO	0	325220.31	COMMIT	70072	556286	0	420669	117113	ABORT	57816	3432664	0	2438091	919147	59474	5	1194	5713	11298	0	10	21	36	0.46	
0.50	0.50	0.99	24	SILO	0	333644.13	COMMIT	56968	455525	0	344123	96360	ABORT	51241	3534874	0	2661130	806822	51950	5	1583	6507	12896	0	11	23	39	0.48	
0.50	0.50	0.99	28	SILO	0	340785.92	COMMIT	51859	415053	0	311916	89005	ABORT	49118	3574527	0	2745774	764500	49696	5	1934	7351	14246	0	12	25	43	0.50	
0.50	0.50	0.99	32	SILO	0	345043.44	COMMIT	45146	362451	0	271525	78452	ABORT	45354	3628405	0	2871064	698346	45854	5	2273	8211	16195	0	13	28	47	0.51	
0.50	0.50	0.99	36	SILO	0	352276.81	COMMIT	39389	317126	0	238284	67687	ABORT	41711	3671964	0	2976593	640019	42208	5	2531	8938	17739	0	13	30	52	0.52	
0.50	0.50	0.99	1	DLOCK	0	176486.36	COMMIT	701789	3959113	358491	3115098	645213	ABORT	0	0	0	0	0	0	3	26	29	33	0	0	0	0	0.00	
0.50	0.50	0.99	4	DLOCK	0	301245.48	COMMIT	443633	3213028	640612	2456113	620504	ABORT	22803	758791	73259	425139	279221	46789	4	58	157	2388	0	1	4	10	0.06	
0.50	0.50	0.99	8	DLOCK	0	461236.04	COMMIT	286704	2872326	1112020	2255403	520277	ABORT	42057	1107574	258423	414343	591720	87621	5	109	269	6640	0	3	5	22	0.14	
0.50	0.50	0.99	12	DLOCK	0	478251.45	COMMIT	215871	2590023	1242345	2092788	416924	ABORT	44809	1393688	376709	563075	721665	93165	5	140	322	9379	0	4	6	24	0.19	
0.50	0.50	0.99	16	DLOCK	0	491549.53	COMMIT	147218	2456310	1497020	2058474	329289	ABORT	46830	1530554	589177	480601	927155	105218	6	192	406	4776	0	5	7	17	0.25	
0.50	0.50	0.99	20	DLOCK	0	479197.27	COMMIT	96612	2463489	1781405	2145544	271041	ABORT	44630	1526887	772396	319182	1078178	113399	6	242	345	496	0	6	7	8	0.31	
0.50	0.50	0.99	24	DLOCK	0	474646.76	COMMIT	78934	2328913	1768954	2056505	232815	ABORT	42611	1662181	851998	402245	1133523	111391	6	292	429	626	0	6	8	8	0.34	
0.50	0.50	0.99	28	DLOCK	0	457539.62	COMMIT	65365	2234569	1766149	2001123	202708	ABORT	39294	1757192	919399	465606	1171820	106649	6	355	558	802	0	7	8	9	0.37	
0.50	0.50	0.99	32	DLOCK	0	446491.42	COMMIT	55718	2146150	1739956	1935438	183689	ABORT	36508	1845012	976898	518079	1208096	106682	7	414	660	1005	0	7	8	9	0.39	
0.50	0.50	0.99	36	DLOCK	0	
0.50	0.50	0.99	1	HLOCK	0	161142.95	COMMIT	641137	3961388	549016	2970179	808116	ABORT	0	0	0	0	0	0	3	30	33	37	0	0	0	0	0.00	
0.50	0.50	0.99	4	HLOCK	0	316410.55	COMMIT	423033	3291290	709683	2208583	939631	ABORT	22271	682478	65945	300027	289580	84577	5	57	135	972	0	1	4	7	0.05	
0.50	0.50	0.99	8	HLOCK	0	475601.05	COMMIT	299125	2622241	810176	1598700	916914	ABORT	40837	1357646	189633	710997	453512	178133	5	82	223	4307	0	2	5	14	0.13	
0.50	0.50	0.99	12	HLOCK	0	555089.01	COMMIT	186430	2067732	928426	1097564	899173	ABORT	68747	1916084	535983	751063	734084	407585	6	149	437	2713	0	4	6	11	0.25	
0.50	0.50	0.99	16	HLOCK	0	493746.72	COMMIT	123623	1548716	870384	732893	755293	ABORT	78502	2438195	937268	999205	781260	628803	7	205	935	4931	0	6	7	14	0.37	
0.50	0.50	0.99	20	HLOCK	0	452365.96	COMMIT	84946	1214785	808698	508799	663628	ABORT	90905	2772268	1454641	973824	846911	913709	8	317	505	713	0	7	8	9	0.48	
0.50	0.50	0.99	24	HLOCK	0	395129.32	COMMIT	61526	933065	673896	365838	536757	ABORT	77890	3056590	1563610	1349984	721052	955185	8	498	792	1170	0	8	9	9	0.53	
0.50	0.50	0.99	28	HLOCK	0	349479.31	COMMIT	46730	761760	598753	280874	459260	ABORT	64495	3229504	1662060	1614361	607581	988904	8	729	1184	1451	0	8	9	10	0.56	
0.50	0.50	0.99	32	HLOCK	0	337507.72	COMMIT	38363	626617	492416	227838	380177	ABORT	58720	3365176	1541692	1888774	542130	912559	8	938	1365	1653	0	9	10	11	0.58	
0.50	0.50	0.99	36	HLOCK	0	309226.49	COMMIT	31462	550934	454738	192542	344148	ABORT	50206	3441638	1590530	2024600	474869	927858	8	1214	1617	1943	0	9	11	11	0.59	
0.50	0.50	0.99	1	SILO	0	183681.08	COMMIT	730912	3956923	0	3410112	370012	ABORT	0	0	0	0	0	0	3	26	29	34	0	0	0	0	0.00	
0.50	0.50	0.99	4	SILO	0	253260.66	COMMIT	301005	1706312	0	1390991	243761	ABORT	30601	2649025	0	2068050	538412	34887	4	74	334	4382	0	2	5	9	0.10	
0.50	0.50	0.99	8	SILO	0	308116.43	COMMIT	201967	1146337	0	923079	174442	ABORT	33228	2991563	0	2416669	532127	34604	4	109	1585	9564	0	4	9	17	0.15	
0.50	0.50	0.99	12	SILO	0	375377.32	COMMIT	109838	613706	0	484905	101329	ABORT	30457	3471653	0	2983152	451657	29346	4	153	3045	12824	0	5	13	23	0.19	
0.50	0.50	0.99	16	SILO	0	442579.21	COMMIT	100345	560935	0	437307	94429	ABORT	33264	3505955	0	2992391	473457	31451	4	215	3971	12067	0	6	16	30	0.23	
0.50	0.50	0.99	20	SILO	0	524265.69	COMMIT	104379	584862	0	456511	102185	ABORT	37212	3499407	0	2931465	523745	34244	4	295	5029	12707	0	7	19	35	0.26	
0.50	0.50	0.99	24	SILO	0	601285.05	COMMIT	100081	565606	0	439947	100303	ABORT	40019	3464746	0	2853745	562783	36672	4	405	5797	13391	0	8	21	40	0.28	
0.50	0.50	0.99	28	SILO	0	626518.91	COMMIT	98505	552981	0	427911	99490	ABORT	40614	3435038	0	2825572	560655	37005	4	621	6592	14679	0	8	24	45	0.30	
0.50	0.50	0.99	32	SILO	0	638474.38	COMMIT	90004	509363	0	393205	92083	ABORT	38939	3479233	0	2894523	538424	35249	4	852	7351	16235	0	9	26	48	0.31	
0.50	0.50	0.99	36	SILO	0	649166.32	COMMIT	72912	416468	0	321797	75149	ABORT	34591	3571279	0	3050240	479277	31381	4	1082	8121	18050	0	10	28	53	0.32	
