bimodal, w/o log
Rd	Wt	Zip	T	CC	TP	P50	P90	P99	P999	Abt
0.50	0.50	0.99	1	NO_WAIT	0	5063.58	COMMIT	18788	3965837	0	0	0	ABORT	0	0	0	0	0	0	118	1537	1663	3019	0	0	0	0	0.00	
0.50	0.50	0.99	4	NO_WAIT	0	10704.51	COMMIT	10337	1950615	0	0	0	ABORT	16808	2001118	0	1794097	0	0	189	4989	11204	17203	0	20	36	51	0.63	
0.50	0.50	0.99	8	NO_WAIT	0	10973.09	COMMIT	5106	1012866	0	0	0	ABORT	16238	2886010	0	2676617	0	0	230	10561	20058	31071	0	34	59	91	0.76	
0.50	0.50	0.99	12	NO_WAIT	0	10418.80	COMMIT	3547	751979	0	0	0	ABORT	15291	3106165	0	2893155	0	0	265	16071	29926	49890	0	49	85	131	0.82	
0.50	0.50	0.99	16	NO_WAIT	0	9497.86	COMMIT	2050	458121	0	0	0	ABORT	13686	3360959	0	3204176	0	0	291	23593	48159	87195	0	68	132	226	0.86	
0.50	0.50	0.99	20	NO_WAIT	0	8204.16	COMMIT	1511	383517	0	0	0	ABORT	13113	3365799	0	3206356	0	0	349	31360	52414	78988	0	90	143	212	0.90	
0.50	0.50	0.99	24	NO_WAIT	0	7033.22	COMMIT	1112	311044	0	0	0	ABORT	12172	3388359	0	3247208	0	0	395	42019	74111	99999	1	119	207	324	0.92	
0.50	0.50	0.99	28	NO_WAIT	0	5541.88	COMMIT	655	224286	0	0	0	ABORT	11167	3414551	0	3298234	0	0	505	60815	98569	99999	3	168	272	407	0.94	
0.50	0.50	0.99	32	NO_WAIT	0	3963.25	COMMIT	348	193350	0	0	0	ABORT	10065	3346011	0	3260155	0	0	1093	91805	99999	99999	5	250	428	606	0.96	
0.50	0.50	0.99	36	NO_WAIT	0	2314.62	COMMIT	230	151366	0	0	0	ABORT	9737	3381567	0	3259184	0	0	1761	99999	99999	99999	8	464	831	1341	0.98	
0.50	0.50	0.99	1	WAIT_DIE	0	5025.56	COMMIT	18666	3966786	0	0	0	ABORT	0	0	0	0	0	0	120	1545	1729	3347	0	0	0	0	0.00	
0.50	0.50	0.99	4	WAIT_DIE	0	13258.73	COMMIT	12050	2599644	476257	0	0	ABORT	28205	1349587	53127	1101109	0	0	258	1826	5487	9722	0	10	14	18	0.70	
0.50	0.50	0.99	8	WAIT_DIE	0	13593.78	COMMIT	6176	1979384	788331	0	0	ABORT	23895	1911466	120235	1541309	0	0	395	3212	15472	24839	2	12	27	39	0.79	
0.50	0.50	0.99	12	WAIT_DIE	0	13732.45	COMMIT	4176	1664056	844109	0	0	ABORT	19781	2195771	205405	1755908	0	0	465	5833	33106	81215	4	17	57	99	0.83	
0.50	0.50	0.99	16	WAIT_DIE	0	12265.78	COMMIT	2777	1438012	849159	0	0	ABORT	15353	2376143	269130	1898138	0	0	532	11629	62080	99999	6	29	103	161	0.85	
0.50	0.50	0.99	20	WAIT_DIE	0	10172.16	COMMIT	1760	1232014	818870	0	0	ABORT	12034	2533457	354980	2021962	0	0	518	23938	99999	99999	5	57	182	275	0.87	
0.50	0.50	0.99	24	WAIT_DIE	0	7937.18	COMMIT	1151	989766	668009	0	0	ABORT	9721	2710076	483762	2104826	0	0	434	50917	99999	99999	4	113	314	451	0.89	
0.50	0.50	0.99	28	WAIT_DIE	0	6679.17	COMMIT	686	1114831	872174	0	0	ABORT	8293	2539750	518598	1891592	0	0	1002	44266	99999	99999	8	91	401	559	0.91	
0.50	0.50	0.99	32	WAIT_DIE	0	2707.96	COMMIT	227	460639	297618	0	0	ABORT	6594	3237564	1033861	2160776	0	0	301	99999	99999	99999	0	434	1161	1337	0.95	
0.50	0.50	0.99	36	WAIT_DIE	0	5696.91	COMMIT	469	1384394	1205045	0	0	ABORT	7146	1913103	2616	1747948	0	0	2424	54385	86016	99999	11	60	142	177	0.94	
bimodal, w/o log
Rd	Wt	Zip	T	CC	TP	P50	P90	P99	P999	Abt
0.50	0.50	0.99	1	WOUND_WAIT	0	5035.89	COMMIT	18696	3964565	0	0	0	ABORT	0	0	0	0	0	0	121	1541	1694	3925	0	0	0	0	0.00	
0.50	0.50	0.99	4	WOUND_WAIT	0	13011.71	COMMIT	12169	3803700	1631905	0	0	ABORT	395	135267	115531	933	0	0	302	1891	3385	4364	0	1	3	5	0.03	
0.50	0.50	0.99	8	WOUND_WAIT	0	11932.74	COMMIT	5662	3534942	2452394	0	0	ABORT	626	377084	320864	20159	0	0	663	4216	8917	10732	0	4	10	11	0.11	
0.50	0.50	0.99	12	WOUND_WAIT	0	10344.78	COMMIT	3194	3033310	2363612	0	0	ABORT	908	835617	658327	130832	0	0	1120	14206	17629	19682	0	13	16	18	0.23	
0.50	0.50	0.99	16	WOUND_WAIT	0	8899.46	COMMIT	1955	2902437	2417522	0	0	ABORT	769	910029	720253	150654	0	0	1750	23163	26745	28848	0	18	21	22	0.27	
0.50	0.50	0.99	20	WOUND_WAIT	0	8073.16	COMMIT	1469	3560652	3174541	0	0	ABORT	135	187952	170462	4282	0	0	2667	5383	19201	39828	0	2	9	15	0.09	
0.50	0.50	0.99	24	WOUND_WAIT	0	6914.18	COMMIT	997	3500513	3200508	0	0	ABORT	121	197956	181525	6301	0	0	3807	6877	38112	59820	0	1	10	15	0.09	
0.50	0.50	0.99	28	WOUND_WAIT	0	5466.88	COMMIT	656	3474031	3232512	0	0	ABORT	43	156261	147410	71	0	0	5620	9321	53357	69475	0	1	3	4	0.06	
0.50	0.50	0.99	32	WOUND_WAIT	0	3938.92	COMMIT	377	3266840	3058796	0	0	ABORT	24	106990	102607	60	0	0	8657	33305	69255	72518	0	1	4	6	0.07	
0.50	0.50	0.99	36	WOUND_WAIT	0	2605.28	COMMIT	227	3401393	3238738	0	0	ABORT	10	121317	116641	18	0	0	15236	62900	99999	99999	0	1	3	7	0.06	
0.50	0.50	0.99	1	DLOCK	0	3991.58	COMMIT	15599	3964011	15426	0	0	ABORT	0	0	0	0	0	0	168	1508	1655	3515	0	0	0	0	0.00	
0.50	0.50	0.99	4	DLOCK	0	12537.73	COMMIT	11451	3589965	1086203	0	0	ABORT	1115	355300	246312	1631	0	0	260	3260	4810	6004	0	1	3	5	0.09	
0.50	0.50	0.99	8	DLOCK	0	13227.71	COMMIT	5778	2483769	1105516	0	0	ABORT	2914	1409450	1010437	7492	0	0	393	9000	10875	11979	0	4	7	11	0.31	
0.50	0.50	0.99	12	DLOCK	0	11750.40	COMMIT	3190	1693438	852795	0	0	ABORT	3159	2170689	1747547	22459	0	0	389	17446	19703	21011	0	7	11	15	0.43	
0.50	0.50	0.99	16	DLOCK	0	8979.81	COMMIT	1923	1067570	537815	0	0	ABORT	2130	2728071	2463294	40088	0	0	303	29370	31697	33086	0	10	14	18	0.48	
0.50	0.50	0.99	20	DLOCK	0	5466.22	COMMIT	1059	630420	282392	0	0	ABORT	835	3128483	3051159	46864	0	0	209	46985	50038	52323	0	13	18	21	0.45	
0.50	0.50	0.99	24	DLOCK	0	4140.58	COMMIT	766	510185	234308	0	0	ABORT	650	3188865	3101986	62244	0	0	206	75349	79390	82430	0	16	22	26	0.51	
0.50	0.50	0.99	28	DLOCK	0	2566.62	COMMIT	382	440297	267244	0	0	ABORT	445	3076023	3011722	35168	0	0	222	99999	99999	99999	0	18	22	27	0.55	
0.50	0.50	0.99	32	DLOCK	0	2040.96	COMMIT	192	759691	626168	0	0	ABORT	239	2730078	2687330	24683	0	0	299	99999	99999	99999	0	20	25	33	0.53	
0.50	0.50	0.99	36	DLOCK	0	711.99	COMMIT	67	3516096	3388620	0	0	ABORT	1	10	0	2	0	0	1466	99999	99999	99999	0	1	2	3	0.01	
0.50	0.50	0.99	1	HLOCK	0	4484.91	COMMIT	17701	3964887	54971	0	0	ABORT	0	0	0	0	0	0	162	1491	1637	2253	0	0	0	0	0.00	
0.50	0.50	0.99	4	HLOCK	0	21867.88	COMMIT	18349	3581371	402826	0	0	ABORT	2228	372580	7751	8505	0	0	149	1465	3207	5097	0	3	5	8	0.11	
0.50	0.50	0.99	8	HLOCK	0	34482.25	COMMIT	14452	3055894	832097	0	0	ABORT	6014	849736	151118	42551	0	0	207	1419	4768	10560	0	5	8	11	0.28	
0.50	0.50	0.99	12	HLOCK	0	38619.53	COMMIT	10592	2383863	893880	0	0	ABORT	9676	1464165	479939	109571	0	0	287	1622	7789	22014	0	6	10	19	0.45	
0.50	0.50	0.99	16	HLOCK	0	38739.16	COMMIT	7779	1835784	814972	0	0	ABORT	12592	1969937	848888	171902	0	0	387	1945	13479	33565	1	7	13	31	0.58	
0.50	0.50	0.99	20	HLOCK	0	37992.50	COMMIT	6015	1454995	649242	0	0	ABORT	13973	2265060	1083298	226708	0	0	492	2381	19610	47374	2	8	19	43	0.67	
0.50	0.50	0.99	24	HLOCK	0	37630.85	COMMIT	4486	1114277	557708	0	0	ABORT	14984	2579037	1201049	358952	0	0	604	2688	26830	53632	2	9	25	48	0.73	
0.50	0.50	0.99	28	HLOCK	0	36538.90	COMMIT	3778	911108	411926	0	0	ABORT	15147	2708145	1269178	490185	0	0	715	3141	32493	64329	3	10	30	58	0.77	
0.50	0.50	0.99	32	HLOCK	0	35889.54	COMMIT	3326	797901	344082	0	0	ABORT	15156	2788638	1280296	630474	0	0	819	3526	35686	66743	4	11	33	60	0.80	
0.50	0.50	0.99	36	HLOCK	0	34221.57	COMMIT	2640	647875	252499	0	0	ABORT	13714	2777379	1137561	763420	0	0	936	4288	40961	72060	5	12	36	63	0.81	
0.50	0.50	0.99	1	SILO	0	5161.89	COMMIT	19102	3963845	0	0	0	ABORT	0	0	0	0	0	0	116	1536	1679	2804	0	0	0	0	0.00	
0.50	0.50	0.99	4	SILO	0	21413.58	COMMIT	16573	2659444	0	0	0	ABORT	7021	1292026	0	41483	0	0	51	1504	6084	11346	0	4	8	11	0.28	
0.50	0.50	0.99	8	SILO	0	30081.40	COMMIT	11069	1654935	0	0	0	ABORT	10990	2242041	0	343228	0	0	58	3179	12205	31186	0	9	16	25	0.47	
0.50	0.50	0.99	12	SILO	0	34203.30	COMMIT	8019	1217027	0	0	0	ABORT	11930	2631046	0	654207	0	0	63	4694	18562	55197	0	13	22	41	0.56	
0.50	0.50	0.99	16	SILO	0	36239.88	COMMIT	6324	946033	0	0	0	ABORT	11698	2870613	0	895398	0	0	65	6359	22929	95036	0	16	30	70	0.62	
0.50	0.50	0.99	20	SILO	0	37103.95	COMMIT	5016	748202	0	0	0	ABORT	11135	3001545	0	1050057	0	0	67	7691	26131	99999	0	18	35	113	0.66	
0.50	0.50	0.99	24	SILO	0	38232.49	COMMIT	4114	598325	0	0	0	ABORT	10749	3097910	0	1209106	0	0	71	9232	33944	99999	0	21	43	115	0.69	
0.50	0.50	0.99	28	SILO	0	36766.83	COMMIT	3743	590027	0	0	0	ABORT	10265	3065582	0	1238020	0	0	81	10726	46454	99999	1	24	49	129	0.71	
0.50	0.50	0.99	32	SILO	0	38918.54	COMMIT	3540	516677	0	0	0	ABORT	10168	3055773	0	1354691	0	0	73	11412	39268	99999	1	26	50	170	0.73	
0.50	0.50	0.99	36	SILO	0	35325.91	COMMIT	2567	426121	0	0	0	ABORT	8871	3092844	0	1379619	0	0	81	13902	61934	99999	1	30	60	181	0.75	
