Rd	Wt	Zip	T	CC	TP	P50	P90	P99	P999	Abt
0.00	1.00	0.10	1	OLOCK	0	266401.13	3	4	4	5	6	0	0	0	0	0	0.00	0.00
0.00	1.00	0.10	4	OLOCK	0	760084.01	5	5	5	6	9	0	0	0	0	0	0.00	0.00
0.00	1.00	0.10	8	OLOCK	0	1493557.97	5	6	6	6	12	0	0	0	0	0	0.00	0.00
0.00	1.00	0.10	12	OLOCK	0	2131727.99	5	6	6	7	12	0	0	0	0	0	0.00	0.00
0.00	1.00	0.10	16	OLOCK	0	2532350.90	6	7	7	7	13	0	0	0	0	0	0.00	0.00
0.00	1.00	0.10	20	OLOCK	0	2704791.87	7	8	9	10	14	0	0	0	0	0	0.00	0.00
0.00	1.00	0.10	24	OLOCK	0	2912553.37	8	9	9	10	15	0	0	0	0	0	0.00	0.00
0.00	1.00	0.10	28	OLOCK	0	3193366.91	8	10	10	11	15	0	0	0	0	0	0.00	0.00
0.00	1.00	0.10	32	OLOCK	0	3542798.75	9	10	10	11	17	0	0	0	0	0	0.00	0.00
0.00	1.00	0.10	36	OLOCK	0	3886415.79	9	10	11	12	16	0	0	0	0	0	0.00	0.00
0.00	1.00	0.10	40	OLOCK	0	4319026.04	9	10	11	12	17	0	0	0	0	0	0.00	0.00
0.00	1.00	0.10	44	OLOCK	0	4467615.74	9	11	12	13	18	0	0	0	0	0	0.00	0.00
0.00	1.00	0.10	48	OLOCK	0	4870102.52	9	12	13	14	19	0	0	0	0	0	0.00	0.00
0.00	1.00	0.10	52	OLOCK	0	5095256.76	10	12	12	14	21	0	0	0	0	0	0.00	0.00
0.00	1.00	0.10	56	OLOCK	0	5377103.64	10	12	13	14	18	0	0	0	0	0	0.00	0.00
0.00	1.00	0.10	60	OLOCK	0	5617896.47	10	14	15	16	19	0	0	0	0	0	0.00	0.00
0.00	1.00	0.10	64	OLOCK	0	5800944.95	10	14	14	16	19	0	0	0	0	0	0.00	0.00
0.00	1.00	0.90	1	OLOCK	0	566508.05	1	1	1	1	4	0	0	0	0	0	0.00	0.00
0.00	1.00	0.90	4	OLOCK	0	1154913.01	3	4	5	7	89	0	0	0	0	1	0.01	0.00
0.00	1.00	0.90	8	OLOCK	0	1809840.07	3	6	9	81	175	0	0	0	1	3	0.03	0.03
0.00	1.00	0.90	12	OLOCK	0	2012789.81	4	13	28	108	371	0	0	0	1	4	0.06	0.05
0.00	1.00	0.90	16	OLOCK	0	1841953.93	4	25	53	119	771	0	0	1	1	4	0.09	0.06
0.00	1.00	0.90	20	OLOCK	0	1510819.99	4	30	57	125	1712	0	0	1	1	5	0.10	0.06
0.00	1.00	0.90	24	OLOCK	0	1218427.55	6	49	90	176	1104	0	0	1	2	4	0.11	0.07
0.00	1.00	0.90	28	OLOCK	0	1160755.96	6	51	90	176	1950	0	0	1	2	5	0.12	0.07
0.00	1.00	0.90	32	OLOCK	0	1121779.12	6	62	104	196	1022	0	0	1	2	4	0.11	0.07
0.00	1.00	0.90	36	OLOCK	0	1075295.14	6	60	106	193	1429	0	0	1	2	5	0.11	0.07
0.00	1.00	0.90	40	OLOCK	0	1045826.31	7	75	123	211	873	0	0	1	2	4	0.11	0.08
0.00	1.00	0.90	44	OLOCK	0	./run.sh: line 36: 20019 Killed                  ./rundb
0.00	1.00	0.90	48	OLOCK	0	