
w/o log
	T	CC	TP	P50	P90	P99	P999	Abt
TPCC	DLOCK	1	45891.33	COMMIT	180556	3985143	133295	0	0	ABORT	0	0	0	0	0	0	10	175	197	212	0	0	0	0	163	202	214	392	0	0	0	0	0.00	
TPCC	DLOCK	4	72586.03	COMMIT	72181	3453714	1346099	0	0	ABORT	8293	530306	5031	16768	0	0	37	404	728	1083	0	2	4	6	294	875	1317	1750	0	5	6	9	0.10	
TPCC	DLOCK	8	80001.30	COMMIT	38244	2939871	1649684	0	0	ABORT	25138	1033285	8842	63392	0	0	75	456	882	1505	0	3	5	8	321	1094	1930	3308	1	6	8	11	0.36	
TPCC	DLOCK	12	83818.71	COMMIT	25883	2543667	1685785	0	0	ABORT	32834	1433815	17178	126640	0	0	117	540	1144	2236	0	4	6	9	356	1444	2757	3264	1	7	10	11	0.50	
TPCC	DLOCK	16	85578.30	COMMIT	19581	2355081	1734171	0	0	ABORT	35540	1639489	26061	229526	0	0	163	631	1471	3203	1	5	7	11	399	2073	3686	5885	1	9	12	15	0.59	
TPCC	DLOCK	20	86191.32	COMMIT	15367	2191438	1697616	0	0	ABORT	35296	1802644	31477	352621	0	0	212	708	1925	4357	1	6	8	13	438	2859	5302	7566	2	10	14	19	0.64	
TPCC	DLOCK	24	84753.27	COMMIT	12447	2061645	1669751	0	0	ABORT	33622	1930897	35067	488692	0	0	265	864	2860	6334	1	7	10	17	524	4055	7693	9089	2	12	18	22	0.67	
TPCC	DLOCK	28	84996.09	COMMIT	10658	2013240	1685939	0	0	ABORT	31285	1978292	37417	601161	0	0	313	984	3440	6444	1	8	11	16	587	4640	7186	11437	3	13	18	26	0.70	
TPCC	DLOCK	32	86462.80	COMMIT	9261	1902601	1626041	0	0	ABORT	30176	2087509	39725	766146	0	0	358	1091	4088	7955	1	8	13	19	628	5560	9377	12430	3	15	22	27	0.72	
TPCC	DLOCK	36	89249.69	COMMIT	8343	1850443	1598327	0	0	ABORT	28648	2142143	45384	876190	0	0	395	1129	4463	8032	1	8	13	20	604	5833	10703	15366	3	15	24	39	0.73	
w/o log
	T	CC	TP	P50	P90	P99	P999	Abt
TPCC	DLOCK	1	46991.84	COMMIT	184849	3985477	134727	0	0	ABORT	0	0	0	0	0	0	10	165	186	200	0	0	0	0	155	192	208	444	0	0	0	0	0.00	
TPCC	DLOCK	4	86573.46	COMMIT	87400	2891690	695521	0	0	ABORT	10052	1092914	2940	7663	0	0	31	526	998	1419	0	2	6	10	381	1172	1619	2369	1	8	11	17	0.10	
TPCC	DLOCK	8	108110.68	COMMIT	52790	2535108	1118468	0	0	ABORT	25926	1447710	7888	41458	0	0	54	688	1419	2141	0	4	9	15	480	1682	2403	2984	2	11	17	21	0.31	
TPCC	DLOCK	12	115751.62	COMMIT	37003	2303865	1319600	0	0	ABORT	39950	1688741	18841	111818	0	0	86	750	1564	2430	0	5	10	17	510	1917	3002	5394	2	13	21	32	0.47	
TPCC	DLOCK	16	118828.80	COMMIT	27604	2136969	1399073	0	0	ABORT	45743	1856188	30190	214831	0	0	118	847	1764	2804	1	5	11	19	567	2194	3139	3694	2	14	21	26	0.57	
TPCC	DLOCK	20	118167.04	COMMIT	21186	2010079	1438578	0	0	ABORT	46107	1982262	39073	348695	0	0	158	898	1907	2956	1	6	12	19	597	2293	3297	5430	2	15	21	29	0.63	
TPCC	DLOCK	24	118018.69	COMMIT	17320	1939186	1474046	0	0	ABORT	44887	2052445	47020	506588	0	0	196	944	2004	3055	1	7	12	19	619	2423	3379	5503	2	15	22	28	0.66	
TPCC	DLOCK	28	117113.70	COMMIT	14487	1889599	1497552	0	0	ABORT	41764	2099873	56639	657978	0	0	236	1013	2255	4147	1	7	13	20	646	2582	3803	5565	3	15	24	35	0.69	
TPCC	DLOCK	32	118636.91	COMMIT	12603	1859109	1535701	0	0	ABORT	39828	2134316	62511	853071	0	0	275	949	2127	5208	1	8	12	18	608	2296	3391	4265	2	14	20	25	0.71	
TPCC	DLOCK	36	119191.76	COMMIT	11083	1780482	1492205	0	0	ABORT	37471	2209364	59894	994079	0	0	312	977	2621	4784	1	8	13	20	600	2359	3537	4965	2	14	22	35	0.72	
w/o log
	T	CC	TP	P50	P90	P99	P999	Abt
TPCC	DLOCK	1	64553.51	COMMIT	253667	3988100	186449	0	0	ABORT	0	0	0	0	0	0	8	44	70	79	0	0	0	0	13	23	26	28	0	0	0	0	0.00	
TPCC	DLOCK	4	108835.08	COMMIT	109365	3614438	1307727	0	0	ABORT	17811	366522	23645	42494	0	0	36	90	200	820	0	2	5	9	30	109	201	456	0	3	5	8	0.13	
TPCC	DLOCK	8	120828.87	COMMIT	57905	2911929	1654733	0	0	ABORT	43223	1063659	15759	104006	0	0	67	129	172	395	0	3	4	6	31	140	278	602	0	4	6	8	0.38	
TPCC	DLOCK	12	126234.81	COMMIT	39271	2537022	1708574	0	0	ABORT	54061	1456230	31778	222547	0	0	100	175	228	611	0	4	5	7	34	188	463	1446	0	5	7	10	0.52	
TPCC	DLOCK	16	126564.94	COMMIT	28584	2289342	1687438	0	0	ABORT	55898	1688718	45555	386525	0	0	136	232	341	1134	1	6	6	8	37	249	776	1541	0	6	9	10	0.60	
TPCC	DLOCK	20	125870.31	COMMIT	22142	2168554	1710344	0	0	ABORT	52877	1822799	55933	569115	0	0	174	301	440	2204	1	6	7	10	38	259	1105	1665	0	6	9	10	0.65	
TPCC	DLOCK	24	124350.23	COMMIT	17865	2060981	1690547	0	0	ABORT	49147	1930944	58951	746717	0	0	213	390	625	2024	1	7	8	10	40	296	1308	2395	0	7	10	14	0.68	
TPCC	DLOCK	28	123968.15	COMMIT	14987	1959326	1654749	0	0	ABORT	45089	2033123	72478	929088	0	0	249	478	1195	4122	1	8	9	13	41	288	1136	1807	0	7	9	12	0.69	
TPCC	DLOCK	32	124707.49	COMMIT	13074	1882551	1625577	0	0	ABORT	41931	2109896	80326	1092149	0	0	284	605	2666	4876	1	8	11	15	41	299	1313	2527	0	7	10	12	0.71	
TPCC	DLOCK	36	123643.63	COMMIT	11277	1822122	1598579	0	0	ABORT	38328	2169116	81971	1225083	0	0	323	699	3796	5557	1	8	13	18	41	299	1358	3472	0	7	10	14	0.72	
w/o log
	T	CC	TP	P50	P90	P99	P999	Abt
TPCC	DLOCK	1	64789.76	COMMIT	254483	3988225	185907	0	0	ABORT	0	0	0	0	0	0	8	44	71	80	0	0	0	0	12	22	25	28	0	0	0	0	0.00	
TPCC	DLOCK	4	108947.95	COMMIT	109127	3617392	1325968	0	0	ABORT	17672	365734	27175	37702	0	0	36	89	185	683	0	2	4	8	26	72	101	139	0	1	2	3	0.13	
TPCC	DLOCK	8	121635.74	COMMIT	58343	2916342	1652034	0	0	ABORT	43273	1060886	16279	104012	0	0	67	128	163	468	0	3	4	5	28	79	108	144	0	2	2	3	0.38	
TPCC	DLOCK	12	126346.31	COMMIT	39010	2521408	1709431	0	0	ABORT	55081	1471698	34148	232222	0	0	101	173	214	596	0	5	5	6	30	87	125	156	0	2	3	4	0.52	
TPCC	DLOCK	16	127406.34	COMMIT	28732	2328018	1734374	0	0	ABORT	55148	1665380	42706	381537	0	0	136	231	290	764	1	6	6	7	32	91	129	164	0	2	3	4	0.60	
TPCC	DLOCK	20	126965.98	COMMIT	22306	2168419	1706208	0	0	ABORT	52956	1822437	52907	565755	0	0	172	298	418	1441	1	6	7	8	31	91	122	138	0	2	3	3	0.64	
TPCC	DLOCK	24	124795.89	COMMIT	18074	2097833	1723402	0	0	ABORT	47973	1895428	60742	739254	0	0	212	389	712	2904	1	7	8	12	32	93	125	183	0	2	3	4	0.67	
TPCC	DLOCK	28	122921.62	COMMIT	14929	2009186	1702432	0	0	ABORT	43741	1981808	63278	901445	0	0	254	479	760	4490	1	8	8	14	33	94	129	172	0	2	3	5	0.69	
TPCC	DLOCK	32	124894.50	COMMIT	13084	1927470	1669198	0	0	ABORT	40956	2063135	70759	1074644	0	0	285	598	1809	5197	1	8	9	16	32	90	120	174	0	2	3	4	0.71	
TPCC	DLOCK	36	125741.05	COMMIT	11558	1854678	1624359	0	0	ABORT	38487	2137785	79326	1195275	0	0	319	686	3163	5801	1	8	11	17	33	95	137	197	0	2	3	4	0.72	
