Rd	Wt	Zip	T	CC	TP	P50	P90	P99	P999	Abt
0.50	0.50	0.50	36	WOUND_WAIT	0	4137858.29	8	9	10	11	15	|	0	0	0	0	0	|	7
0.50	0.50	0.50	36	WOUND_WAIT	1	3902685.49	9	10	10	12	54	|	0	0	0	0	0	|	4
0.50	0.50	0.50	36	WOUND_WAIT	10	3713968.11	9	11	11	12	62	|	0	0	0	0	0	|	3
0.50	0.50	0.50	36	WOUND_WAIT	100	4030367.92	8	9	10	11	139	|	0	0	0	0	0	|	5
0.50	0.50	0.50	36	WOUND_WAIT	1000	3681446.57	8	9	9	14	935	|	0	0	0	0	0	|	4
0.50	0.50	0.90	36	WOUND_WAIT	0	987842.48	11	127	165	258	380	|	0	1	1	2	3	|	440624
0.50	0.50	0.90	36	WOUND_WAIT	1	969313.85	11	129	168	263	386	|	0	1	1	2	3	|	442467
0.50	0.50	0.90	36	WOUND_WAIT	10	963908.68	11	130	170	265	389	|	0	1	1	2	3	|	440883
0.50	0.50	0.90	36	WOUND_WAIT	100	925103.04	11	135	187	287	435	|	0	1	1	2	3	|	441291
0.50	0.50	0.90	36	WOUND_WAIT	1000	555073.81	11	147	283	1018	1772	|	0	1	1	2	3	|	438663
