Rd	Wt	Zip	T	CC	TP	P50	P90	P99	P999	Abt
0.50	0.50	0.99	1	HLOCK	0	114769.33	4	28	34	51	85	0	0	0	0	0	0.00	0.00	
0.50	0.50	0.99	4	HLOCK	0	351253.00	5	31	39	66	136	0	0	0	1	3	0.06	0.05	
0.50	0.50	0.99	8	HLOCK	0	502681.37	5	34	49	87	237	0	0	1	2	5	0.12	0.10	
0.50	0.50	0.99	12	HLOCK	0	674174.67	5	37	61	133	454	0	1	2	4	6	0.20	0.15	
0.50	0.50	0.99	16	HLOCK	0	715109.85	5	42	73	166	1246	0	1	2	5	7	0.26	0.17	
0.50	0.50	0.99	20	HLOCK	0	678301.28	6	76	117	204	1185	0	2	3	5	7	0.34	0.22	
0.50	0.50	0.99	24	HLOCK	0	672395.05	7	121	174	283	570	0	3	5	6	8	0.43	0.27	
0.50	0.50	0.99	28	HLOCK	0	591603.39	7	165	245	419	769	0	4	6	7	8	0.48	0.28	
0.50	0.50	0.99	32	HLOCK	0	551415.90	7	206	322	583	1067	0	5	6	8	9	0.51	0.29	
0.50	0.50	0.99	36	HLOCK	0	460169.18	7	277	448	819	1374	0	5	7	9	10	0.54	0.30	
0.50	0.50	0.99	40	HLOCK	0	422492.05	8	338	574	1092	1615	0	6	8	9	10	0.56	0.30	
0.50	0.50	0.99	44	HLOCK	0	385213.15	8	403	721	1334	1878	0	6	8	9	11	0.57	0.30	
0.50	0.50	0.99	48	HLOCK	0	350902.19	8	488	894	1551	2121	0	7	8	10	11	0.59	0.31	
0.50	0.50	0.99	52	HLOCK	0	330846.73	8	573	1089	1754	2333	0	7	9	10	12	0.60	0.31	
0.50	0.50	0.99	56	HLOCK	0	292508.23	9	710	1394	2128	2828	0	8	9	11	13	0.61	0.31	
0.50	0.50	0.99	60	HLOCK	0	276238.47	9	832	1603	2371	3106	0	8	10	12	13	0.62	0.31	
0.50	0.50	0.99	64	HLOCK	0	259460.90	10	982	1820	2623	3316	0	8	10	12	14	0.63	0.32	
0.50	0.50	0.99	1	HLOCK	0	79775.71	6	40	48	70	108	0	0	0	0	0	0.00	0.00	
0.50	0.50	0.99	4	HLOCK	0	257549.56	6	43	54	89	152	0	0	1	1	3	0.06	0.05	
0.50	0.50	0.99	8	HLOCK	0	444774.10	7	47	72	125	257	0	1	1	3	5	0.14	0.12	
0.50	0.50	0.99	12	HLOCK	0	524791.08	7	53	90	169	498	0	1	2	4	6	0.21	0.16	
0.50	0.50	0.99	16	HLOCK	0	565171.76	7	65	110	197	1224	0	1	3	5	7	0.28	0.20	
0.50	0.50	0.99	20	HLOCK	0	578941.77	8	108	163	259	479	0	2	4	6	7	0.37	0.25	
0.50	0.50	0.99	24	HLOCK	0	535709.97	8	150	222	362	665	0	3	5	7	8	0.44	0.28	
0.50	0.50	0.99	28	HLOCK	0	499495.84	9	196	290	481	852	0	4	6	7	8	0.48	0.29	
0.50	0.50	0.99	32	HLOCK	0	469724.09	9	242	368	645	1148	0	5	6	8	9	0.51	0.30	
0.50	0.50	0.99	36	HLOCK	0	400761.70	9	322	506	903	1445	0	5	7	9	10	0.54	0.31	
0.50	0.50	0.99	40	HLOCK	0	2172.66	105	71362	99999	99999	99999	0	7	9	13	16	0.62	0.30	
0.50	0.50	0.99	44	HLOCK	0	341821.19	10	464	783	1406	1943	0	6	8	10	11	0.58	0.31	
0.50	0.50	0.99	48	HLOCK	0	332839.47	10	524	911	1554	2133	0	7	8	10	11	0.59	0.32	
0.50	0.50	0.99	52	HLOCK	0	306233.79	10	637	1167	1847	2461	0	7	9	10	12	0.60	0.32	
0.50	0.50	0.99	56	HLOCK	0	275632.98	11	778	1429	2133	2754	0	8	9	11	13	0.62	0.32	
0.50	0.50	0.99	60	HLOCK	0	272921.36	11	858	1574	2293	2979	0	8	10	11	13	0.63	0.32	
0.50	0.50	0.99	64	HLOCK	0	253426.33	13	1045	1828	2568	3247	0	8	10	12	14	0.64	0.32	
0.50	0.50	0.99	1	HLOCK	0	52751.54	9	61	75	103	143	0	0	0	0	0	0.00	0.00	
0.50	0.50	0.99	4	HLOCK	0	181253.01	10	68	81	136	234	0	0	1	1	3	0.06	0.06	
0.50	0.50	0.99	8	HLOCK	0	292370.39	10	74	116	188	331	0	1	1	2	4	0.15	0.12	
0.50	0.50	0.99	12	HLOCK	0	359160.67	10	85	143	237	362	0	1	2	3	6	0.23	0.18	
0.50	0.50	0.99	16	HLOCK	0	410274.55	10	117	187	302	445	0	2	3	5	7	0.31	0.23	
0.50	0.50	0.99	20	HLOCK	0	384859.14	11	163	258	409	651	0	2	4	6	7	0.37	0.26	
0.50	0.50	0.99	24	HLOCK	0	371016.03	12	213	330	527	867	0	3	5	7	8	0.43	0.28	
0.50	0.50	0.99	28	HLOCK	0	360580.00	12	266	409	669	1182	0	4	5	8	9	0.48	0.30	
0.50	0.50	0.99	32	HLOCK	0	352141.75	12	316	492	833	1431	0	4	6	8	9	0.51	0.31	
0.50	0.50	0.99	36	HLOCK	0	322115.25	13	396	614	1070	1659	0	5	7	9	10	0.54	0.31	
0.50	0.50	0.99	40	HLOCK	0	302050.69	13	478	757	1340	1919	0	6	8	9	10	0.57	0.32	
0.50	0.50	0.99	44	HLOCK	0	286868.57	14	558	902	1545	2135	0	6	8	10	11	0.58	0.32	
0.50	0.50	0.99	48	HLOCK	0	278081.24	14	632	1057	1752	2425	0	7	8	10	11	0.60	0.33	
0.50	0.50	0.99	52	HLOCK	0	263184.76	14	751	1304	2025	2671	0	7	9	11	12	0.61	0.33	
0.50	0.50	0.99	56	HLOCK	0	243482.17	17	892	1556	2307	3016	0	8	9	11	13	0.63	0.33	
0.50	0.50	0.99	60	HLOCK	0	231811.42	18	1034	1770	2518	3179	0	8	10	12	13	0.64	0.33	
0.50	0.50	0.99	64	HLOCK	0	230171.92	19	1165	1927	2681	3347	0	8	10	12	14	0.64	0.34	
Rd	Wt	Zip	T	CC	TP	P50	P90	P99	P999	Abt
0.50	0.50	0.99	1	HLOCK	0	65610.32	11	24	35	50	76	0	0	0	0	0	0.00	0.00	
0.50	0.50	0.99	4	HLOCK	0	250694.94	13	22	28	48	76	0	1	1	2	3	0.17	0.18	
0.50	0.50	0.99	8	HLOCK	0	421921.78	14	28	38	63	135	0	2	2	3	5	0.34	0.36	
0.50	0.50	0.99	12	HLOCK	0	529291.57	17	32	42	79	197	1	2	3	4	5	0.45	0.50	
0.50	0.50	0.99	16	HLOCK	0	591428.51	20	37	48	101	341	1	3	3	4	6	0.54	0.61	
0.50	0.50	0.99	20	HLOCK	0	426063.44	38	88	108	162	495	2	5	5	6	7	0.68	0.75	
0.50	0.50	0.99	24	HLOCK	0	316958.26	56	159	198	317	683	3	6	6	7	8	0.73	0.78	
0.50	0.50	0.99	28	HLOCK	0	259729.83	74	242	309	508	899	3	6	7	8	9	0.76	0.79	
0.50	0.50	0.99	32	HLOCK	0	227726.83	85	344	449	725	1247	3	7	8	8	9	0.77	0.79	
0.50	0.50	0.99	36	HLOCK	0	185115.80	104	500	662	1089	1537	4	8	8	9	10	0.79	0.80	
0.50	0.50	0.99	40	HLOCK	0	162339.64	126	653	869	1321	1772	4	8	9	10	11	0.80	0.80	
0.50	0.50	0.99	44	HLOCK	0	147347.48	145	838	1135	1561	2112	4	9	9	10	11	0.81	0.80	
0.50	0.50	0.99	48	HLOCK	0	137865.92	156	1036	1319	1769	2363	4	9	10	11	12	0.81	0.81	
0.50	0.50	0.99	52	HLOCK	0	120750.35	197	1285	1571	2059	2631	4	9	10	11	13	0.82	0.81	
0.50	0.50	0.99	56	HLOCK	0	109762.32	206	1580	1911	2430	3078	5	10	11	12	13	0.83	0.81	
0.50	0.50	0.99	60	HLOCK	0	103181.49	234	1784	2121	2651	3395	5	10	11	13	14	0.83	0.82	
0.50	0.50	0.99	64	HLOCK	0	102237.23	232	1987	2340	2891	3596	5	11	12	13	15	0.84	0.82	
0.50	0.50	0.99	1	HLOCK	0	44656.13	17	33	45	62	88	0	0	0	0	0	0.00	0.00	
0.50	0.50	0.99	4	HLOCK	0	170428.68	20	33	40	58	89	0	1	1	2	3	0.19	0.20	
0.50	0.50	0.99	8	HLOCK	0	285633.75	23	39	47	70	151	0	2	2	3	5	0.36	0.40	
0.50	0.50	0.99	12	HLOCK	0	373648.42	27	47	54	75	223	1	2	3	4	5	0.49	0.55	
0.50	0.50	0.99	16	HLOCK	0	419520.02	34	59	68	90	126	1	3	4	5	6	0.58	0.67	
0.50	0.50	0.99	20	HLOCK	0	341282.57	52	100	119	172	562	2	4	5	6	7	0.66	0.74	
0.50	0.50	0.99	24	HLOCK	0	293733.61	73	151	183	279	665	2	5	6	7	8	0.71	0.78	
0.50	0.50	0.99	28	HLOCK	0	261474.40	90	212	265	429	815	3	6	7	7	8	0.74	0.79	
0.50	0.50	0.99	32	HLOCK	0	229733.73	110	296	368	594	1143	3	7	7	8	9	0.77	0.80	
0.50	0.50	0.99	36	HLOCK	0	185294.88	139	438	565	883	1431	4	7	8	9	10	0.79	0.80	
0.50	0.50	0.99	40	HLOCK	0	167110.74	161	568	721	1149	1667	4	8	8	9	10	0.80	0.81	
0.50	0.50	0.99	44	HLOCK	0	150649.92	182	728	952	1383	1944	4	8	9	10	11	0.81	0.81	
0.50	0.50	0.99	48	HLOCK	0	148057.66	201	827	1090	1484	2091	5	9	9	10	11	0.81	0.81	
0.50	0.50	0.99	52	HLOCK	0	132163.88	230	1080	1333	1771	2337	5	9	10	11	12	0.82	0.82	
0.50	0.50	0.99	56	HLOCK	0	122808.53	254	1270	1532	2004	2663	5	9	10	11	12	0.83	0.82	
0.50	0.50	0.99	60	HLOCK	0	112262.64	287	1492	1778	2264	2907	5	10	10	12	13	0.83	0.82	
0.50	0.50	0.99	64	HLOCK	0	103444.66	322	1728	2034	2556	3365	5	10	11	12	14	0.84	0.82	
0.50	0.50	0.99	1	HLOCK	0	32648.76	24	44	56	77	105	0	0	0	0	0	0.00	0.00	
0.50	0.50	0.99	4	HLOCK	0	123626.55	27	45	53	70	102	0	1	1	2	3	0.20	0.22	
0.50	0.50	0.99	8	HLOCK	0	216681.02	33	55	61	77	99	0	2	2	3	4	0.38	0.43	
0.50	0.50	0.99	12	HLOCK	0	265050.91	40	69	79	99	134	1	3	3	4	5	0.50	0.57	
0.50	0.50	0.99	16	HLOCK	0	301780.01	48	86	98	128	180	1	3	4	5	6	0.58	0.67	
0.50	0.50	0.99	20	HLOCK	0	262402.73	70	130	151	209	531	2	4	5	6	7	0.65	0.73	
0.50	0.50	0.99	24	HLOCK	0	248272.85	89	172	206	318	725	2	5	6	7	8	0.70	0.77	
0.50	0.50	0.99	28	HLOCK	0	231328.07	109	226	275	437	883	3	6	6	7	8	0.74	0.80	
0.50	0.50	0.99	32	HLOCK	0	215347.72	128	290	360	588	1143	3	6	7	8	9	0.76	0.81	
0.50	0.50	0.99	36	HLOCK	0	185520.00	158	405	515	794	1383	4	7	8	9	9	0.78	0.81	
0.50	0.50	0.99	40	HLOCK	0	161547.00	186	548	690	1091	1592	4	8	8	9	10	0.80	0.82	
0.50	0.50	0.99	44	HLOCK	0	149664.95	215	678	854	1285	1854	4	8	9	9	11	0.81	0.82	
0.50	0.50	0.99	48	HLOCK	0	140204.15	236	810	1051	1450	2029	5	8	9	10	11	0.81	0.82	
0.50	0.50	0.99	52	HLOCK	0	131503.78	268	1002	1257	1653	2299	5	9	9	10	11	0.82	0.82	
0.50	0.50	0.99	56	HLOCK	0	118295.70	311	1238	1485	1931	2583	5	9	10	11	12	0.83	0.83	
0.50	0.50	0.99	60	HLOCK	0	112287.96	339	1404	1657	2122	2945	5	10	10	11	13	0.83	0.83	
0.50	0.50	0.99	64	HLOCK	0	105127.84	367	1595	1870	2354	3285	6	10	11	12	13	0.84	0.83	
0.50	0.50	0.99	1	HLOCK	0	22824.98	38	60	71	91	120	0	0	0	0	0	0.00	0.00	
0.50	0.50	0.99	4	HLOCK	0	80495.39	41	70	76	97	120	0	1	1	2	3	0.20	0.23	
0.50	0.50	0.99	8	HLOCK	0	137689.69	50	89	100	123	156	0	2	2	3	4	0.38	0.43	
0.50	0.50	0.99	12	HLOCK	0	170239.87	65	110	128	160	211	1	3	3	4	5	0.50	0.57	
0.50	0.50	0.99	16	HLOCK	0	187895.26	76	140	160	204	284	1	3	4	5	6	0.59	0.66	
0.50	0.50	0.99	20	HLOCK	0	173107.51	108	195	224	301	653	2	4	5	6	7	0.65	0.73	
0.50	0.50	0.99	24	HLOCK	0	173233.76	128	241	282	426	820	2	5	6	7	8	0.70	0.77	
0.50	0.50	0.99	28	HLOCK	0	170337.50	151	294	353	548	1179	2	6	7	7	8	0.73	0.79	
0.50	0.50	0.99	32	HLOCK	0	165790.00	174	357	432	669	1318	3	6	7	8	9	0.75	0.81	
0.50	0.50	0.99	36	HLOCK	0	155916.27	206	450	557	836	1403	3	7	8	8	9	0.77	0.82	
0.50	0.50	0.99	40	HLOCK	0	145782.75	237	555	692	1064	1679	4	7	8	9	10	0.79	0.83	
0.50	0.50	0.99	44	HLOCK	0	137309.94	265	671	829	1264	1821	4	8	8	9	10	0.80	0.83	
0.50	0.50	0.99	48	HLOCK	0	127904.21	308	807	1024	1454	2298	4	8	9	10	11	0.81	0.84	
0.50	0.50	0.99	52	HLOCK	0	118513.41	350	997	1251	1661	2301	5	9	9	10	11	0.82	0.84	
0.50	0.50	0.99	56	HLOCK	0	115450.37	362	1160	1404	1827	2598	5	9	9	11	12	0.83	0.84	
0.50	0.50	0.99	60	HLOCK	0	107228.82	411	1387	1633	2115	3172	5	9	10	11	12	0.83	0.84	
0.50	0.50	0.99	64	HLOCK	0	103790.05	450	1518	1768	2260	3180	6	10	10	11	13	0.84	0.85	
Rd	Wt	Zip	T	CC	TP	P50	P90	P99	P999	Abt
0.50	0.50	0.99	1	HLOCK	0	157901.97	3	18	24	49	85	0	0	0	0	0	0.00	0.00	
0.50	0.50	0.99	4	HLOCK	0	540937.09	3	20	27	44	121	0	0	0	1	3	0.05	0.04	
0.50	0.50	0.99	8	HLOCK	0	646781.84	3	22	30	55	227	0	0	1	2	4	0.10	0.08	
0.50	0.50	0.99	12	HLOCK	0	741375.69	3	24	35	77	361	0	1	1	3	5	0.16	0.12	
0.50	0.50	0.99	16	HLOCK	0	905894.85	3	27	41	128	807	0	1	2	4	6	0.22	0.14	
0.50	0.50	0.99	20	HLOCK	0	920825.88	4	49	80	182	1085	0	2	3	5	7	0.31	0.19	
0.50	0.50	0.99	24	HLOCK	0	779228.44	5	93	141	246	659	0	3	5	6	8	0.42	0.25	
0.50	0.50	0.99	28	HLOCK	0	679038.58	5	141	221	394	737	0	4	6	7	8	0.48	0.27	
0.50	0.50	0.99	32	HLOCK	0	607786.50	5	180	300	575	1083	0	5	7	8	9	0.51	0.28	
0.50	0.50	0.99	36	HLOCK	0	496612.68	6	242	424	824	1387	0	5	7	9	10	0.53	0.28	
0.50	0.50	0.99	40	HLOCK	0	447822.69	6	298	558	1126	1646	0	6	8	9	10	0.55	0.29	
0.50	0.50	0.99	44	HLOCK	0	399713.04	6	364	710	1363	1913	0	6	8	10	11	0.57	0.29	
0.50	0.50	0.99	48	HLOCK	0	361743.31	7	437	891	1599	2185	0	7	9	10	12	0.58	0.29	
0.50	0.50	0.99	52	HLOCK	0	342661.63	7	506	1105	1866	2498	0	7	9	11	12	0.59	0.30	
0.50	0.50	0.99	56	HLOCK	0	297566.95	8	649	1412	2247	2928	0	7	9	11	13	0.61	0.30	
0.50	0.50	0.99	60	HLOCK	0	292517.49	7	704	1567	2435	3095	0	8	10	12	14	0.62	0.30	
0.50	0.50	0.99	64	HLOCK	0	267530.00	8	851	1832	2742	3495	0	8	10	13	15	0.63	0.31	
Rd	Wt	Zip	T	CC	TP	P50	P90	P99	P999	Abt
0.50	0.50	0.99	1	HLOCK	0	61697.07	12	28	39	60	89	0	0	0	0	0	0.00	0.00	
0.50	0.50	0.99	4	HLOCK	0	236440.78	14	29	36	58	94	0	1	1	2	3	0.19	0.20	
0.50	0.50	0.99	8	HLOCK	0	371694.46	17	35	45	80	183	0	2	2	3	5	0.37	0.37	
0.50	0.50	0.99	12	HLOCK	0	451981.98	19	42	52	108	355	0	3	3	4	6	0.48	0.49	
0.50	0.50	0.99	16	HLOCK	0	523208.63	23	53	65	116	504	1	4	4	5	6	0.58	0.58	
0.50	0.50	0.99	20	HLOCK	0	381524.99	42	111	136	202	571	2	5	5	6	7	0.68	0.66	
0.50	0.50	0.99	24	HLOCK	0	306322.65	57	181	226	365	745	2	6	6	7	8	0.72	0.68	
0.50	0.50	0.99	28	HLOCK	0	261342.76	72	262	336	557	976	3	7	7	8	9	0.75	0.69	
0.50	0.50	0.99	32	HLOCK	0	233722.22	81	347	453	729	1313	3	7	8	9	9	0.76	0.69	
0.50	0.50	0.99	36	HLOCK	0	197577.48	97	487	648	1082	1556	3	8	8	9	10	0.78	0.70	
0.50	0.50	0.99	40	HLOCK	0	173916.25	114	640	848	1299	1803	3	8	9	10	11	0.79	0.70	
0.50	0.50	0.99	44	HLOCK	0	163435.84	129	764	1043	1452	2032	4	9	9	10	11	0.79	0.70	
0.50	0.50	0.99	48	HLOCK	0	150799.38	137	987	1268	1705	2392	4	9	9	11	12	0.80	0.70	
0.50	0.50	0.99	52	HLOCK	0	141794.46	158	1171	1437	1912	2575	4	9	10	11	12	0.81	0.71	
0.50	0.50	0.99	56	HLOCK	0	127428.27	187	1382	1671	2171	2924	4	10	10	12	13	0.82	0.71	
0.50	0.50	0.99	60	HLOCK	0	120757.19	189	1566	1870	2366	3033	4	10	11	12	14	0.82	0.71	
0.50	0.50	0.99	64	HLOCK	0	115802.88	205	1758	2077	2613	3387	4	10	11	13	14	0.83	0.71	
