Rd	Wt	Zip	T	CC	TP	P50	P90	P99	P999	Abt
0.50	0.50	0.99	1	WOUND_WAIT	0	49888.87	12	38	48	70	99	0	0	0	0	0	0.00	0.00	
0.50	0.50	0.99	4	WOUND_WAIT	0	193856.22	16	35	47	71	115	0	1	1	2	4	0.11	0.10	
0.50	0.50	0.99	8	WOUND_WAIT	0	208730.18	33	63	76	108	153	0	1	2	3	5	0.28	0.26	
0.50	0.50	0.99	12	WOUND_WAIT	0	213694.03	55	92	106	141	201	0	2	3	5	7	0.43	0.38	
0.50	0.50	0.99	16	WOUND_WAIT	0	202108.32	81	132	151	197	299	0	3	4	6	8	0.52	0.47	
0.50	0.50	0.99	20	WOUND_WAIT	0	122313.11	162	287	338	515	1541	1	4	6	8	10	0.59	0.53	
0.50	0.50	0.99	24	WOUND_WAIT	0	97435.58	246	437	535	868	2101	1	5	7	9	11	0.64	0.57	
0.50	0.50	0.99	28	WOUND_WAIT	0	79957.54	350	635	777	1141	3130	1	6	8	10	12	0.68	0.61	
0.50	0.50	0.99	32	WOUND_WAIT	0	75184.31	428	799	981	1408	3569	1	7	8	10	13	0.71	0.64	
0.50	0.50	0.99	36	WOUND_WAIT	0	61657.21	586	1154	1399	1986	3668	2	8	9	11	14	0.74	0.67	
0.50	0.50	0.99	40	WOUND_WAIT	0	50224.12	811	1520	1798	2443	5995	2	8	10	12	16	0.76	0.69	
0.50	0.50	0.99	44	WOUND_WAIT	0	47507.71	924	1814	2151	2983	8111	2	9	10	13	17	0.77	0.70	
0.50	0.50	0.99	48	WOUND_WAIT	0	43434.28	1105	2125	2522	3379	7788	2	10	11	14	18	0.79	0.72	
0.50	0.50	0.99	52	WOUND_WAIT	0	31736.13	1660	2888	3283	4250	8159	3	10	12	16	20	0.80	0.73	
0.50	0.50	0.99	56	WOUND_WAIT	0	44.51	99999	99999	99999	99999	99999	1	14	23	131	138	0.90	0.65	
0.50	0.50	0.99	60	WOUND_WAIT	0	29275.15	2125	3769	4264	5316	7798	3	12	14	18	24	0.82	0.75	
0.50	0.50	0.99	64	WOUND_WAIT	0	25911.32	2601	4038	4479	5507	9239	3	12	15	19	25	0.83	0.76	
0.50	0.50	0.99	1	DLOCK	0	64196.41	11	27	39	58	93	0	0	0	0	0	0.00	0.00	
0.50	0.50	0.99	4	DLOCK	0	246872.42	12	24	33	58	93	0	0	0	1	5	0.05	0.04	
0.50	0.50	0.99	8	DLOCK	0	
0.50	0.50	0.99	12	DLOCK	0	398781.67	19	57	69	100	218	0	1	2	5	7	0.27	0.21	
0.50	0.50	0.99	16	DLOCK	0	415869.29	27	79	93	125	184	0	2	3	6	8	0.36	0.27	
0.50	0.50	0.99	20	DLOCK	0	295666.39	51	150	183	283	682	0	3	5	7	10	0.44	0.32	
0.50	0.50	0.99	24	DLOCK	0	225141.10	84	244	305	520	1092	0	4	6	9	11	0.50	0.35	
0.50	0.50	0.99	28	DLOCK	0	250959.65	92	264	337	595	1242	0	4	7	9	11	0.54	0.38	
0.50	0.50	0.99	32	DLOCK	0	221297.22	121	352	446	715	1686	0	5	7	9	12	0.57	0.40	
0.50	0.50	0.99	36	DLOCK	0	205683.69	148	433	573	966	1804	0	6	8	10	13	0.60	0.42	
0.50	0.50	0.99	40	DLOCK	0	189115.71	179	531	703	1226	2326	0	6	8	11	14	0.63	0.44	
0.50	0.50	0.99	44	DLOCK	0	171794.82	219	650	878	1570	2872	0	7	9	12	16	0.65	0.45	
0.50	0.50	0.99	48	DLOCK	0	162344.21	250	756	1022	1786	3245	0	8	9	12	18	0.67	0.47	
0.50	0.50	0.99	52	DLOCK	0	138844.29	310	978	1338	2256	3947	0	8	10	13	19	0.69	0.48	
0.50	0.50	0.99	56	DLOCK	0	146773.84	330	981	1334	2308	3931	0	8	10	14	20	0.70	0.49	
0.50	0.50	0.99	60	DLOCK	0	122283.70	426	1271	1735	3031	5143	1	9	11	15	23	0.71	0.50	
0.50	0.50	0.99	64	DLOCK	0	135054.98	406	1223	1725	3029	5456	1	9	11	15	23	0.72	0.51	
0.50	0.50	0.99	1	SILO	0	76387.61	11	17	24	40	61	0	0	0	0	0	0.00	0.00	
0.50	0.50	0.99	4	SILO	0	251000.62	13	22	29	42	60	0	1	1	2	3	0.31	0.41	
0.50	0.50	0.99	8	SILO	0	470674.24	14	22	27	44	113	1	2	2	4	6	0.46	0.63	
0.50	0.50	0.99	12	SILO	0	512248.06	15	23	30	53	310	1	2	3	5	8	0.51	0.69	
0.50	0.50	0.99	16	SILO	0	582569.49	15	25	33	83	626	1	3	4	6	11	0.56	0.73	
0.50	0.50	0.99	20	SILO	0	587840.31	19	41	55	170	1111	1	3	4	8	16	0.60	0.78	
0.50	0.50	0.99	24	SILO	0	607891.02	22	49	73	397	1713	1	4	5	10	22	0.64	0.81	
0.50	0.50	0.99	28	SILO	0	574894.15	24	61	95	584	2240	1	4	6	12	26	0.66	0.82	
0.50	0.50	0.99	32	SILO	0	556816.25	26	70	114	785	2743	1	4	6	13	31	0.67	0.83	
0.50	0.50	0.99	36	SILO	0	533333.82	28	81	141	977	3438	1	5	7	15	37	0.68	0.83	
0.50	0.50	0.99	40	SILO	0	505403.02	31	97	177	1165	4097	1	5	7	17	43	0.70	0.83	
0.50	0.50	0.99	44	SILO	0	494638.63	34	118	222	1285	4353	1	5	8	18	45	0.70	0.84	
0.50	0.50	0.99	48	SILO	0	504104.69	33	123	250	1454	4838	1	5	8	19	49	0.71	0.84	
0.50	0.50	0.99	52	SILO	0	457200.33	36	138	303	1774	6274	1	6	9	22	61	0.73	0.84	
0.50	0.50	0.99	56	SILO	0	445195.02	37	153	371	1998	7005	1	6	9	23	67	0.73	0.84	
0.50	0.50	0.99	60	SILO	0	429210.50	40	173	428	2224	7775	1	6	10	25	73	0.74	0.84	
0.50	0.50	0.99	64	SILO	0	425212.31	43	201	501	2353	8288	1	6	10	26	77	0.75	0.85	
0.50	0.50	0.99	1	WOUND_WAIT	0	78630.84	10	16	25	47	77	0	0	0	0	0	0.00	0.00	
0.50	0.50	0.99	4	WOUND_WAIT	0	195961.49	16	34	46	70	116	0	1	1	2	3	0.11	0.10	
0.50	0.50	0.99	8	WOUND_WAIT	0	189356.76	35	69	84	118	166	0	1	2	3	4	0.28	0.27	
0.50	0.50	0.99	12	WOUND_WAIT	0	218461.96	53	89	103	141	209	0	2	3	4	6	0.41	0.39	
0.50	0.50	0.99	16	WOUND_WAIT	0	212484.99	75	123	142	189	317	0	3	4	5	7	0.50	0.48	
0.50	0.50	0.99	20	WOUND_WAIT	0	126118.11	155	287	343	541	1374	1	4	5	6	8	0.58	0.54	
0.50	0.50	0.99	24	WOUND_WAIT	0	82324.95	281	522	655	991	2288	1	5	6	7	9	0.63	0.58	
0.50	0.50	0.99	28	WOUND_WAIT	0	84987.77	325	608	758	1177	3179	1	5	6	8	10	0.66	0.62	
0.50	0.50	0.99	32	WOUND_WAIT	0	77337.85	407	802	994	1553	3195	1	6	7	8	10	0.69	0.64	
0.50	0.50	0.99	36	WOUND_WAIT	0	62079.13	569	1145	1405	2115	6459	2	7	8	9	11	0.72	0.67	
0.50	0.50	0.99	40	WOUND_WAIT	0	58279.68	682	1407	1746	2547	5197	2	7	8	10	12	0.74	0.69	
0.50	0.50	0.99	44	WOUND_WAIT	0	49906.80	863	1729	2082	3005	6108	2	8	9	10	13	0.75	0.71	
0.50	0.50	0.99	48	WOUND_WAIT	0	44292.78	1056	2093	2487	3565	6968	2	8	9	11	13	0.77	0.72	
0.50	0.50	0.99	52	WOUND_WAIT	0	39677.90	1309	2688	3189	4350	6541	3	9	10	11	14	0.78	0.73	
0.50	0.50	0.99	56	WOUND_WAIT	0	33582.37	1681	3225	3724	4729	6525	3	9	10	12	15	0.79	0.75	
0.50	0.50	0.99	60	WOUND_WAIT	0	32238.32	1887	3859	4603	6000	8294	3	9	10	12	15	0.80	0.76	
0.50	0.50	0.99	64	WOUND_WAIT	0	33716.20	1940	3812	4452	5814	8512	3	9	10	13	15	0.81	0.77	
0.50	0.50	0.99	1	DLOCK	0	67084.46	11	19	38	55	88	0	0	0	0	0	0.00	0.00	
0.50	0.50	0.99	4	DLOCK	0	248950.87	12	23	32	57	93	0	0	0	1	3	0.05	0.04	
0.50	0.50	0.99	8	DLOCK	0	
0.50	0.50	0.99	12	DLOCK	0	389063.18	20	59	72	107	189	0	1	2	4	5	0.25	0.21	
0.50	0.50	0.99	16	DLOCK	0	414785.76	26	79	93	124	187	0	2	3	5	6	0.33	0.27	
0.50	0.50	0.99	20	DLOCK	0	294528.07	49	150	186	288	697	0	2	4	6	8	0.41	0.31	
0.50	0.50	0.99	24	DLOCK	0	262699.46	71	211	263	455	1100	0	3	5	7	8	0.46	0.35	
0.50	0.50	0.99	28	DLOCK	0	247262.82	90	269	344	628	1454	0	4	5	7	9	0.50	0.37	
0.50	0.50	0.99	32	DLOCK	0	
0.50	0.50	0.99	36	DLOCK	0	194575.25	150	461	616	1086	2100	0	5	6	8	10	0.56	0.41	
0.50	0.50	0.99	40	DLOCK	0	198368.51	164	505	684	1293	2276	0	5	7	8	10	0.58	0.43	
0.50	0.50	0.99	44	DLOCK	0	181701.49	199	616	836	1675	3058	0	6	7	9	11	0.60	0.44	
0.50	0.50	0.99	48	DLOCK	0	154410.52	248	817	1136	1935	3497	0	6	8	9	11	0.62	0.46	
0.50	0.50	0.99	52	DLOCK	0	139328.32	297	996	1360	2239	4018	0	6	8	10	12	0.64	0.47	
0.50	0.50	0.99	56	DLOCK	0	139000.37	323	1082	1502	2635	4451	0	7	8	10	13	0.65	0.48	
0.50	0.50	0.99	60	DLOCK	0	121333.01	395	1337	1833	3055	5176	0	7	9	10	13	0.66	0.49	
0.50	0.50	0.99	64	DLOCK	0	120117.23	431	1440	1974	3582	5888	1	7	9	11	14	0.67	0.50	
0.50	0.50	0.99	1	SILO	0	79378.09	10	18	31	40	60	0	0	0	0	0	0.00	0.00	
0.50	0.50	0.99	4	SILO	0	258784.69	13	23	31	44	68	0	1	1	2	3	0.31	0.39	
0.50	0.50	0.99	8	SILO	0	406287.48	15	27	35	59	186	1	2	2	3	5	0.44	0.60	
0.50	0.50	0.99	12	SILO	0	458484.10	15	28	37	79	519	1	2	3	4	7	0.49	0.65	
0.50	0.50	0.99	16	SILO	0	532629.91	16	30	40	106	1074	1	2	3	5	9	0.53	0.71	
0.50	0.50	0.99	20	SILO	0	559494.12	19	42	59	174	2188	1	3	4	6	12	0.56	0.76	
0.50	0.50	0.99	24	SILO	0	563482.60	21	50	73	276	3178	1	3	4	7	14	0.59	0.78	
0.50	0.50	0.99	28	SILO	0	544444.70	24	59	89	398	4104	1	3	4	8	16	0.60	0.79	
0.50	0.50	0.99	32	SILO	0	526753.05	26	71	110	593	4589	1	3	5	8	17	0.61	0.80	
0.50	0.50	0.99	36	SILO	0	518276.28	27	80	126	827	5543	1	3	5	9	20	0.62	0.81	
0.50	0.50	0.99	40	SILO	0	519505.65	27	80	132	1178	6406	1	4	5	10	22	0.63	0.81	
0.50	0.50	0.99	44	SILO	0	499445.05	30	96	163	1412	6964	1	4	5	10	23	0.63	0.82	
0.50	0.50	0.99	48	SILO	0	499466.73	32	110	188	1603	7449	1	4	5	11	24	0.64	0.83	
0.50	0.50	0.99	52	SILO	0	488751.54	32	113	193	1895	8553	1	4	5	11	27	0.65	0.82	
0.50	0.50	0.99	56	SILO	0	483586.13	33	122	216	2134	9215	1	4	6	12	28	0.65	0.83	
0.50	0.50	0.99	60	SILO	0	471422.66	34	132	230	2436	10214	1	4	6	13	30	0.66	0.83	
0.50	0.50	0.99	64	SILO	0	467876.11	36	147	270	2658	10693	1	4	6	13	31	0.66	0.84	
0.50	0.50	0.99	1	WOUND_WAIT	0	81578.22	10	15	20	46	74	0	0	0	0	0	0.00	0.00	
0.50	0.50	0.99	4	WOUND_WAIT	0	194808.77	16	34	46	72	124	0	1	1	2	3	0.11	0.10	
0.50	0.50	0.99	8	WOUND_WAIT	0	221711.47	32	62	73	103	149	0	1	2	3	4	0.27	0.27	
0.50	0.50	0.99	12	WOUND_WAIT	0	213869.41	53	97	114	154	237	0	2	3	4	5	0.40	0.39	
0.50	0.50	0.99	16	WOUND_WAIT	0	212010.29	74	123	142	196	357	0	3	4	5	6	0.49	0.48	
0.50	0.50	0.99	20	WOUND_WAIT	0	126608.78	153	285	342	557	1859	1	4	5	6	7	0.56	0.54	
0.50	0.50	0.99	24	WOUND_WAIT	0	104887.96	224	424	529	881	2488	1	4	5	7	8	0.61	0.58	
0.50	0.50	0.99	28	WOUND_WAIT	0	86732.28	314	612	771	1229	3791	1	5	6	7	9	0.65	0.62	
0.50	0.50	0.99	32	WOUND_WAIT	0	81392.26	381	779	981	1611	5121	1	6	6	8	10	0.68	0.65	
0.50	0.50	0.99	36	WOUND_WAIT	0	66974.53	522	1103	1384	2274	4870	2	6	7	8	10	0.70	0.67	
0.50	0.50	0.99	40	WOUND_WAIT	0	61027.35	647	1391	1793	2793	5261	2	7	7	9	11	0.72	0.68	
0.50	0.50	0.99	44	WOUND_WAIT	0	53325.61	796	1760	2201	3423	6293	2	7	8	9	11	0.74	0.70	
0.50	0.50	0.99	48	WOUND_WAIT	0	44984.95	1012	2092	2558	4048	6589	2	7	8	10	12	0.75	0.72	
0.50	0.50	0.99	52	WOUND_WAIT	0	42730.54	1173	2464	2986	4450	7192	3	8	9	10	12	0.77	0.73	
0.50	0.50	0.99	56	WOUND_WAIT	0	34869.78	1591	3199	3808	5392	9557	3	8	9	11	13	0.78	0.75	
0.50	0.50	0.99	60	WOUND_WAIT	0	34053.07	1742	3636	4287	5833	9270	3	9	9	11	13	0.79	0.75	
0.50	0.50	0.99	64	WOUND_WAIT	0	33269.26	1929	4138	4926	6480	8700	3	9	10	11	14	0.80	0.76	
0.50	0.50	0.99	1	DLOCK	0	73000.61	10	19	37	55	87	0	0	0	0	0	0.00	0.00	
0.50	0.50	0.99	4	DLOCK	0	241440.56	12	24	34	59	97	0	0	0	1	3	0.05	0.04	
0.50	0.50	0.99	8	DLOCK	0	367245.56	15	38	49	83	167	0	1	1	2	4	0.15	0.13	
0.50	0.50	0.99	12	DLOCK	0	384927.64	20	60	73	109	216	0	1	2	3	5	0.24	0.21	
0.50	0.50	0.99	16	DLOCK	0	415289.37	26	80	94	127	197	0	2	2	4	5	0.31	0.27	
0.50	0.50	0.99	20	DLOCK	0	279961.56	52	162	201	307	680	0	2	3	5	7	0.38	0.31	
0.50	0.50	0.99	24	DLOCK	0	267574.41	69	210	260	440	1105	0	3	4	6	7	0.43	0.34	
0.50	0.50	0.99	28	DLOCK	0	256351.96	86	261	334	623	1456	0	3	4	6	8	0.47	0.37	
0.50	0.50	0.99	32	DLOCK	0	244800.12	102	318	420	787	1702	0	4	5	7	8	0.50	0.39	
0.50	0.50	0.99	36	DLOCK	0	182370.14	156	494	646	1132	2384	0	4	6	7	9	0.53	0.41	
0.50	0.50	0.99	40	DLOCK	0	184727.75	170	549	744	1342	2894	0	5	6	8	9	0.55	0.43	
0.50	0.50	0.99	44	DLOCK	0	165143.43	211	679	899	1663	3240	0	5	6	8	10	0.58	0.44	
0.50	0.50	0.99	48	DLOCK	0	178820.32	211	690	966	1917	3593	0	5	6	8	10	0.59	0.45	
0.50	0.50	0.99	52	DLOCK	0	144848.40	278	948	1317	2406	4546	0	6	7	9	10	0.61	0.47	
0.50	0.50	0.99	56	DLOCK	0	130516.57	323	1164	1627	2819	4880	0	6	7	9	11	0.62	0.48	
0.50	0.50	0.99	60	DLOCK	0	131897.53	358	1213	1711	3294	5625	0	6	7	9	11	0.63	0.48	
0.50	0.50	0.99	64	DLOCK	0	116648.88	414	1497	2077	3431	5673	0	7	8	9	12	0.65	0.50	
0.50	0.50	0.99	1	SILO	0	74131.87	11	18	30	41	63	0	0	0	0	0	0.00	0.00	
0.50	0.50	0.99	4	SILO	0	238656.46	13	26	34	50	88	0	1	1	2	3	0.30	0.38	
0.50	0.50	0.99	8	SILO	0	380265.27	15	30	40	77	277	1	2	2	3	5	0.42	0.57	
0.50	0.50	0.99	12	SILO	0	437576.72	16	32	43	97	529	1	2	3	4	7	0.47	0.63	
0.50	0.50	0.99	16	SILO	0	511690.67	17	33	48	128	982	1	2	3	5	8	0.51	0.69	
0.50	0.50	0.99	20	SILO	0	535792.94	20	47	66	185	2533	1	3	3	6	10	0.54	0.73	
0.50	0.50	0.99	24	SILO	0	517213.19	23	57	83	268	3978	1	3	4	6	12	0.56	0.76	
0.50	0.50	0.99	28	SILO	0	497239.55	25	69	101	339	5011	1	3	4	6	13	0.57	0.78	
0.50	0.50	0.99	32	SILO	0	507086.55	26	70	107	451	6363	1	3	4	7	14	0.58	0.78	
0.50	0.50	0.99	36	SILO	0	492581.76	28	84	130	587	7208	1	3	4	7	15	0.59	0.79	
0.50	0.50	0.99	40	SILO	0	485210.65	30	94	146	713	8342	1	3	4	8	17	0.60	0.80	
0.50	0.50	0.99	44	SILO	0	485655.83	30	97	156	987	9198	1	3	4	8	18	0.60	0.80	
0.50	0.50	0.99	48	SILO	0	486397.46	30	101	168	1169	10281	1	3	4	8	19	0.61	0.80	
0.50	0.50	0.99	52	SILO	0	474667.17	32	114	194	1376	11181	1	3	5	9	20	0.61	0.81	
0.50	0.50	0.99	56	SILO	0	473666.76	33	117	203	1822	11973	1	3	5	9	21	0.62	0.81	
0.50	0.50	0.99	60	SILO	0	456958.93	36	136	220	2133	12869	1	3	5	9	22	0.62	0.82	
0.50	0.50	0.99	64	SILO	0	464172.22	35	135	237	2417	14010	1	3	5	10	23	0.63	0.82	
0.50	0.50	0.99	1	WOUND_WAIT	0	80017.68	9	17	34	48	78	0	0	0	0	0	0.00	0.00	
0.50	0.50	0.99	4	WOUND_WAIT	0	191759.83	15	34	46	75	137	0	1	1	2	3	0.11	0.10	
0.50	0.50	0.99	8	WOUND_WAIT	0	213344.58	33	68	82	114	165	0	1	2	3	4	0.27	0.27	
0.50	0.50	0.99	12	WOUND_WAIT	0	220838.74	51	93	108	149	241	0	2	3	4	5	0.40	0.40	
0.50	0.50	0.99	16	WOUND_WAIT	0	210872.69	73	125	148	206	384	0	3	3	4	6	0.48	0.48	
0.50	0.50	0.99	20	WOUND_WAIT	0	121430.27	159	305	367	588	1693	1	4	4	6	7	0.56	0.54	
0.50	0.50	0.99	24	WOUND_WAIT	0	102819.82	230	445	553	891	2342	1	4	5	6	8	0.60	0.58	
0.50	0.50	0.99	28	WOUND_WAIT	0	91052.32	299	598	762	1233	3595	1	5	6	7	8	0.64	0.62	
0.50	0.50	0.99	32	WOUND_WAIT	0	79344.11	387	798	1005	1687	4921	1	5	6	7	9	0.67	0.64	
0.50	0.50	0.99	36	WOUND_WAIT	0	66762.98	518	1099	1377	2253	5792	2	6	7	8	10	0.69	0.67	
0.50	0.50	0.99	40	WOUND_WAIT	0	48321.97	802	1567	1902	3137	6456	2	6	7	9	11	0.72	0.69	
0.50	0.50	0.99	44	WOUND_WAIT	0	52458.77	793	1749	2169	3698	7840	2	7	7	9	11	0.73	0.70	
0.50	0.50	0.99	48	WOUND_WAIT	0	46334.78	977	2140	2639	4343	7470	2	7	8	9	11	0.75	0.72	
0.50	0.50	0.99	52	WOUND_WAIT	0	42733.84	1157	2564	3179	5105	8620	2	7	8	10	12	0.76	0.73	
0.50	0.50	0.99	56	WOUND_WAIT	0	37165.71	1449	3057	3765	5883	9280	3	8	8	10	12	0.77	0.74	
0.50	0.50	0.99	60	WOUND_WAIT	0	34840.86	1668	3648	4433	6414	9724	3	8	9	10	13	0.78	0.75	
0.50	0.50	0.99	64	WOUND_WAIT	0	30571.88	2028	4386	5256	7299	10665	3	8	9	11	13	0.79	0.76	
0.50	0.50	0.99	1	DLOCK	0	69335.51	11	19	35	55	88	0	0	0	0	0	0.00	0.00	
0.50	0.50	0.99	4	DLOCK	0	231237.90	13	26	37	61	101	0	0	0	1	3	0.04	0.04	
0.50	0.50	0.99	8	DLOCK	0	312377.80	16	45	59	107	217	0	1	1	2	4	0.14	0.13	
0.50	0.50	0.99	12	DLOCK	0	392873.70	19	59	71	108	236	0	1	2	3	4	0.23	0.20	
0.50	0.50	0.99	16	DLOCK	0	416679.66	25	80	94	130	204	0	2	2	4	5	0.30	0.26	
0.50	0.50	0.99	20	DLOCK	0	
0.50	0.50	0.99	24	DLOCK	0	
0.50	0.50	0.99	28	DLOCK	0	254549.76	85	264	336	625	1437	0	3	4	6	7	0.45	0.36	
0.50	0.50	0.99	32	DLOCK	0	241714.36	102	323	428	799	1796	0	3	5	6	8	0.48	0.39	
0.50	0.50	0.99	36	DLOCK	0	216479.04	129	412	555	1046	2350	0	4	5	7	8	0.51	0.41	
0.50	0.50	0.99	40	DLOCK	0	181988.21	169	559	773	1396	3289	0	4	5	7	9	0.54	0.42	
0.50	0.50	0.99	44	DLOCK	0	171936.13	199	660	915	1737	3809	0	5	6	7	9	0.56	0.44	
0.50	0.50	0.99	48	DLOCK	0	167970.36	218	746	1039	1895	4168	0	5	6	8	9	0.57	0.45	
0.50	0.50	0.99	52	DLOCK	0	139406.08	280	1001	1379	2499	5023	0	5	6	8	10	0.59	0.46	
0.50	0.50	0.99	56	DLOCK	0	131041.77	333	1128	1576	2905	5257	0	6	7	8	10	0.61	0.47	
0.50	0.50	0.99	60	DLOCK	0	132305.19	344	1213	1676	2982	5409	0	6	7	9	10	0.62	0.48	
0.50	0.50	0.99	64	DLOCK	0	125386.55	390	1361	1955	3907	6313	0	6	7	9	11	0.63	0.49	
0.50	0.50	0.99	1	SILO	0	69718.26	10	23	33	47	67	0	0	0	0	0	0.00	0.00	
0.50	0.50	0.99	4	SILO	0	221573.63	13	31	38	57	108	0	1	1	2	3	0.29	0.36	
0.50	0.50	0.99	8	SILO	0	355061.66	16	34	45	88	307	1	2	2	3	5	0.41	0.54	
0.50	0.50	0.99	12	SILO	0	426901.63	17	37	50	116	541	1	2	2	4	6	0.46	0.62	
0.50	0.50	0.99	16	SILO	0	502062.00	18	39	55	136	855	1	2	3	4	7	0.49	0.67	
0.50	0.50	0.99	20	SILO	0	506410.38	21	51	74	210	2259	1	2	3	5	9	0.53	0.72	
0.50	0.50	0.99	24	SILO	0	472917.53	25	66	94	262	3943	1	2	3	5	10	0.54	0.74	
0.50	0.50	0.99	28	SILO	0	478555.18	26	71	105	358	5490	1	3	3	6	11	0.56	0.75	
0.50	0.50	0.99	32	SILO	0	479086.94	28	79	120	435	6861	1	3	4	6	12	0.56	0.77	
0.50	0.50	0.99	36	SILO	0	472812.65	29	87	135	518	8438	1	3	4	7	14	0.57	0.77	
0.50	0.50	0.99	40	SILO	0	468408.80	31	98	153	627	9418	1	3	4	7	14	0.58	0.78	
0.50	0.50	0.99	44	SILO	0	463725.26	32	105	161	792	10793	1	3	4	7	15	0.59	0.79	
0.50	0.50	0.99	48	SILO	0	459319.27	33	115	180	903	11768	1	3	4	7	16	0.59	0.80	
0.50	0.50	0.99	52	SILO	0	459860.61	32	114	188	1068	13376	1	3	4	8	17	0.59	0.79	
0.50	0.50	0.99	56	SILO	0	452707.32	35	129	216	1333	14120	1	3	4	8	18	0.60	0.80	
0.50	0.50	0.99	60	SILO	0	451474.06	35	132	220	1575	15443	1	3	4	8	19	0.61	0.80	
0.50	0.50	0.99	64	SILO	0	454765.22	36	140	242	1743	16295	1	3	4	8	20	0.61	0.81	
0.50	0.50	0.99	1	WOUND_WAIT	0	77451.69	10	19	38	51	81	0	0	0	0	0	0.00	0.00	
0.50	0.50	0.99	4	WOUND_WAIT	0	167844.05	17	40	52	83	150	0	1	1	2	3	0.10	0.10	
0.50	0.50	0.99	8	WOUND_WAIT	0	216049.92	32	66	80	112	165	0	1	2	3	4	0.27	0.27	
0.50	0.50	0.99	12	WOUND_WAIT	0	218968.77	50	94	112	158	268	0	2	3	4	5	0.39	0.40	
0.50	0.50	0.99	16	WOUND_WAIT	0	209219.96	73	133	157	223	433	0	3	3	4	5	0.47	0.48	
0.50	0.50	0.99	20	WOUND_WAIT	0	106651.29	170	337	406	660	1603	1	3	4	5	7	0.55	0.54	
0.50	0.50	0.99	24	WOUND_WAIT	0	107323.68	216	429	544	897	2409	1	4	5	6	7	0.60	0.58	
0.50	0.50	0.99	28	WOUND_WAIT	0	89221.66	300	620	794	1296	4006	1	5	5	7	8	0.63	0.62	
0.50	0.50	0.99	32	WOUND_WAIT	0	81059.21	378	801	1011	1688	5330	1	5	6	7	9	0.66	0.64	
0.50	0.50	0.99	36	WOUND_WAIT	0	68492.93	497	1082	1358	2267	6521	2	5	6	8	9	0.69	0.66	
0.50	0.50	0.99	40	WOUND_WAIT	0	60815.35	625	1376	1728	2879	6767	2	6	7	8	10	0.71	0.68	
0.50	0.50	0.99	44	WOUND_WAIT	0	56222.77	737	1681	2134	3727	8518	2	6	7	8	11	0.72	0.70	
0.50	0.50	0.99	48	WOUND_WAIT	0	49786.74	903	2038	2588	4597	8870	2	7	7	9	11	0.74	0.71	
0.50	0.50	0.99	52	WOUND_WAIT	0	41449.49	1174	2553	3133	5523	9903	2	7	8	9	11	0.75	0.73	
0.50	0.50	0.99	56	WOUND_WAIT	0	44974.05	1198	2743	3616	6064	10379	3	7	8	9	12	0.76	0.74	
0.50	0.50	0.99	60	WOUND_WAIT	0	39134.09	1470	3420	4339	6713	10657	3	8	8	10	12	0.77	0.75	
0.50	0.50	0.99	64	WOUND_WAIT	0	29452.28	2114	4046	5004	7881	12025	3	8	9	10	12	0.78	0.76	
0.50	0.50	0.99	1	DLOCK	0	56115.38	11	38	50	67	101	0	0	0	0	0	0.00	0.00	
0.50	0.50	0.99	4	DLOCK	0	215383.13	13	32	46	68	111	0	0	0	1	3	0.05	0.04	
0.50	0.50	0.99	8	DLOCK	0	328056.30	17	45	58	95	189	0	1	1	2	4	0.14	0.13	
0.50	0.50	0.99	12	DLOCK	0	379644.50	21	64	79	116	221	0	1	2	3	4	0.22	0.20	
0.50	0.50	0.99	16	DLOCK	0	368753.45	29	90	108	153	247	0	2	2	3	5	0.29	0.26	
0.50	0.50	0.99	20	DLOCK	0	282509.12	53	166	205	330	767	0	2	3	4	6	0.36	0.30	
0.50	0.50	0.99	24	DLOCK	0	249260.44	73	231	290	511	1093	0	2	3	5	7	0.41	0.34	
0.50	0.50	0.99	28	DLOCK	0	235050.22	92	290	376	697	1607	0	3	4	5	7	0.44	0.36	
0.50	0.50	0.99	32	DLOCK	0	213452.07	111	361	462	789	1959	0	3	4	6	7	0.47	0.38	
0.50	0.50	0.99	36	DLOCK	0	196476.00	142	462	626	1149	2566	0	4	5	6	8	0.50	0.40	
0.50	0.50	0.99	40	DLOCK	0	188078.63	166	547	736	1350	3054	0	4	5	7	8	0.53	0.42	
0.50	0.50	0.99	44	DLOCK	0	180168.70	186	632	874	1601	3702	0	4	5	7	9	0.54	0.43	
0.50	0.50	0.99	48	DLOCK	0	129376.32	292	938	1223	2370	4912	0	5	6	8	9	0.57	0.45	
0.50	0.50	0.99	52	DLOCK	0	147279.97	270	922	1300	2578	5327	0	5	6	8	9	0.58	0.46	
0.50	0.50	0.99	56	DLOCK	0	146534.76	287	1012	1404	2586	5613	0	5	6	8	10	0.59	0.47	
0.50	0.50	0.99	60	DLOCK	0	137050.74	334	1153	1632	3416	6109	0	5	7	8	10	0.61	0.48	
0.50	0.50	0.99	64	DLOCK	0	129572.63	369	1330	1905	3546	6573	0	6	7	8	10	0.62	0.49	
0.50	0.50	0.99	1	SILO	0	70646.80	11	27	33	46	64	0	0	0	0	0	0.00	0.00	
0.50	0.50	0.99	4	SILO	0	200129.89	15	37	46	67	116	0	1	1	2	3	0.28	0.35	
0.50	0.50	0.99	8	SILO	0	314865.27	18	40	51	94	297	1	1	2	3	5	0.40	0.54	
0.50	0.50	0.99	12	SILO	0	412508.12	19	43	56	125	511	1	2	2	4	6	0.45	0.62	
0.50	0.50	0.99	16	SILO	0	492253.23	20	44	60	154	827	1	2	3	4	7	0.49	0.67	
0.50	0.50	0.99	20	SILO	0	483394.58	24	57	83	214	1937	1	2	3	5	8	0.52	0.71	
0.50	0.50	0.99	24	SILO	0	457707.21	27	71	99	290	4088	1	2	3	5	9	0.53	0.73	
0.50	0.50	0.99	28	SILO	0	459025.27	29	80	115	343	5276	1	2	3	5	10	0.54	0.75	
0.50	0.50	0.99	32	SILO	0	464355.14	29	85	126	411	7488	1	3	3	6	11	0.55	0.75	
0.50	0.50	0.99	36	SILO	0	461101.91	30	90	139	525	9222	1	3	4	6	12	0.56	0.76	
0.50	0.50	0.99	40	SILO	0	455504.93	32	99	156	615	10589	1	3	4	6	13	0.57	0.77	
0.50	0.50	0.99	44	SILO	0	454217.31	33	106	170	699	11648	1	3	4	7	14	0.57	0.78	
0.50	0.50	0.99	48	SILO	0	445614.70	35	121	188	806	13079	1	3	4	7	15	0.58	0.79	
0.50	0.50	0.99	52	SILO	0	444647.40	37	131	212	971	14465	1	3	4	7	15	0.58	0.79	
0.50	0.50	0.99	56	SILO	0	440055.09	39	144	232	1092	15323	1	3	4	7	16	0.59	0.80	
0.50	0.50	0.99	60	SILO	0	439730.61	38	143	232	1220	17181	1	3	4	7	17	0.59	0.80	
0.50	0.50	0.99	64	SILO	0	442324.80	39	146	242	1343	18682	1	3	4	8	17	0.59	0.80	
0.50	0.50	0.99	1	WOUND_WAIT	0	71378.32	10	24	41	53	83	0	0	0	0	0	0.00	0.00	
0.50	0.50	0.99	4	WOUND_WAIT	0	161407.58	18	48	59	92	161	0	1	1	2	3	0.10	0.10	
0.50	0.50	0.99	8	WOUND_WAIT	0	181075.62	36	78	94	130	190	0	1	2	3	4	0.26	0.27	
0.50	0.50	0.99	12	WOUND_WAIT	0	198225.36	55	113	134	189	317	0	2	3	3	5	0.38	0.39	
0.50	0.50	0.99	16	WOUND_WAIT	0	196770.60	77	146	173	248	471	0	3	3	4	5	0.47	0.48	
0.50	0.50	0.99	20	WOUND_WAIT	0	115756.60	166	338	417	701	1734	1	3	4	5	7	0.54	0.54	
0.50	0.50	0.99	24	WOUND_WAIT	0	90611.27	261	526	658	1031	2492	1	4	5	6	7	0.59	0.58	
0.50	0.50	0.99	28	WOUND_WAIT	0	75325.90	350	722	891	1421	3793	1	4	5	6	8	0.63	0.61	
0.50	0.50	0.99	32	WOUND_WAIT	0	83151.67	369	805	1033	1690	4666	1	5	6	7	9	0.65	0.64	
0.50	0.50	0.99	36	WOUND_WAIT	0	69813.95	488	1079	1369	2347	6776	2	5	6	7	9	0.68	0.66	
0.50	0.50	0.99	40	WOUND_WAIT	0	51672.94	726	1554	1924	3245	8053	2	6	7	8	10	0.70	0.68	
0.50	0.50	0.99	44	WOUND_WAIT	0	52221.14	806	1826	2302	3872	8560	2	6	7	8	10	0.72	0.70	
0.50	0.50	0.99	48	WOUND_WAIT	0	47360.35	962	2226	2885	5053	9689	2	6	7	9	10	0.73	0.71	
0.50	0.50	0.99	52	WOUND_WAIT	0	45036.05	1075	2451	3090	5547	10405	2	7	8	9	11	0.74	0.72	
0.50	0.50	0.99	56	WOUND_WAIT	0	34493.63	1533	3206	3945	6857	11902	3	7	8	9	11	0.76	0.74	
0.50	0.50	0.99	60	WOUND_WAIT	0	37326.25	1504	3321	4146	7251	12352	3	7	8	10	12	0.77	0.74	
0.50	0.50	0.99	64	WOUND_WAIT	0	31593.14	1931	4234	5286	8385	13489	3	8	8	10	12	0.78	0.75	
0.50	0.50	0.99	1	DLOCK	0	59232.30	11	34	48	64	97	0	0	0	0	0	0.00	0.00	
0.50	0.50	0.99	4	DLOCK	0	232321.20	13	30	43	65	107	0	0	0	1	2	0.04	0.04	
0.50	0.50	0.99	8	DLOCK	0	325424.89	16	45	58	96	196	0	1	1	2	3	0.14	0.13	
0.50	0.50	0.99	12	DLOCK	0	377310.36	21	64	78	117	223	0	1	2	3	4	0.21	0.20	
0.50	0.50	0.99	16	DLOCK	0	390648.85	28	88	105	147	237	0	1	2	3	4	0.28	0.26	
0.50	0.50	0.99	20	DLOCK	0	292004.67	50	159	197	317	756	0	2	3	4	6	0.35	0.30	
0.50	0.50	0.99	24	DLOCK	0	228303.77	77	249	318	530	1110	0	2	3	5	6	0.40	0.33	
0.50	0.50	0.99	28	DLOCK	0	231351.99	92	297	387	687	1539	0	3	4	5	7	0.43	0.36	
0.50	0.50	0.99	32	DLOCK	0	246213.64	98	318	421	811	1753	0	3	4	5	7	0.46	0.38	
0.50	0.50	0.99	36	DLOCK	0	194753.48	140	466	629	1179	2552	0	3	5	6	8	0.49	0.40	
0.50	0.50	0.99	40	DLOCK	0	191056.93	159	528	732	1403	3332	0	4	5	6	8	0.51	0.42	
0.50	0.50	0.99	44	DLOCK	0	183483.24	181	618	849	1601	3764	0	4	5	7	8	0.53	0.43	
0.50	0.50	0.99	48	DLOCK	0	151633.67	240	822	1109	2052	4938	0	4	6	7	9	0.56	0.44	
0.50	0.50	0.99	52	DLOCK	0	147960.69	257	940	1321	2454	5276	0	5	6	7	9	0.57	0.46	
0.50	0.50	0.99	56	DLOCK	0	134359.99	301	1133	1566	2803	6289	0	5	6	8	9	0.59	0.47	
0.50	0.50	0.99	60	DLOCK	0	136152.37	328	1175	1672	3130	6281	0	5	6	8	10	0.60	0.48	
0.50	0.50	0.99	64	DLOCK	0	128654.35	368	1327	1864	3473	7273	0	5	6	8	10	0.61	0.49	
0.50	0.50	0.99	1	SILO	0	72883.89	11	26	33	44	63	0	0	0	0	0	0.00	0.00	
0.50	0.50	0.99	4	SILO	0	191225.63	14	36	46	70	140	0	1	1	2	3	0.28	0.34	
0.50	0.50	0.99	8	SILO	0	315403.14	18	43	55	104	323	1	1	2	3	4	0.39	0.52	
0.50	0.50	0.99	12	SILO	0	406504.56	20	45	60	139	554	1	2	2	4	6	0.44	0.61	
0.50	0.50	0.99	16	SILO	0	485846.21	20	47	63	168	794	1	2	3	4	6	0.48	0.65	
0.50	0.50	0.99	20	SILO	0	461598.18	25	61	89	223	1651	1	2	3	5	8	0.50	0.69	
0.50	0.50	0.99	24	SILO	0	436523.00	29	79	110	294	3114	1	2	3	5	9	0.52	0.72	
0.50	0.50	0.99	28	SILO	0	439823.11	30	84	120	367	5092	1	2	3	5	9	0.53	0.74	
0.50	0.50	0.99	32	SILO	0	450082.68	31	89	131	421	7116	1	2	3	5	10	0.54	0.74	
0.50	0.50	0.99	36	SILO	0	435489.11	34	103	154	499	9255	1	3	3	6	11	0.55	0.75	
0.50	0.50	0.99	40	SILO	0	434166.60	35	114	174	615	10665	1	3	3	6	12	0.56	0.77	
0.50	0.50	0.99	44	SILO	0	431617.95	36	117	183	691	12942	1	3	4	6	13	0.56	0.77	
0.50	0.50	0.99	48	SILO	0	435701.02	38	130	207	767	13478	1	3	4	6	13	0.57	0.78	
0.50	0.50	0.99	52	SILO	0	407353.30	47	160	233	870	14538	1	3	4	7	14	0.58	0.80	
0.50	0.50	0.99	56	SILO	0	429950.61	39	144	230	1026	17127	1	3	4	7	15	0.58	0.79	
0.50	0.50	0.99	60	SILO	0	425287.29	43	162	264	1133	18127	1	3	4	7	15	0.58	0.80	
0.50	0.50	0.99	64	SILO	0	433191.12	40	152	250	1295	19292	1	3	4	7	16	0.59	0.79	
