Rd	Wt	Zip	T	CC	TP	P50	P90	P99	P999	Abt
0.10	0.90	0.50	1	WAIT_DIE	167130.98	5	6	6	7	10	|	0	0	0	0	0	|	0
0.10	0.90	0.50	4	WAIT_DIE	656552.84	6	6	7	7	11	|	0	0	0	0	0	|	90
0.10	0.90	0.50	8	WAIT_DIE	1427475.61	5	6	6	6	11	|	0	0	0	0	0	|	347
0.10	0.90	0.50	12	WAIT_DIE	2114655.35	5	6	6	7	12	|	0	0	0	0	0	|	876
0.10	0.90	0.50	16	WAIT_DIE	2746618.51	5	6	6	7	17	|	0	0	0	0	1	|	1551
0.10	0.90	0.50	20	WAIT_DIE	2895479.21	6	7	8	9	33	|	0	0	0	0	1	|	2387
0.10	0.90	0.50	24	WAIT_DIE	3204161.59	7	8	8	9	47	|	0	0	0	0	1	|	3503
0.10	0.90	0.50	28	WAIT_DIE	3482811.34	7	9	9	10	60	|	0	0	0	0	1	|	4854
0.10	0.90	0.50	32	WAIT_DIE	3678077.24	8	10	10	11	67	|	0	0	0	0	1	|	6347
0.10	0.90	0.50	36	WAIT_DIE	4060667.67	8	10	10	11	73	|	0	0	0	0	1	|	8362
0.10	0.90	0.50	1	NO_WAIT	179702.38	5	6	6	6	8	|	0	0	0	0	0	|	0
0.10	0.90	0.50	4	NO_WAIT	666536.11	5	6	6	7	11	|	0	0	0	0	0	|	119
0.10	0.90	0.50	8	NO_WAIT	1319210.89	6	6	6	7	13	|	0	0	0	0	0	|	569
0.10	0.90	0.50	12	NO_WAIT	1933863.52	6	6	7	7	24	|	0	0	0	0	1	|	1331
0.10	0.90	0.50	16	NO_WAIT	2777868.72	5	6	6	7	41	|	0	0	0	0	1	|	2327
0.10	0.90	0.50	20	NO_WAIT	2906718.99	6	7	8	9	61	|	0	0	0	0	1	|	3863
0.10	0.90	0.50	24	NO_WAIT	3197568.31	7	8	9	9	71	|	0	0	0	0	1	|	5530
0.10	0.90	0.50	28	NO_WAIT	3525424.06	7	9	9	10	76	|	0	0	0	0	1	|	7337
0.10	0.90	0.50	32	NO_WAIT	3766016.34	8	9	10	11	82	|	0	0	0	0	1	|	9603
0.10	0.90	0.50	36	NO_WAIT	4104018.31	8	10	10	11	87	|	0	0	0	0	1	|	12540
0.10	0.90	0.50	1	DL_DETECT	178365.77	5	6	6	6	9	|	0	0	0	0	0	|	0
0.10	0.90	0.50	4	DL_DETECT	645395.01	6	6	7	7	11	|	0	0	0	0	0	|	0
0.10	0.90	0.50	8	DL_DETECT	1299047.39	6	6	7	7	11	|	0	0	0	0	0	|	0
0.10	0.90	0.50	12	DL_DETECT	1916425.21	6	7	7	7	10	|	0	0	0	0	0	|	0
0.10	0.90	0.50	16	DL_DETECT	2498097.39	6	7	7	8	12	|	0	0	0	0	0	|	0
0.10	0.90	0.50	20	DL_DETECT	2872665.96	6	8	8	9	13	|	0	0	0	0	0	|	0
0.10	0.90	0.50	24	DL_DETECT	3105212.40	7	8	9	10	13	|	0	0	0	0	0	|	0
0.10	0.90	0.50	28	DL_DETECT	3446723.60	8	9	9	10	14	|	0	0	0	0	0	|	0
0.10	0.90	0.50	32	DL_DETECT	3787538.64	8	9	10	10	15	|	0	0	0	0	0	|	0
0.10	0.90	0.50	36	DL_DETECT	4006838.29	8	10	10	12	17	|	0	0	0	0	0	|	1
0.10	0.90	0.50	1	SILO	200915.42	4	5	5	5	8	|	0	0	0	0	0	|	0
0.10	0.90	0.50	4	SILO	792791.66	4	5	6	6	10	|	0	0	0	0	0	|	101
0.10	0.90	0.50	8	SILO	1487200.11	5	6	6	6	11	|	0	0	0	0	0	|	496
0.10	0.90	0.50	12	SILO	2249458.74	5	6	6	6	16	|	0	0	0	0	1	|	1099
0.10	0.90	0.50	16	SILO	3249137.69	4	5	5	6	31	|	0	0	0	0	1	|	1940
0.10	0.90	0.50	20	SILO	3488763.43	5	6	6	7	50	|	0	0	0	0	1	|	3249
0.10	0.90	0.50	24	SILO	3839272.75	6	7	7	8	62	|	0	0	0	0	1	|	4283
0.10	0.90	0.50	28	SILO	4221819.53	6	7	8	8	70	|	0	0	0	0	1	|	5878
0.10	0.90	0.50	32	SILO	4519371.51	7	8	8	9	76	|	0	0	0	0	1	|	7913
0.10	0.90	0.50	36	SILO	4948741.32	7	8	8	9	80	|	0	0	0	0	1	|	10434
0.10	0.90	0.50	1	TICTOC	199040.53	4	5	5	6	9	|	0	0	0	0	0	|	0
0.10	0.90	0.50	4	TICTOC	750649.42	5	6	6	6	9	|	0	0	0	0	0	|	78
0.10	0.90	0.50	8	TICTOC	1644589.84	4	5	5	6	11	|	0	0	0	0	0	|	473
0.10	0.90	0.50	12	TICTOC	2257181.95	5	6	6	6	15	|	0	0	0	0	1	|	1127
0.10	0.90	0.50	16	TICTOC	3180502.12	4	5	5	6	31	|	0	0	0	0	1	|	1812
0.10	0.90	0.50	20	TICTOC	3389323.89	5	6	6	7	48	|	0	0	0	0	1	|	3138
0.10	0.90	0.50	24	TICTOC	3854844.49	6	7	7	8	59	|	0	0	0	0	1	|	4164
0.10	0.90	0.50	28	TICTOC	4116852.45	6	8	8	9	68	|	0	0	0	0	1	|	5745
0.10	0.90	0.50	32	TICTOC	4431459.26	7	8	8	9	74	|	0	0	0	0	1	|	7640
0.10	0.90	0.50	36	TICTOC	4977745.51	7	8	8	9	79	|	0	0	0	0	1	|	9460
0.50	0.50	0.50	1	WAIT_DIE	175194.69	5	6	6	6	9	|	0	0	0	0	0	|	0
0.50	0.50	0.50	4	WAIT_DIE	685153.88	5	6	6	7	10	|	0	0	0	0	0	|	65
0.50	0.50	0.50	8	WAIT_DIE	1496191.92	5	5	6	6	10	|	0	0	0	0	0	|	274
0.50	0.50	0.50	12	WAIT_DIE	1984038.12	6	6	6	7	11	|	0	0	0	0	0	|	605
0.50	0.50	0.50	16	WAIT_DIE	2889341.45	5	6	6	6	13	|	0	0	0	0	0	|	1196
0.50	0.50	0.50	20	WAIT_DIE	3006674.92	6	7	7	8	20	|	0	0	0	0	0	|	1893
0.50	0.50	0.50	24	WAIT_DIE	3438044.03	6	8	8	9	26	|	0	0	0	0	1	|	2581
0.50	0.50	0.50	28	WAIT_DIE	3766033.15	7	8	8	9	42	|	0	0	0	0	1	|	3694
0.50	0.50	0.50	32	WAIT_DIE	3957927.36	8	9	9	10	51	|	0	0	0	0	1	|	4808
0.50	0.50	0.50	36	WAIT_DIE	4463129.24	8	9	9	10	59	|	0	0	0	0	1	|	6131
0.50	0.50	0.50	1	NO_WAIT	180435.05	5	6	6	6	8	|	0	0	0	0	0	|	0
0.50	0.50	0.50	4	NO_WAIT	774383.55	5	5	5	6	9	|	0	0	0	0	0	|	93
0.50	0.50	0.50	8	NO_WAIT	1360382.57	5	6	6	7	10	|	0	0	0	0	0	|	444
0.50	0.50	0.50	12	NO_WAIT	2033155.27	5	6	6	7	12	|	0	0	0	0	0	|	941
0.50	0.50	0.50	16	NO_WAIT	2926758.79	5	6	6	6	21	|	0	0	0	0	1	|	1700
0.50	0.50	0.50	20	NO_WAIT	3063431.90	6	7	7	8	44	|	0	0	0	0	1	|	2902
0.50	0.50	0.50	24	NO_WAIT	3475968.56	6	8	8	9	55	|	0	0	0	0	1	|	4043
0.50	0.50	0.50	28	NO_WAIT	3790268.88	7	8	8	9	66	|	0	0	0	0	1	|	5527
0.50	0.50	0.50	32	NO_WAIT	4154073.89	7	8	9	9	73	|	0	0	0	0	1	|	7577
0.50	0.50	0.50	36	NO_WAIT	4545095.94	7	9	9	10	77	|	0	0	0	0	1	|	9247
0.50	0.50	0.50	1	DL_DETECT	177197.24	5	6	6	6	8	|	0	0	0	0	0	|	0
0.50	0.50	0.50	4	DL_DETECT	682758.46	5	6	6	7	9	|	0	0	0	0	0	|	0
0.50	0.50	0.50	8	DL_DETECT	1359100.22	5	6	6	7	10	|	0	0	0	0	0	|	0
0.50	0.50	0.50	12	DL_DETECT	2009160.46	5	6	6	7	10	|	0	0	0	0	0	|	0
0.50	0.50	0.50	16	DL_DETECT	2631856.02	6	6	7	7	11	|	0	0	0	0	0	|	0
0.50	0.50	0.50	20	DL_DETECT	3043377.44	6	7	7	8	11	|	0	0	0	0	0	|	0
0.50	0.50	0.50	24	DL_DETECT	3458460.62	6	8	8	9	12	|	0	0	0	0	0	|	0
0.50	0.50	0.50	28	DL_DETECT	3726289.34	7	8	9	9	13	|	0	0	0	0	0	|	0
0.50	0.50	0.50	32	DL_DETECT	3985646.75	7	9	9	10	14	|	0	0	0	0	0	|	1
0.50	0.50	0.50	36	DL_DETECT	4471933.78	7	9	9	10	15	|	0	0	0	0	0	|	0
0.50	0.50	0.50	1	SILO	211958.78	4	5	5	5	7	|	0	0	0	0	0	|	0
0.50	0.50	0.50	4	SILO	758929.81	5	5	6	6	9	|	0	0	0	0	0	|	69
0.50	0.50	0.50	8	SILO	1667786.57	4	5	5	5	10	|	0	0	0	0	0	|	277
0.50	0.50	0.50	12	SILO	2206397.91	5	6	6	6	11	|	0	0	0	0	0	|	637
0.50	0.50	0.50	16	SILO	3234354.81	4	5	5	6	13	|	0	0	0	0	0	|	1148
0.50	0.50	0.50	20	SILO	3564214.70	5	6	6	7	18	|	0	0	0	0	0	|	1762
0.50	0.50	0.50	24	SILO	3898598.09	6	7	7	8	26	|	0	0	0	0	1	|	2648
0.50	0.50	0.50	28	SILO	4106846.87	6	7	8	8	36	|	0	0	0	0	1	|	3461
0.50	0.50	0.50	32	SILO	4477502.02	7	8	8	9	47	|	0	0	0	0	1	|	4568
0.50	0.50	0.50	36	SILO	4994858.80	7	8	8	9	56	|	0	0	0	0	1	|	5815
0.50	0.50	0.50	1	TICTOC	186458.78	5	5	6	6	8	|	0	0	0	0	0	|	0
0.50	0.50	0.50	4	TICTOC	737155.12	5	6	6	6	9	|	0	0	0	0	0	|	45
0.50	0.50	0.50	8	TICTOC	1485074.80	5	6	6	6	9	|	0	0	0	0	0	|	176
0.50	0.50	0.50	12	TICTOC	2177431.10	5	6	6	6	11	|	0	0	0	0	0	|	482
0.50	0.50	0.50	16	TICTOC	2834733.14	5	6	6	7	12	|	0	0	0	0	0	|	843
0.50	0.50	0.50	20	TICTOC	3372834.39	5	6	7	7	15	|	0	0	0	0	0	|	1316
0.50	0.50	0.50	24	TICTOC	3750616.30	6	7	7	8	14	|	0	0	0	0	0	|	1910
0.50	0.50	0.50	28	TICTOC	4126818.58	6	7	8	8	16	|	0	0	0	0	0	|	2508
0.50	0.50	0.50	32	TICTOC	4431377.81	7	8	8	9	27	|	0	0	0	0	1	|	3378
0.50	0.50	0.50	36	TICTOC	4955278.47	7	8	8	9	35	|	0	0	0	0	1	|	4316
0.90	0.10	0.50	1	WAIT_DIE	191284.44	5	5	6	6	7	|	0	0	0	0	0	|	0
0.90	0.10	0.50	4	WAIT_DIE	731728.84	5	6	6	6	10	|	0	0	0	0	0	|	18
0.90	0.10	0.50	8	WAIT_DIE	1580664.64	5	5	5	6	10	|	0	0	0	0	0	|	86
0.90	0.10	0.50	12	WAIT_DIE	2126849.09	5	6	6	6	10	|	0	0	0	0	0	|	155
0.90	0.10	0.50	16	WAIT_DIE	2778505.28	5	6	6	7	12	|	0	0	0	0	0	|	288
0.90	0.10	0.50	20	WAIT_DIE	3473394.44	5	6	7	7	10	|	0	0	0	0	0	|	470
0.90	0.10	0.50	24	WAIT_DIE	3835550.74	6	7	7	8	12	|	0	0	0	0	0	|	698
0.90	0.10	0.50	28	WAIT_DIE	4093941.79	6	7	8	8	12	|	0	0	0	0	0	|	892
0.90	0.10	0.50	32	WAIT_DIE	4611411.63	6	7	8	8	13	|	0	0	0	0	0	|	1230
0.90	0.10	0.50	36	WAIT_DIE	4941972.36	7	8	8	9	16	|	0	0	0	0	0	|	1550
0.90	0.10	0.50	1	NO_WAIT	211040.02	4	5	5	5	8	|	0	0	0	0	0	|	0
0.90	0.10	0.50	4	NO_WAIT	752023.11	5	6	6	6	10	|	0	0	0	0	0	|	22
0.90	0.10	0.50	8	NO_WAIT	1463255.30	5	6	6	6	10	|	0	0	0	0	0	|	101
0.90	0.10	0.50	12	NO_WAIT	2366571.18	5	5	5	6	10	|	0	0	0	0	0	|	268
0.90	0.10	0.50	16	NO_WAIT	3155722.29	5	5	5	6	11	|	0	0	0	0	0	|	453
0.90	0.10	0.50	20	NO_WAIT	3303293.22	5	6	7	7	13	|	0	0	0	0	0	|	694
0.90	0.10	0.50	24	NO_WAIT	3696425.70	6	7	7	8	12	|	0	0	0	0	0	|	1029
0.90	0.10	0.50	28	NO_WAIT	4166688.78	6	7	8	8	12	|	0	0	0	0	0	|	1360
0.90	0.10	0.50	32	NO_WAIT	4685003.70	6	7	8	8	14	|	0	0	0	0	0	|	1833
0.90	0.10	0.50	36	NO_WAIT	5019348.56	7	8	8	9	16	|	0	0	0	0	0	|	2354
0.90	0.10	0.50	1	DL_DETECT	207876.89	4	5	5	5	8	|	0	0	0	0	0	|	0
0.90	0.10	0.50	4	DL_DETECT	734880.93	5	6	6	6	10	|	0	0	0	0	0	|	0
0.90	0.10	0.50	8	DL_DETECT	1587282.76	5	5	5	6	9	|	0	0	0	0	0	|	0
0.90	0.10	0.50	12	DL_DETECT	2135023.46	5	6	6	6	9	|	0	0	0	0	0	|	0
0.90	0.10	0.50	16	DL_DETECT	2833807.99	5	6	6	6	10	|	0	0	0	0	0	|	0
0.90	0.10	0.50	20	DL_DETECT	3455372.20	5	6	7	7	10	|	0	0	0	0	0	|	0
0.90	0.10	0.50	24	DL_DETECT	3673800.88	6	7	7	8	11	|	0	0	0	0	0	|	0
0.90	0.10	0.50	28	DL_DETECT	4174404.04	6	7	8	8	11	|	0	0	0	0	0	|	0
0.90	0.10	0.50	32	DL_DETECT	4517372.01	7	8	8	9	12	|	0	0	0	0	0	|	0
0.90	0.10	0.50	36	DL_DETECT	5001541.86	7	8	8	9	12	|	0	0	0	0	0	|	0
0.90	0.10	0.50	1	SILO	197099.94	5	5	5	6	7	|	0	0	0	0	0	|	0
0.90	0.10	0.50	4	SILO	813943.53	4	5	5	6	10	|	0	0	0	0	0	|	8
0.90	0.10	0.50	8	SILO	1808020.33	4	4	5	5	9	|	0	0	0	0	0	|	59
0.90	0.10	0.50	12	SILO	2704267.94	4	5	5	5	9	|	0	0	0	0	0	|	117
0.90	0.10	0.50	16	SILO	3541287.98	4	5	5	5	10	|	0	0	0	0	0	|	250
0.90	0.10	0.50	20	SILO	3535280.12	5	6	6	7	11	|	0	0	0	0	0	|	362
0.90	0.10	0.50	24	SILO	4168541.80	5	6	7	7	12	|	0	0	0	0	0	|	556
0.90	0.10	0.50	28	SILO	4571124.15	6	7	7	8	11	|	0	0	0	0	0	|	669
0.90	0.10	0.50	32	SILO	4790599.36	6	7	8	9	12	|	0	0	0	0	0	|	928
0.90	0.10	0.50	36	SILO	5394897.75	6	7	8	9	12	|	0	0	0	0	0	|	1169
0.90	0.10	0.50	1	TICTOC	195875.96	5	5	5	6	8	|	0	0	0	0	0	|	0
0.90	0.10	0.50	4	TICTOC	881343.92	4	5	5	5	8	|	0	0	0	0	0	|	8
0.90	0.10	0.50	8	TICTOC	1764387.25	4	5	5	5	8	|	0	0	0	0	0	|	24
0.90	0.10	0.50	12	TICTOC	2323920.07	5	5	6	6	11	|	0	0	0	0	0	|	52
0.90	0.10	0.50	16	TICTOC	3030153.96	5	5	6	6	12	|	0	0	0	0	0	|	87
0.90	0.10	0.50	20	TICTOC	3631719.81	5	6	6	7	11	|	0	0	0	0	0	|	115
0.90	0.10	0.50	24	TICTOC	3918342.09	6	7	7	8	12	|	0	0	0	0	0	|	165
0.90	0.10	0.50	28	TICTOC	4230966.11	6	7	8	8	12	|	0	0	0	0	0	|	276
0.90	0.10	0.50	32	TICTOC	4675587.38	6	8	8	9	12	|	0	0	0	0	0	|	318
0.90	0.10	0.50	36	TICTOC	5133172.19	6	8	8	9	13	|	0	0	0	0	0	|	446
0.10	0.90	0.80	1	WAIT_DIE	221721.97	4	5	5	6	7	|	0	0	0	0	0	|	0
0.10	0.90	0.80	4	WAIT_DIE	838335.83	4	5	6	66	104	|	0	0	0	1	1	|	9363
0.10	0.90	0.80	8	WAIT_DIE	1761351.05	4	5	24	94	148	|	0	0	1	1	2	|	48450
0.10	0.90	0.80	12	WAIT_DIE	2516558.11	4	8	63	108	216	|	0	0	1	2	3	|	131878
0.10	0.90	0.80	16	WAIT_DIE	3087172.91	4	41	86	174	373	|	0	1	1	3	6	|	281093
0.10	0.90	0.80	20	WAIT_DIE	2739991.86	5	66	107	293	3416	|	0	1	2	5	10	|	551493
0.10	0.90	0.80	24	WAIT_DIE	2644203.84	6	79	136	439	6646	|	0	1	2	6	13	|	760369
0.10	0.90	0.80	28	WAIT_DIE	2526864.28	6	88	167	653	9196	|	0	1	2	7	15	|	1004839
0.10	0.90	0.80	32	WAIT_DIE	2466663.35	6	94	193	1020	11137	|	0	1	3	8	17	|	1307456
0.10	0.90	0.80	36	WAIT_DIE	2266149.49	6	103	253	2422	12300	|	0	1	3	10	22	|	1503197
0.10	0.90	0.80	1	NO_WAIT	215885.69	4	5	5	6	7	|	0	0	0	0	0	|	0
0.10	0.90	0.80	4	NO_WAIT	853791.66	4	5	6	84	145	|	0	0	0	1	2	|	15023
0.10	0.90	0.80	8	NO_WAIT	1641415.43	4	6	53	122	254	|	0	0	1	2	4	|	83482
0.10	0.90	0.80	12	NO_WAIT	2321597.98	4	30	87	200	447	|	0	1	1	3	7	|	229073
0.10	0.90	0.80	16	NO_WAIT	2654267.66	5	53	102	283	2966	|	0	1	2	5	10	|	404775
0.10	0.90	0.80	20	NO_WAIT	2542304.66	5	66	121	394	7325	|	0	1	2	6	13	|	602504
0.10	0.90	0.80	24	NO_WAIT	2461397.88	5	76	147	544	10056	|	0	1	2	7	15	|	830496
0.10	0.90	0.80	28	NO_WAIT	2387071.20	6	83	168	818	11946	|	0	1	3	8	18	|	1081872
0.10	0.90	0.80	32	NO_WAIT	2385388.69	6	88	185	1474	13617	|	0	1	3	9	20	|	1273637
0.10	0.90	0.80	36	NO_WAIT	2259560.95	6	93	208	2666	15868	|	0	1	3	10	22	|	1454304
0.10	0.90	0.80	1	DL_DETECT	225229.07	4	5	5	6	7	|	0	0	0	0	0	|	0
0.10	0.90	0.80	4	DL_DETECT	839448.47	4	5	6	7	10	|	0	0	0	0	0	|	43
0.10	0.90	0.80	8	DL_DETECT	1536426.15	5	6	6	10	17	|	0	0	0	0	0	|	280
0.10	0.90	0.80	12	DL_DETECT	2332503.15	4	6	7	13	32	|	0	0	0	0	0	|	949
0.10	0.90	0.80	16	DL_DETECT	2415741.17	5	8	13	31	102	|	0	0	0	0	1	|	3549
0.10	0.90	0.80	20	DL_DETECT	1228019.94	8	34	62	131	411	|	0	0	0	0	2	|	17165
0.10	0.90	0.80	24	DL_DETECT	784814.69	8	92	150	389	1011	|	0	0	0	1	3	|	57254
0.10	0.90	0.80	28	DL_DETECT	518676.96	9	180	296	796	2060	|	0	0	0	1	4	|	119115
0.10	0.90	0.80	32	DL_DETECT	365052.45	9	311	501	1414	3628	|	0	0	0	2	5	|	207014
0.10	0.90	0.80	36	DL_DETECT	261259.64	9	486	797	2366	6198	|	0	0	0	2	7	|	323906
0.10	0.90	0.80	1	SILO	251028.72	3	4	4	5	6	|	0	0	0	0	0	|	0
0.10	0.90	0.80	4	SILO	976840.94	4	5	5	73	105	|	0	0	0	1	1	|	11251
0.10	0.90	0.80	8	SILO	1904682.79	4	5	30	95	152	|	0	0	1	1	2	|	53628
0.10	0.90	0.80	12	SILO	2848735.58	4	6	59	103	185	|	0	0	1	2	3	|	121144
0.10	0.90	0.80	16	SILO	3975996.73	3	28	73	117	224	|	0	1	1	2	4	|	214079
0.10	0.90	0.80	20	SILO	4095908.96	4	46	84	139	258	|	0	1	1	2	4	|	315763
0.10	0.90	0.80	24	SILO	4569116.48	5	59	92	167	322	|	0	1	1	3	5	|	478701
0.10	0.90	0.80	28	SILO	4887718.15	5	67	97	182	375	|	0	1	1	3	6	|	648235
0.10	0.90	0.80	32	SILO	5204582.59	5	74	102	204	458	|	0	1	2	3	7	|	863280
0.10	0.90	0.80	36	SILO	5318623.25	5	81	108	269	1081	|	0	1	2	4	11	|	1184180
0.10	0.90	0.80	1	TICTOC	251226.88	3	4	4	5	6	|	0	0	0	0	0	|	0
0.10	0.90	0.80	4	TICTOC	963585.82	4	5	5	70	105	|	0	0	0	1	1	|	10518
0.10	0.90	0.80	8	TICTOC	1870974.28	4	5	23	94	151	|	0	0	1	1	2	|	50094
0.10	0.90	0.80	12	TICTOC	2989507.02	3	5	55	102	189	|	0	0	1	2	3	|	109385
0.10	0.90	0.80	16	TICTOC	3667136.87	4	22	70	109	213	|	0	1	1	2	3	|	200130
0.10	0.90	0.80	20	TICTOC	4136577.45	4	41	82	140	264	|	0	1	1	2	4	|	313530
0.10	0.90	0.80	24	TICTOC	4574647.62	5	54	89	163	314	|	0	1	1	3	5	|	454240
0.10	0.90	0.80	28	TICTOC	4847354.77	5	63	95	178	364	|	0	1	1	3	6	|	612104
0.10	0.90	0.80	32	TICTOC	5245013.28	5	70	101	204	472	|	0	1	1	3	7	|	828035
0.10	0.90	0.80	36	TICTOC	5415418.76	6	78	106	251	717	|	0	1	2	4	10	|	1126183
0.50	0.50	0.80	1	WAIT_DIE	241775.74	4	4	5	5	6	|	0	0	0	0	0	|	0
0.50	0.50	0.80	4	WAIT_DIE	876197.87	4	5	5	50	102	|	0	0	0	1	1	|	6947
0.50	0.50	0.80	8	WAIT_DIE	1829453.51	4	5	6	86	113	|	0	0	0	1	2	|	33949
0.50	0.50	0.80	12	WAIT_DIE	2449519.42	4	6	39	100	173	|	0	0	1	1	3	|	89318
0.50	0.50	0.80	16	WAIT_DIE	3391613.41	4	9	65	114	236	|	0	0	1	2	4	|	185525
0.50	0.50	0.80	20	WAIT_DIE	3333374.18	5	42	90	190	416	|	0	1	1	3	7	|	362217
0.50	0.50	0.80	24	WAIT_DIE	3313876.24	5	65	109	313	1190	|	0	1	2	5	11	|	657147
0.50	0.50	0.80	28	WAIT_DIE	3145697.86	5	79	140	469	5025	|	0	1	2	7	16	|	970503
0.50	0.50	0.80	32	WAIT_DIE	3004473.84	6	90	177	679	7340	|	0	1	2	8	20	|	1332912
0.50	0.50	0.80	36	WAIT_DIE	2588825.20	6	106	243	1119	9239	|	0	1	3	10	24	|	1745061
0.50	0.50	0.80	1	NO_WAIT	246673.75	4	4	5	5	6	|	0	0	0	0	0	|	0
0.50	0.50	0.80	4	NO_WAIT	903819.81	4	5	5	73	119	|	0	0	0	1	2	|	10819
0.50	0.50	0.80	8	NO_WAIT	1862370.77	4	5	25	101	204	|	0	0	1	2	3	|	58255
0.50	0.50	0.80	12	NO_WAIT	2542208.75	4	6	66	154	326	|	0	0	1	3	6	|	157034
0.50	0.50	0.80	16	NO_WAIT	3140378.45	4	30	88	218	535	|	0	1	1	4	9	|	318902
0.50	0.50	0.80	20	NO_WAIT	3126763.91	5	52	103	319	2742	|	0	1	2	5	13	|	552179
0.50	0.50	0.80	24	NO_WAIT	3039047.87	5	64	120	454	6265	|	0	1	2	7	17	|	792309
0.50	0.50	0.80	28	NO_WAIT	3065509.53	5	70	135	580	8717	|	0	1	2	8	20	|	996183
0.50	0.50	0.80	32	NO_WAIT	3049077.50	5	74	148	749	10890	|	0	1	2	9	23	|	1179395
0.50	0.50	0.80	36	NO_WAIT	2865629.44	6	79	166	1145	13209	|	0	1	3	10	27	|	1445107
0.50	0.50	0.80	1	DL_DETECT	243488.83	4	4	5	5	6	|	0	0	0	0	0	|	0
0.50	0.50	0.80	4	DL_DETECT	859151.12	4	5	5	7	10	|	0	0	0	0	0	|	19
0.50	0.50	0.80	8	DL_DETECT	1796268.09	4	5	5	8	13	|	0	0	0	0	0	|	126
0.50	0.50	0.80	12	DL_DETECT	2527258.59	4	5	6	10	22	|	0	0	0	0	0	|	457
0.50	0.50	0.80	16	DL_DETECT	2987575.19	4	6	8	19	49	|	0	0	0	0	0	|	1483
0.50	0.50	0.80	20	DL_DETECT	1743006.59	7	16	32	71	206	|	0	0	0	0	1	|	5682
0.50	0.50	0.80	24	DL_DETECT	1194878.82	8	46	85	199	575	|	0	0	0	0	2	|	22775
0.50	0.50	0.80	28	DL_DETECT	786955.13	8	108	185	462	1204	|	0	0	0	1	3	|	60402
0.50	0.50	0.80	32	DL_DETECT	541062.12	8	201	332	852	2254	|	0	0	0	1	4	|	118678
0.50	0.50	0.80	36	DL_DETECT	372429.18	9	348	550	1477	3910	|	0	0	0	2	5	|	194139
0.50	0.50	0.80	1	SILO	254292.46	3	4	4	5	6	|	0	0	0	0	0	|	0
0.50	0.50	0.80	4	SILO	1065669.00	3	4	4	45	101	|	0	0	0	1	1	|	6389
0.50	0.50	0.80	8	SILO	1953703.05	4	5	5	82	107	|	0	0	0	1	2	|	29316
0.50	0.50	0.80	12	SILO	3101024.28	3	4	19	92	145	|	0	0	1	1	2	|	67696
0.50	0.50	0.80	16	SILO	4108657.26	3	5	43	98	167	|	0	0	1	1	2	|	125077
0.50	0.50	0.80	20	SILO	4213250.32	4	6	58	103	183	|	0	0	1	1	3	|	191058
0.50	0.50	0.80	24	SILO	4760850.43	4	19	68	106	196	|	0	1	1	2	3	|	277442
0.50	0.50	0.80	28	SILO	5107142.60	5	32	75	111	210	|	0	1	1	2	3	|	379646
0.50	0.50	0.80	32	SILO	5523445.01	5	42	81	124	229	|	0	1	1	2	4	|	487958
0.50	0.50	0.80	36	SILO	5813658.28	6	50	86	141	256	|	0	1	1	2	4	|	635184
0.50	0.50	0.80	1	TICTOC	232706.16	4	5	5	5	7	|	0	0	0	0	0	|	0
0.50	0.50	0.80	4	TICTOC	967243.36	4	5	5	11	99	|	0	0	0	1	1	|	3888
0.50	0.50	0.80	8	TICTOC	2040151.05	3	4	5	63	104	|	0	0	0	1	1	|	16939
0.50	0.50	0.80	12	TICTOC	2760667.25	4	5	5	81	116	|	0	0	0	1	2	|	42972
0.50	0.50	0.80	16	TICTOC	3907531.16	3	4	5	89	146	|	0	0	0	1	2	|	75523
0.50	0.50	0.80	20	TICTOC	4092373.29	4	6	21	96	164	|	0	0	1	1	2	|	118463
0.50	0.50	0.80	24	TICTOC	4714304.45	4	6	37	100	181	|	0	0	1	1	3	|	169650
0.50	0.50	0.80	28	TICTOC	5154879.74	5	7	49	104	193	|	0	0	1	1	3	|	231582
0.50	0.50	0.80	32	TICTOC	5612375.11	5	7	57	107	208	|	0	0	1	2	3	|	305689
0.50	0.50	0.80	36	TICTOC	6015045.38	5	8	64	111	231	|	0	0	1	2	4	|	394929
0.90	0.10	0.80	1	WAIT_DIE	265782.87	3	4	5	5	6	|	0	0	0	0	0	|	0
0.90	0.10	0.80	4	WAIT_DIE	1005941.24	3	4	4	5	82	|	0	0	0	0	1	|	1707
0.90	0.10	0.80	8	WAIT_DIE	1960905.25	4	4	5	11	97	|	0	0	0	1	1	|	7861
0.90	0.10	0.80	12	WAIT_DIE	2700841.55	4	5	5	49	102	|	0	0	0	1	1	|	19521
0.90	0.10	0.80	16	WAIT_DIE	3782919.87	4	5	5	66	105	|	0	0	0	1	1	|	37154
0.90	0.10	0.80	20	WAIT_DIE	3901962.78	4	6	7	81	126	|	0	0	0	1	2	|	62662
0.90	0.10	0.80	24	WAIT_DIE	4471654.24	5	6	10	90	161	|	0	0	0	1	2	|	97851
0.90	0.10	0.80	28	WAIT_DIE	4679936.32	5	7	13	98	196	|	0	0	0	1	3	|	147770
0.90	0.10	0.80	32	WAIT_DIE	4958748.39	5	8	23	107	255	|	0	0	1	1	4	|	205114
0.90	0.10	0.80	36	WAIT_DIE	4829187.88	6	12	45	146	456	|	0	0	1	2	7	|	308231
0.90	0.10	0.80	1	NO_WAIT	271729.39	3	4	4	5	6	|	0	0	0	0	0	|	0
0.90	0.10	0.80	4	NO_WAIT	946106.46	4	5	5	6	92	|	0	0	0	0	1	|	2615
0.90	0.10	0.80	8	NO_WAIT	1860148.26	4	5	5	44	107	|	0	0	0	1	2	|	13127
0.90	0.10	0.80	12	NO_WAIT	2735474.45	4	5	5	71	162	|	0	0	0	1	3	|	31922
0.90	0.10	0.80	16	NO_WAIT	3610954.18	4	5	5	86	216	|	0	0	0	1	4	|	63241
0.90	0.10	0.80	20	NO_WAIT	3981410.52	4	6	7	98	308	|	0	0	0	1	5	|	111237
0.90	0.10	0.80	24	NO_WAIT	4533698.78	5	6	12	108	457	|	0	0	0	2	8	|	183049
0.90	0.10	0.80	28	NO_WAIT	4824166.24	5	7	24	140	707	|	0	0	1	2	12	|	297920
0.90	0.10	0.80	32	NO_WAIT	4875510.46	5	9	42	190	1410	|	0	0	1	3	24	|	541062
0.90	0.10	0.80	36	NO_WAIT	2694268.92	5	25	88	476	10017	|	0	0	1	6	131	|	2235623
0.90	0.10	0.80	1	DL_DETECT	253498.86	3	4	5	5	6	|	0	0	0	0	0	|	0
0.90	0.10	0.80	4	DL_DETECT	933664.30	4	5	5	5	8	|	0	0	0	0	0	|	2
0.90	0.10	0.80	8	DL_DETECT	1957447.46	4	4	5	5	9	|	0	0	0	0	0	|	7
0.90	0.10	0.80	12	DL_DETECT	2656243.15	4	5	5	7	11	|	0	0	0	0	0	|	31
0.90	0.10	0.80	16	DL_DETECT	3736577.22	4	5	5	7	13	|	0	0	0	0	0	|	54
0.90	0.10	0.80	20	DL_DETECT	3410174.13	5	7	9	15	31	|	0	0	0	0	0	|	128
0.90	0.10	0.80	24	DL_DETECT	3556378.54	5	8	11	21	47	|	0	0	0	0	0	|	215
0.90	0.10	0.80	28	DL_DETECT	3577537.88	6	10	13	32	74	|	0	0	0	0	0	|	395
0.90	0.10	0.80	32	DL_DETECT	3373308.57	7	12	17	51	129	|	0	0	0	0	0	|	1072
0.90	0.10	0.80	36	DL_DETECT	2761177.96	8	19	29	87	229	|	0	0	0	0	0	|	1725
0.90	0.10	0.80	1	SILO	276343.46	3	4	4	5	5	|	0	0	0	0	0	|	0
0.90	0.10	0.80	4	SILO	1187357.25	3	4	4	4	76	|	0	0	0	0	1	|	1313
0.90	0.10	0.80	8	SILO	2379708.26	3	4	4	5	93	|	0	0	0	0	1	|	5520
0.90	0.10	0.80	12	SILO	3221784.64	3	4	5	21	98	|	0	0	0	1	1	|	13620
0.90	0.10	0.80	16	SILO	4714378.80	3	4	4	44	100	|	0	0	0	1	1	|	24940
0.90	0.10	0.80	20	SILO	4764038.80	4	5	5	58	103	|	0	0	0	1	1	|	39699
0.90	0.10	0.80	24	SILO	5487607.60	4	5	6	68	104	|	0	0	0	1	1	|	56660
0.90	0.10	0.80	28	SILO	6027883.68	4	6	6	74	105	|	0	0	0	1	1	|	77018
0.90	0.10	0.80	32	SILO	6516497.96	4	6	7	79	107	|	0	0	0	1	1	|	103407
0.90	0.10	0.80	36	SILO	7240912.67	4	6	7	82	107	|	0	0	0	1	2	|	126382
0.90	0.10	0.80	1	TICTOC	261473.53	3	4	4	5	6	|	0	0	0	0	0	|	0
0.90	0.10	0.80	4	TICTOC	1054646.18	3	4	5	5	8	|	0	0	0	0	0	|	236
0.90	0.10	0.80	8	TICTOC	2086853.08	3	4	5	5	45	|	0	0	0	0	1	|	1246
0.90	0.10	0.80	12	TICTOC	3078963.44	3	4	5	5	66	|	0	0	0	0	1	|	2845
0.90	0.10	0.80	16	TICTOC	4370178.62	3	4	4	5	77	|	0	0	0	0	1	|	5292
0.90	0.10	0.80	20	TICTOC	4584512.94	4	5	5	6	85	|	0	0	0	0	1	|	8249
0.90	0.10	0.80	24	TICTOC	5303362.14	4	5	5	6	90	|	0	0	0	0	1	|	11665
0.90	0.10	0.80	28	TICTOC	5702524.45	4	6	6	7	93	|	0	0	0	0	1	|	16668
0.90	0.10	0.80	32	TICTOC	6271343.65	4	6	6	8	96	|	0	0	0	0	1	|	21849
0.90	0.10	0.80	36	TICTOC	6863382.30	5	6	7	8	98	|	0	0	0	0	1	|	26934
0.10	0.90	0.90	1	WAIT_DIE	261668.10	3	4	5	5	6	|	0	0	0	0	0	|	0
0.10	0.90	0.90	4	WAIT_DIE	917157.38	4	23	69	104	181	|	0	1	1	2	3	|	50480
0.10	0.90	0.90	8	WAIT_DIE	1163739.70	4	65	94	183	7189	|	0	1	1	2	4	|	168834
0.10	0.90	0.90	12	WAIT_DIE	1280626.01	4	69	99	310	10857	|	0	1	1	3	5	|	232337
0.10	0.90	0.90	16	WAIT_DIE	1284546.47	4	80	108	2376	12876	|	0	1	2	3	5	|	325195
0.10	0.90	0.90	20	WAIT_DIE	1111102.08	5	97	160	4683	14336	|	0	1	2	4	7	|	534188
0.10	0.90	0.90	24	WAIT_DIE	1078460.00	5	106	202	5825	15525	|	0	1	2	4	8	|	656618
0.10	0.90	0.90	28	WAIT_DIE	1052073.90	5	117	264	6853	16578	|	0	2	2	5	9	|	911617
0.10	0.90	0.90	32	WAIT_DIE	1058077.76	5	132	368	7615	17113	|	0	2	3	5	9	|	1140445
0.10	0.90	0.90	36	WAIT_DIE	979490.88	6	169	1135	8674	17974	|	0	2	3	6	10	|	1327615
0.10	0.90	0.90	1	NO_WAIT	266053.33	3	4	4	5	6	|	0	0	0	0	0	|	0
0.10	0.90	0.90	4	NO_WAIT	838771.45	4	44	87	169	622	|	0	1	1	3	5	|	72727
0.10	0.90	0.90	8	NO_WAIT	943790.01	4	64	101	307	10195	|	0	1	2	3	7	|	176915
0.10	0.90	0.90	12	NO_WAIT	1037051.67	3	70	107	2246	13086	|	0	1	2	4	7	|	269942
0.10	0.90	0.90	16	NO_WAIT	1051460.18	4	80	135	4047	14491	|	0	1	2	4	8	|	413790
0.10	0.90	0.90	20	NO_WAIT	963324.78	4	97	188	5718	17057	|	0	1	2	5	10	|	565361
0.10	0.90	0.90	24	NO_WAIT	947792.47	5	104	229	7094	19116	|	0	2	3	6	11	|	750855
0.10	0.90	0.90	28	NO_WAIT	915497.53	5	119	307	8319	21043	|	0	2	3	6	12	|	1072390
0.10	0.90	0.90	32	NO_WAIT	926266.82	5	130	426	9286	22046	|	0	2	3	7	13	|	1234118
0.10	0.90	0.90	36	NO_WAIT	877186.78	5	157	961	10511	24421	|	0	2	3	8	15	|	1373615
0.10	0.90	0.90	1	DL_DETECT	263465.06	3	4	4	5	6	|	0	0	0	0	0	|	0
0.10	0.90	0.90	4	DL_DETECT	921740.21	4	5	6	9	74	|	0	0	0	0	1	|	1016
0.10	0.90	0.90	8	DL_DETECT	1188771.78	4	12	17	60	142	|	0	0	0	1	2	|	11716
0.10	0.90	0.90	12	DL_DETECT	756426.12	5	42	76	214	478	|	0	0	1	2	4	|	85236
0.10	0.90	0.90	16	DL_DETECT	404626.60	5	136	259	633	1463	|	0	1	1	4	9	|	296919
0.10	0.90	0.90	20	DL_DETECT	167987.20	12	432	779	1992	5026	|	0	1	2	6	16	|	673735
0.10	0.90	0.90	24	DL_DETECT	99085.74	46	888	1661	4502	12438	|	0	1	3	9	26	|	1228189
0.10	0.90	0.90	28	DL_DETECT	65558.91	109	1570	3031	8793	26210	|	0	2	4	13	39	|	1981217
0.10	0.90	0.90	32	DL_DETECT	48860.62	184	2395	4766	14559	46973	|	0	2	5	17	56	|	2985080
0.10	0.90	0.90	36	DL_DETECT	37208.12	274	3547	7143	22780	77587	|	0	2	6	21	74	|	4288926
0.10	0.90	0.90	1	SILO	278044.37	3	4	4	5	6	|	0	0	0	0	0	|	0
0.10	0.90	0.90	4	SILO	1061461.22	3	26	70	104	189	|	0	1	1	2	3	|	51233
0.10	0.90	0.90	8	SILO	1583798.27	3	62	91	162	4239	|	0	1	1	2	4	|	165162
0.10	0.90	0.90	12	SILO	1779794.40	3	69	96	200	8204	|	0	1	1	3	5	|	265316
0.10	0.90	0.90	16	SILO	1895995.35	3	75	100	382	9906	|	0	1	1	3	5	|	376837
0.10	0.90	0.90	20	SILO	1897668.29	4	84	108	1501	11247	|	0	1	2	3	6	|	621497
0.10	0.90	0.90	24	SILO	1925120.79	4	91	127	2581	12040	|	0	1	2	4	7	|	833670
0.10	0.90	0.90	28	SILO	1934451.67	4	95	144	3459	13451	|	0	1	2	4	8	|	1079316
0.10	0.90	0.90	32	SILO	1978553.03	4	97	154	4130	14418	|	0	1	2	4	8	|	1278428
0.10	0.90	0.90	36	SILO	1929988.37	5	103	179	4814	15421	|	0	2	2	5	10	|	1594808
0.10	0.90	0.90	1	TICTOC	275782.23	3	4	4	5	6	|	0	0	0	0	0	|	0
0.10	0.90	0.90	4	TICTOC	1093667.74	3	21	67	104	186	|	0	1	1	2	3	|	46122
0.10	0.90	0.90	8	TICTOC	1624856.24	3	62	91	161	3886	|	0	1	1	2	4	|	161713
0.10	0.90	0.90	12	TICTOC	1837798.99	3	66	95	198	8226	|	0	1	1	3	5	|	262948
0.10	0.90	0.90	16	TICTOC	1970148.89	3	75	100	290	9522	|	0	1	2	3	5	|	403614
0.10	0.90	0.90	20	TICTOC	1950693.22	4	82	107	1328	11268	|	0	1	2	3	6	|	584406
0.10	0.90	0.90	24	TICTOC	1982209.22	4	91	129	2213	12108	|	0	1	2	4	7	|	853065
0.10	0.90	0.90	28	TICTOC	2019370.54	4	95	144	3050	13225	|	0	1	2	4	8	|	1046673
0.10	0.90	0.90	32	TICTOC	2056523.13	4	97	154	3812	14095	|	0	1	2	4	9	|	1246784
0.10	0.90	0.90	36	TICTOC	2028081.23	5	102	175	4541	15231	|	0	2	2	5	10	|	1552928
0.50	0.50	0.90	1	WAIT_DIE	283043.07	3	4	4	5	6	|	0	0	0	0	0	|	0
0.50	0.50	0.90	4	WAIT_DIE	959181.58	4	6	50	98	157	|	0	0	1	1	2	|	35836
0.50	0.50	0.90	8	WAIT_DIE	1489801.79	4	55	88	155	3694	|	0	1	1	2	4	|	155712
0.50	0.50	0.90	12	WAIT_DIE	1573209.85	4	68	97	208	8689	|	0	1	1	3	5	|	266946
0.50	0.50	0.90	16	WAIT_DIE	1627128.70	4	76	104	666	10672	|	0	1	2	3	5	|	359276
0.50	0.50	0.90	20	WAIT_DIE	1404505.97	5	93	142	2800	13281	|	0	1	2	4	7	|	495643
0.50	0.50	0.90	24	WAIT_DIE	1368107.72	5	102	174	4153	14390	|	0	1	2	5	8	|	733158
0.50	0.50	0.90	28	WAIT_DIE	1377674.12	5	106	196	5239	15061	|	0	1	2	5	9	|	999156
0.50	0.50	0.90	32	WAIT_DIE	1356130.02	5	115	241	6157	15886	|	0	2	2	5	10	|	1154890
0.50	0.50	0.90	36	WAIT_DIE	1276840.36	6	139	339	7017	16703	|	0	2	3	6	11	|	1196749
0.50	0.50	0.90	1	NO_WAIT	274153.25	3	4	4	5	6	|	0	0	0	0	0	|	0
0.50	0.50	0.90	4	NO_WAIT	961070.97	4	23	75	143	272	|	0	1	1	2	4	|	58986
0.50	0.50	0.90	8	NO_WAIT	1241745.68	3	55	95	232	7190	|	0	1	1	3	7	|	163833
0.50	0.50	0.90	12	NO_WAIT	1262699.50	4	67	104	503	11128	|	0	1	2	4	8	|	276611
0.50	0.50	0.90	16	NO_WAIT	1333030.60	4	76	123	2410	12697	|	0	1	2	4	8	|	403209
0.50	0.50	0.90	20	NO_WAIT	1227132.92	4	90	161	4258	14992	|	0	1	2	5	11	|	536288
0.50	0.50	0.90	24	NO_WAIT	1204678.03	4	97	191	5546	16703	|	0	1	2	6	12	|	818186
0.50	0.50	0.90	28	NO_WAIT	1182295.46	5	104	230	6516	18578	|	0	2	3	6	13	|	1072930
0.50	0.50	0.90	32	NO_WAIT	1171821.47	5	110	274	7609	20007	|	0	2	3	7	14	|	1268933
0.50	0.50	0.90	36	NO_WAIT	1120711.50	5	127	357	8754	22034	|	0	2	3	8	16	|	1387695
0.50	0.50	0.90	1	DL_DETECT	272364.34	3	4	4	5	6	|	0	0	0	0	0	|	0
0.50	0.50	0.90	4	DL_DETECT	929159.87	4	5	6	8	50	|	0	0	0	0	1	|	617
0.50	0.50	0.90	8	DL_DETECT	1413873.98	4	8	12	24	112	|	0	0	0	0	1	|	5465
0.50	0.50	0.90	12	DL_DETECT	1143860.07	5	26	37	126	276	|	0	0	0	1	2	|	37129
0.50	0.50	0.90	16	DL_DETECT	618152.90	5	76	145	361	825	|	0	0	1	2	5	|	155451
0.50	0.50	0.90	20	DL_DETECT	250583.09	9	258	462	1171	2898	|	0	1	1	4	10	|	394423
0.50	0.50	0.90	24	DL_DETECT	139900.86	14	582	1048	2849	7653	|	0	1	2	6	17	|	771344
0.50	0.50	0.90	28	DL_DETECT	90615.83	50	1051	1973	5761	17163	|	0	1	3	9	28	|	1312911
0.50	0.50	0.90	32	DL_DETECT	66259.05	113	1662	3171	9963	31462	|	0	1	3	12	40	|	2040041
0.50	0.50	0.90	36	DL_DETECT	49047.65	196	2529	4914	16336	55356	|	0	2	4	16	55	|	3042624
0.50	0.50	0.90	1	SILO	297367.41	3	4	4	4	5	|	0	0	0	0	0	|	0
0.50	0.50	0.90	4	SILO	1121388.92	3	4	39	95	145	|	0	0	1	1	2	|	29588
0.50	0.50	0.90	8	SILO	2099907.55	3	42	79	112	211	|	0	1	1	2	3	|	129882
0.50	0.50	0.90	12	SILO	2630746.61	3	57	88	150	3574	|	0	1	1	2	4	|	219330
0.50	0.50	0.90	16	SILO	2877050.94	3	66	93	172	5894	|	0	1	1	2	4	|	356136
0.50	0.50	0.90	20	SILO	2938664.52	4	78	101	215	6562	|	0	1	2	3	5	|	545600
0.50	0.50	0.90	24	SILO	2969630.93	4	83	105	268	8794	|	0	1	2	3	6	|	685373
0.50	0.50	0.90	28	SILO	3048289.00	4	87	110	359	9990	|	0	1	2	3	6	|	924685
0.50	0.50	0.90	32	SILO	3137813.16	5	91	122	698	10299	|	0	1	2	4	7	|	1114955
0.50	0.50	0.90	36	SILO	3097667.17	5	96	140	1561	10898	|	0	1	2	4	8	|	1424347
0.50	0.50	0.90	1	TICTOC	283894.21	3	4	4	5	5	|	0	0	0	0	0	|	0
0.50	0.50	0.90	4	TICTOC	1087853.55	3	4	5	88	128	|	0	0	0	1	2	|	19368
0.50	0.50	0.90	8	TICTOC	2178575.00	3	8	62	104	195	|	0	1	1	2	3	|	90676
0.50	0.50	0.90	12	TICTOC	2965304.35	3	43	81	138	260	|	0	1	1	2	4	|	204579
0.50	0.50	0.90	16	TICTOC	3642719.11	3	55	89	168	1289	|	0	1	1	3	5	|	307283
0.50	0.50	0.90	20	TICTOC	3596914.25	4	70	100	206	3162	|	0	1	2	3	7	|	507836
0.50	0.50	0.90	24	TICTOC	3708264.39	4	79	107	260	5002	|	0	1	2	4	8	|	735641
0.50	0.50	0.90	28	TICTOC	3730265.47	4	84	117	311	6591	|	0	1	2	4	10	|	904103
0.50	0.50	0.90	32	TICTOC	3781282.76	5	88	129	378	8458	|	0	1	2	5	12	|	1131721
0.50	0.50	0.90	36	TICTOC	3589992.40	5	94	153	576	9984	|	0	1	2	6	17	|	1392646
0.90	0.10	0.90	1	WAIT_DIE	311804.07	3	4	4	4	5	|	0	0	0	0	0	|	0
0.90	0.10	0.90	4	WAIT_DIE	1147833.95	3	4	4	59	102	|	0	0	0	1	1	|	8262
0.90	0.10	0.90	8	WAIT_DIE	1955585.28	3	5	11	91	137	|	0	0	1	1	2	|	41032
0.90	0.10	0.90	12	WAIT_DIE	2742897.04	4	6	52	103	189	|	0	0	1	1	3	|	112477
0.90	0.10	0.90	16	WAIT_DIE	3323299.61	4	24	75	137	292	|	0	1	1	2	5	|	218928
0.90	0.10	0.90	20	WAIT_DIE	2755557.15	4	59	103	239	660	|	0	1	1	3	9	|	421655
0.90	0.10	0.90	24	WAIT_DIE	2268710.33	5	83	142	406	4213	|	0	1	2	5	11	|	664565
0.90	0.10	0.90	28	WAIT_DIE	2235997.23	5	93	169	561	7480	|	0	1	2	5	13	|	885173
0.90	0.10	0.90	32	WAIT_DIE	2139054.71	5	102	197	810	10269	|	0	1	2	6	15	|	1057608
0.90	0.10	0.90	36	WAIT_DIE	1865008.74	5	117	252	1721	12889	|	0	1	2	8	20	|	1467937
0.90	0.10	0.90	1	NO_WAIT	317956.74	3	4	4	4	5	|	0	0	0	0	0	|	0
0.90	0.10	0.90	4	NO_WAIT	1069256.56	3	4	5	79	156	|	0	0	0	1	2	|	13984
0.90	0.10	0.90	8	NO_WAIT	2106007.75	3	4	36	114	314	|	0	0	1	2	5	|	75289
0.90	0.10	0.90	12	NO_WAIT	2744388.52	4	8	72	205	729	|	0	0	1	4	12	|	214604
0.90	0.10	0.90	16	NO_WAIT	2999322.44	4	21	83	298	3283	|	0	1	1	5	18	|	353815
0.90	0.10	0.90	20	NO_WAIT	2459410.14	4	41	97	584	7814	|	0	1	1	8	32	|	657040
0.90	0.10	0.90	24	NO_WAIT	2197373.58	4	52	107	1011	11778	|	0	1	1	11	47	|	991398
0.90	0.10	0.90	28	NO_WAIT	1959135.32	5	63	119	1696	15704	|	0	1	2	14	63	|	1459541
0.90	0.10	0.90	32	NO_WAIT	1838193.08	5	70	133	2509	19007	|	0	1	2	17	76	|	2071263
0.90	0.10	0.90	36	NO_WAIT	1442107.51	5	90	180	4574	26473	|	0	1	2	26	114	|	2845124
0.90	0.10	0.90	1	DL_DETECT	298947.47	3	4	4	5	6	|	0	0	0	0	0	|	0
0.90	0.10	0.90	4	DL_DETECT	1043756.84	3	4	5	6	9	|	0	0	0	0	0	|	26
0.90	0.10	0.90	8	DL_DETECT	2072231.19	3	4	5	8	15	|	0	0	0	0	0	|	234
0.90	0.10	0.90	12	DL_DETECT	2659893.78	3	5	8	14	30	|	0	0	0	0	0	|	813
0.90	0.10	0.90	16	DL_DETECT	2719046.26	4	9	14	29	88	|	0	0	0	0	1	|	2801
0.90	0.10	0.90	20	DL_DETECT	1528153.38	7	29	44	84	218	|	0	0	0	0	1	|	9775
0.90	0.10	0.90	24	DL_DETECT	1060053.00	8	62	91	181	499	|	0	0	0	0	2	|	27153
0.90	0.10	0.90	28	DL_DETECT	719401.78	8	116	170	365	932	|	0	0	0	1	3	|	64359
0.90	0.10	0.90	32	DL_DETECT	492028.95	9	201	291	665	1863	|	0	0	0	1	4	|	130927
0.90	0.10	0.90	36	DL_DETECT	329257.35	11	334	486	1180	3632	|	0	0	0	2	7	|	230111
0.90	0.10	0.90	1	SILO	305398.24	3	4	4	4	5	|	0	0	0	0	0	|	0
0.90	0.10	0.90	4	SILO	1311225.67	2	3	4	37	99	|	0	0	0	1	1	|	5681
0.90	0.10	0.90	8	SILO	2604491.66	2	4	4	77	104	|	0	0	0	1	1	|	26289
0.90	0.10	0.90	12	SILO	3869553.21	3	4	10	88	111	|	0	0	1	1	2	|	60670
0.90	0.10	0.90	16	SILO	5071089.36	3	4	36	94	136	|	0	0	1	1	2	|	111789
0.90	0.10	0.90	20	SILO	5542273.23	3	5	52	98	158	|	0	0	1	1	2	|	176662
0.90	0.10	0.90	24	SILO	6272691.84	3	13	62	101	170	|	0	1	1	1	2	|	252551
0.90	0.10	0.90	28	SILO	7075098.72	3	26	70	103	180	|	0	1	1	2	3	|	342872
0.90	0.10	0.90	32	SILO	7565828.90	4	37	76	105	188	|	0	1	1	2	3	|	453604
0.90	0.10	0.90	36	SILO	8198170.41	4	45	80	109	199	|	0	1	1	2	3	|	585553
0.90	0.10	0.90	1	TICTOC	330942.86	2	3	4	4	5	|	0	0	0	0	0	|	0
0.90	0.10	0.90	4	TICTOC	1242983.20	3	4	4	5	79	|	0	0	0	0	1	|	1386
0.90	0.10	0.90	8	TICTOC	2489586.39	3	4	4	5	95	|	0	0	0	0	1	|	6326
0.90	0.10	0.90	12	TICTOC	3710205.40	3	4	4	34	100	|	0	0	0	1	1	|	15906
0.90	0.10	0.90	16	TICTOC	4841157.92	3	4	4	54	102	|	0	0	0	1	1	|	28477
0.90	0.10	0.90	20	TICTOC	5367396.00	3	4	5	67	105	|	0	0	0	1	2	|	46291
0.90	0.10	0.90	24	TICTOC	6000484.89	3	5	5	75	109	|	0	0	0	1	2	|	69319
0.90	0.10	0.90	28	TICTOC	6617158.30	4	5	6	82	127	|	0	0	0	1	2	|	97001
0.90	0.10	0.90	32	TICTOC	7268523.83	4	5	6	87	142	|	0	0	0	1	2	|	129451
0.90	0.10	0.90	36	TICTOC	7678686.37	4	6	7	91	157	|	0	0	0	1	2	|	172312
