Rd	Wt	Zip	T	CC	TP	P50	P90	P99	P999	Abt
0.00	1.00	0.50	1	WAIT_DIE	175632.07	5	6	7	8	9	0
0.00	1.00	0.50	4	WAIT_DIE	511159.35	7	9	10	11	22	1805
0.00	1.00	0.50	8	WAIT_DIE	1077598.33	7	8	9	10	20	3784
0.00	1.00	0.50	12	WAIT_DIE	1586623.68	7	8	9	10	22	9446
0.00	1.00	0.50	16	WAIT_DIE	2226834.73	6	8	9	10	32	16662
0.00	1.00	0.50	20	WAIT_DIE	2501614.35	7	9	10	11	68	30894
0.00	1.00	0.50	24	WAIT_DIE	3073969.22	7	8	9	10	66	41604
0.00	1.00	0.50	28	WAIT_DIE	3548926.59	7	8	9	10	77	57568
0.00	1.00	0.50	32	WAIT_DIE	3855218.71	8	9	10	11	2845	124678
0.00	1.00	0.50	36	WAIT_DIE	4263948.03	8	9	10	17	6198	235810
0.00	1.00	0.50	1	NO_WAIT	177441.17	5	6	7	8	9	0
0.00	1.00	0.50	4	NO_WAIT	529973.27	7	9	10	11	21	1200
0.00	1.00	0.50	8	NO_WAIT	1119901.30	6	8	9	10	21	5588
0.00	1.00	0.50	12	NO_WAIT	1623471.33	7	8	9	10	37	13599
0.00	1.00	0.50	16	NO_WAIT	2186839.18	7	8	9	10	58	24198
0.00	1.00	0.50	20	NO_WAIT	2482938.33	7	9	10	11	73	39570
0.00	1.00	0.50	24	NO_WAIT	3202584.14	7	8	9	10	85	60055
0.00	1.00	0.50	28	NO_WAIT	3558012.94	7	8	9	10	87	80535
0.00	1.00	0.50	32	NO_WAIT	3727325.84	8	9	10	12	2636	142379
0.00	1.00	0.50	36	NO_WAIT	4306841.11	8	9	10	42	8989	379927
0.00	1.00	0.50	1	DL_DETECT	172963.25	5	6	7	8	9	0
0.00	1.00	0.50	4	DL_DETECT	500762.47	7	9	10	11	21	0
0.00	1.00	0.50	8	DL_DETECT	1188039.56	6	7	8	9	13	0
0.00	1.00	0.50	12	DL_DETECT	1704001.25	6	8	9	10	16	1
0.00	1.00	0.50	16	DL_DETECT	2205386.12	7	8	9	10	15	7
0.00	1.00	0.50	20	DL_DETECT	2990523.70	6	7	8	9	15	71
0.00	1.00	0.50	24	DL_DETECT	3253777.13	7	8	9	10	18	210
0.00	1.00	0.50	28	DL_DETECT	3630433.71	7	8	9	10	20	328
0.00	1.00	0.50	32	DL_DETECT	3891343.20	7	9	10	11	22	2382
0.00	1.00	0.50	36	DL_DETECT	1897270.96	8	11	12	24	8244	241781
0.00	1.00	0.50	1	MVCC	115720.82	7	8	9	10	421	0
0.00	1.00	0.50	4	MVCC	330871.18	11	12	13	14	464	379
0.00	1.00	0.50	8	MVCC	707892.86	10	12	13	14	31	1685
0.00	1.00	0.50	12	MVCC	1025813.57	11	12	13	14	30	4018
0.00	1.00	0.50	16	MVCC	1364243.61	11	13	14	15	32	7437
0.00	1.00	0.50	20	MVCC	1663600.83	11	13	15	17	33	11682
0.00	1.00	0.50	24	MVCC	1868910.32	12	14	15	17	47	17558
0.00	1.00	0.50	28	MVCC	1843288.83	13	17	18	20	62	23955
0.00	1.00	0.50	32	MVCC	2095691.70	13	15	16	18	64	30940
0.00	1.00	0.50	36	MVCC	1925252.78	13	16	17	19	89	39132
0.00	1.00	0.50	1	OCC	181079.38	5	6	7	8	9	0
0.00	1.00	0.50	4	OCC	525577.10	7	8	9	10	22	2269
0.00	1.00	0.50	8	OCC	1105472.29	7	8	9	10	51	10719
0.00	1.00	0.50	12	OCC	1711393.93	6	8	9	10	72	25059
0.00	1.00	0.50	16	OCC	2316653.87	6	8	9	10	82	45766
0.00	1.00	0.50	20	OCC	2636968.74	7	8	9	10	90	71579
0.00	1.00	0.50	24	OCC	3063323.83	7	8	9	10	94	105272
0.00	1.00	0.50	28	OCC	3423106.31	7	9	10	11	97	145223
0.00	1.00	0.50	32	OCC	3703905.21	8	9	10	12	101	189357
0.00	1.00	0.50	36	OCC	3857499.84	8	9	10	13	105	214582
0.00	1.00	0.50	1	HEKATON	136322.26	6	7	8	9	415	0
0.00	1.00	0.50	4	HEKATON	420091.21	8	10	11	12	104	2576
0.00	1.00	0.50	8	HEKATON	891650.56	8	10	11	12	81	11708
0.00	1.00	0.50	12	HEKATON	1235029.50	9	10	11	12	87	27557
0.00	1.00	0.50	16	HEKATON	1631896.72	9	11	12	13	103	53381
0.00	1.00	0.50	20	HEKATON	1971815.50	9	11	12	14	102	81335
0.00	1.00	0.50	24	HEKATON	2260371.83	9	11	12	18	2078	148307
0.00	1.00	0.50	28	HEKATON	2507577.83	10	12	13	18	112	163981
0.00	1.00	0.50	32	HEKATON	2570261.08	11	13	14	32	7386	317072
0.00	1.00	0.50	36	HEKATON	2547205.88	12	15	16	4051	8989	889895
0.00	1.00	0.50	1	HSTORE	426746.85	2	3	4	5	6	0
0.00	1.00	0.50	4	HSTORE	273474.21	14	16	17	18	32	15
0.00	1.00	0.50	8	HSTORE	253259.71	30	33	34	40	90	15
0.00	1.00	0.50	12	HSTORE	248710.31	47	51	52	58	229	9
0.00	1.00	0.50	16	HSTORE	243823.24	63	68	69	75	674	14
0.00	1.00	0.50	20	HSTORE	244354.78	80	85	86	91	679	12
0.00	1.00	0.50	24	HSTORE	247679.88	94	101	103	109	709	8
0.00	1.00	0.50	28	HSTORE	248277.92	110	116	119	124	738	3
0.00	1.00	0.50	32	HSTORE	244206.05	127	136	139	146	788	8
0.00	1.00	0.50	36	HSTORE	241039.36	145	155	158	165	813	11
0.10	0.90	0.50	1	WAIT_DIE	184280.82	5	6	7	8	9	0
0.10	0.90	0.50	4	WAIT_DIE	508301.66	7	9	10	11	22	1009
0.10	0.90	0.50	8	WAIT_DIE	1116822.50	6	8	9	10	19	3737
0.10	0.90	0.50	12	WAIT_DIE	1701768.78	6	8	9	10	22	8515
0.10	0.90	0.50	16	WAIT_DIE	2213030.72	6	8	9	10	32	16307
0.10	0.90	0.50	20	WAIT_DIE	2641527.44	7	8	9	10	49	26393
0.10	0.90	0.50	24	WAIT_DIE	3256999.59	7	8	9	10	83	47982
0.10	0.90	0.50	28	WAIT_DIE	3323206.10	8	9	10	11	104	68307
0.10	0.90	0.50	32	WAIT_DIE	3597884.80	8	10	11	13	114	90373
0.10	0.90	0.50	36	WAIT_DIE	4109381.39	8	9	10	3246	8989	682422
0.10	0.90	0.50	1	NO_WAIT	180035.76	5	6	7	8	10	0
0.10	0.90	0.50	4	NO_WAIT	542738.88	7	8	9	10	21	1181
0.10	0.90	0.50	8	NO_WAIT	1100510.38	7	8	9	10	22	5471
0.10	0.90	0.50	12	NO_WAIT	1623902.70	7	8	9	10	38	13284
0.10	0.90	0.50	16	NO_WAIT	2122153.46	7	8	9	10	55	24035
0.10	0.90	0.50	20	NO_WAIT	2724399.54	7	8	9	10	66	38022
0.10	0.90	0.50	24	NO_WAIT	3152285.88	7	8	9	10	3016	90550
0.10	0.90	0.50	28	NO_WAIT	3345695.86	8	9	10	12	93	81845
0.10	0.90	0.50	32	NO_WAIT	3913969.38	7	9	10	11	94	109123
0.10	0.90	0.50	36	NO_WAIT	4155913.03	8	9	10	13	8989	258619
0.10	0.90	0.50	1	DL_DETECT	178716.59	5	6	7	8	9	0
0.10	0.90	0.50	4	DL_DETECT	507969.26	7	9	10	11	21	2
0.10	0.90	0.50	8	DL_DETECT	1067224.73	7	8	9	10	12	0
0.10	0.90	0.50	12	DL_DETECT	1739377.54	6	8	9	10	14	0
0.10	0.90	0.50	16	DL_DETECT	2277982.50	6	8	9	10	15	1
0.10	0.90	0.50	20	DL_DETECT	2499983.35	7	9	10	11	16	7
0.10	0.90	0.50	24	DL_DETECT	3036753.10	7	9	10	11	16	74
0.10	0.90	0.50	28	DL_DETECT	3667159.22	7	8	9	10	20	351
0.10	0.90	0.50	32	DL_DETECT	3783540.57	8	9	10	11	22	2524
0.10	0.90	0.50	36	DL_DETECT	1947381.89	8	10	11	34	8285	235774
0.10	0.90	0.50	1	MVCC	121964.89	7	8	9	10	482	0
0.10	0.90	0.50	4	MVCC	354343.27	10	12	13	14	427	329
0.10	0.90	0.50	8	MVCC	683016.89	11	12	13	14	37	1601
0.10	0.90	0.50	12	MVCC	1044333.70	10	12	13	14	27	3699
0.10	0.90	0.50	16	MVCC	1392933.41	10	12	13	14	28	6880
0.10	0.90	0.50	20	MVCC	1793762.47	10	12	13	14	28	10456
0.10	0.90	0.50	24	MVCC	1902155.44	11	14	15	16	41	16109
0.10	0.90	0.50	28	MVCC	2118425.54	12	14	15	18	45	21807
0.10	0.90	0.50	32	MVCC	2233643.17	12	15	16	18	54	28910
0.10	0.90	0.50	36	MVCC	2025377.90	12	14	15	18	83	36237
0.10	0.90	0.50	1	OCC	180219.19	5	6	7	8	9	0
0.10	0.90	0.50	4	OCC	504107.16	7	8	9	10	23	2000
0.10	0.90	0.50	8	OCC	1129336.31	6	8	9	10	45	9443
0.10	0.90	0.50	12	OCC	1757324.54	6	7	8	9	67	22620
0.10	0.90	0.50	16	OCC	2139641.09	7	8	9	10	80	41279
0.10	0.90	0.50	20	OCC	2801225.90	6	8	9	10	87	64386
0.10	0.90	0.50	24	OCC	3088263.85	7	8	9	10	92	93641
0.10	0.90	0.50	28	OCC	3296519.16	8	9	10	12	97	129789
0.10	0.90	0.50	32	OCC	3687250.84	8	9	10	11	100	169533
0.10	0.90	0.50	36	OCC	3798022.22	8	9	10	11	104	194666
0.10	0.90	0.50	1	HEKATON	136646.12	6	7	8	9	503	0
0.10	0.90	0.50	4	HEKATON	441286.31	8	10	11	12	79	2303
0.10	0.90	0.50	8	HEKATON	833492.59	9	10	11	12	77	10756
0.10	0.90	0.50	12	HEKATON	1230663.42	9	10	11	12	89	24684
0.10	0.90	0.50	16	HEKATON	1674108.19	9	10	11	12	118	54444
0.10	0.90	0.50	20	HEKATON	2018361.77	9	11	12	14	96	70344
0.10	0.90	0.50	24	HEKATON	2207306.42	10	12	13	16	112	109373
0.10	0.90	0.50	28	HEKATON	2362596.08	11	13	14	20	2720	183930
0.10	0.90	0.50	32	HEKATON	2749593.81	11	13	14	30	8985	314165
0.10	0.90	0.50	36	HEKATON	2778487.82	11	14	15	98	8989	518833
0.10	0.90	0.50	1	HSTORE	441668.57	2	3	4	5	6	0
0.10	0.90	0.50	4	HSTORE	275262.11	14	16	17	18	32	15
0.10	0.90	0.50	8	HSTORE	252090.85	30	33	34	40	88	15
0.10	0.90	0.50	12	HSTORE	247626.11	46	50	51	57	174	15
0.10	0.90	0.50	16	HSTORE	245462.84	63	67	69	75	672	11
0.10	0.90	0.50	20	HSTORE	246657.72	79	84	85	90	680	10
0.10	0.90	0.50	24	HSTORE	245762.28	95	101	104	111	726	11
0.10	0.90	0.50	28	HSTORE	246450.38	110	118	121	127	751	13
0.10	0.90	0.50	32	HSTORE	241574.48	129	137	140	146	781	7
0.10	0.90	0.50	36	HSTORE	238147.39	147	156	159	165	829	8
0.50	0.50	0.50	1	WAIT_DIE	197343.87	5	6	7	8	9	0
0.50	0.50	0.50	4	WAIT_DIE	549119.21	7	8	9	10	19	585
0.50	0.50	0.50	8	WAIT_DIE	1130374.69	6	8	9	10	17	2925
0.50	0.50	0.50	12	WAIT_DIE	1632427.47	7	8	9	10	18	6846
0.50	0.50	0.50	16	WAIT_DIE	2384698.55	6	7	8	9	20	12506
0.50	0.50	0.50	20	WAIT_DIE	2848123.99	6	8	9	10	30	19631
0.50	0.50	0.50	24	WAIT_DIE	3263685.09	7	8	9	10	49	30772
0.50	0.50	0.50	28	WAIT_DIE	3803419.73	7	8	9	10	65	44624
0.50	0.50	0.50	32	WAIT_DIE	4186325.28	7	8	9	10	96	71198
0.50	0.50	0.50	36	WAIT_DIE	4586025.21	7	8	9	11	6691	209250
0.50	0.50	0.50	1	NO_WAIT	196765.45	5	6	7	8	9	0
0.50	0.50	0.50	4	NO_WAIT	558044.50	7	8	9	10	20	910
0.50	0.50	0.50	8	NO_WAIT	1154182.46	6	8	9	10	20	4439
0.50	0.50	0.50	12	NO_WAIT	1755083.38	6	8	9	10	22	10155
0.50	0.50	0.50	16	NO_WAIT	2330037.63	6	8	9	10	39	18570
0.50	0.50	0.50	20	NO_WAIT	2774863.46	6	8	9	10	60	31216
0.50	0.50	0.50	24	NO_WAIT	3341910.34	7	8	9	10	75	47691
0.50	0.50	0.50	28	NO_WAIT	3683048.39	7	8	9	10	74	60452
0.50	0.50	0.50	32	NO_WAIT	4220118.15	7	8	9	10	87	83538
0.50	0.50	0.50	36	NO_WAIT	4582008.98	7	8	9	19	8989	294546
0.50	0.50	0.50	1	DL_DETECT	197828.27	4	5	6	7	8	0
0.50	0.50	0.50	4	DL_DETECT	539573.78	7	8	9	10	21	0
0.50	0.50	0.50	8	DL_DETECT	1084999.72	7	8	9	10	16	0
0.50	0.50	0.50	12	DL_DETECT	1777051.21	6	7	8	9	12	0
0.50	0.50	0.50	16	DL_DETECT	2410510.13	6	7	8	9	13	0
0.50	0.50	0.50	20	DL_DETECT	2767731.84	7	8	9	10	15	35
0.50	0.50	0.50	24	DL_DETECT	3073700.92	7	9	10	11	16	274
0.50	0.50	0.50	28	DL_DETECT	3679551.66	7	8	9	10	18	310
0.50	0.50	0.50	32	DL_DETECT	3863306.36	7	9	10	11	20	2972
0.50	0.50	0.50	36	DL_DETECT	1745469.60	7	9	10	1009	8340	301813
0.50	0.50	0.50	1	MVCC	143243.51	6	7	8	9	427	0
0.50	0.50	0.50	4	MVCC	410179.87	8	10	11	12	467	224
0.50	0.50	0.50	8	MVCC	816305.47	9	10	11	12	26	970
0.50	0.50	0.50	12	MVCC	1200265.95	9	11	12	13	23	2146
0.50	0.50	0.50	16	MVCC	1631899.28	9	11	12	13	23	3950
0.50	0.50	0.50	20	MVCC	2008692.64	9	11	12	13	25	6246
0.50	0.50	0.50	24	MVCC	2266831.69	10	12	13	14	27	9249
0.50	0.50	0.50	28	MVCC	2542738.62	10	12	13	14	29	12445
0.50	0.50	0.50	32	MVCC	2734748.04	10	12	13	15	32	16612
0.50	0.50	0.50	36	MVCC	2590500.35	10	12	13	14	37	20412
0.50	0.50	0.50	1	OCC	179333.03	5	6	7	8	9	0
0.50	0.50	0.50	4	OCC	490849.13	8	9	10	11	22	1178
0.50	0.50	0.50	8	OCC	1034423.29	7	8	9	10	22	5275
0.50	0.50	0.50	12	OCC	1602517.66	7	8	9	10	36	12515
0.50	0.50	0.50	16	OCC	2135137.22	7	8	9	10	55	22727
0.50	0.50	0.50	20	OCC	2692052.40	7	8	9	10	67	36243
0.50	0.50	0.50	24	OCC	2996839.95	7	9	10	11	75	52244
0.50	0.50	0.50	28	OCC	3363529.50	8	9	10	11	82	71685
0.50	0.50	0.50	32	OCC	3767610.85	8	9	10	11	84	95033
0.50	0.50	0.50	36	OCC	3971087.37	7	8	9	10	93	106874
0.50	0.50	0.50	1	HEKATON	163780.09	5	6	7	8	410	0
0.50	0.50	0.50	4	HEKATON	499523.40	7	9	10	11	50	1319
0.50	0.50	0.50	8	HEKATON	877787.10	8	10	11	12	54	5701
0.50	0.50	0.50	12	HEKATON	1415153.12	8	9	10	11	57	13190
0.50	0.50	0.50	16	HEKATON	1913864.54	8	9	10	11	70	24482
0.50	0.50	0.50	20	HEKATON	2209863.09	8	10	11	12	76	38889
0.50	0.50	0.50	24	HEKATON	2351985.24	9	12	13	15	91	57985
0.50	0.50	0.50	28	HEKATON	2898861.24	9	10	11	13	104	86741
0.50	0.50	0.50	32	HEKATON	3193363.32	9	11	12	16	8985	184811
0.50	0.50	0.50	36	HEKATON	3260903.90	9	11	12	24	8989	317336
0.50	0.50	0.50	1	HSTORE	456144.45	2	3	4	5	6	0
0.50	0.50	0.50	4	HSTORE	305657.64	12	15	16	17	30	15
0.50	0.50	0.50	8	HSTORE	258931.66	29	32	33	40	92	23
0.50	0.50	0.50	12	HSTORE	256947.42	45	49	50	56	126	19
0.50	0.50	0.50	16	HSTORE	248178.35	62	67	68	74	636	12
0.50	0.50	0.50	20	HSTORE	249282.54	78	84	86	91	685	5
0.50	0.50	0.50	24	HSTORE	248162.14	94	100	102	108	728	10
0.50	0.50	0.50	28	HSTORE	247728.85	110	118	121	127	755	15
0.50	0.50	0.50	32	HSTORE	243575.24	127	137	141	150	792	9
0.50	0.50	0.50	36	HSTORE	241147.93	144	155	159	168	837	20
0.90	0.10	0.50	1	WAIT_DIE	220469.12	4	5	6	7	8	0
0.90	0.10	0.50	4	WAIT_DIE	593633.27	6	7	8	9	19	131
0.90	0.10	0.50	8	WAIT_DIE	1242596.95	6	7	8	9	15	693
0.90	0.10	0.50	12	WAIT_DIE	1879097.97	6	7	8	9	16	1853
0.90	0.10	0.50	16	WAIT_DIE	2466334.55	6	7	8	9	16	3199
0.90	0.10	0.50	20	WAIT_DIE	3137534.04	6	7	8	9	15	5138
0.90	0.10	0.50	24	WAIT_DIE	3704830.79	6	7	8	9	16	7241
0.90	0.10	0.50	28	WAIT_DIE	3984572.76	6	8	9	10	18	11752
0.90	0.10	0.50	32	WAIT_DIE	4430003.12	7	8	9	10	89	38000
0.90	0.10	0.50	36	WAIT_DIE	4901631.35	7	8	9	10	65	39312
0.90	0.10	0.50	1	NO_WAIT	224860.40	4	5	6	7	8	0
0.90	0.10	0.50	4	NO_WAIT	584203.93	6	7	8	9	20	247
0.90	0.10	0.50	8	NO_WAIT	1235833.99	6	7	8	9	19	1045
0.90	0.10	0.50	12	NO_WAIT	1920672.16	6	7	8	9	15	2623
0.90	0.10	0.50	16	NO_WAIT	2441717.60	6	7	8	9	16	4596
0.90	0.10	0.50	20	NO_WAIT	2943665.66	6	7	8	9	15	7471
0.90	0.10	0.50	24	NO_WAIT	3517032.26	6	7	8	9	19	11020
0.90	0.10	0.50	28	NO_WAIT	4113057.34	6	7	8	9	15	15937
0.90	0.10	0.50	32	NO_WAIT	4666694.67	6	8	9	10	19	20192
0.90	0.10	0.50	36	NO_WAIT	5299952.53	6	7	8	9	27	33215
0.90	0.10	0.50	1	DL_DETECT	220943.87	4	5	6	7	8	0
0.90	0.10	0.50	4	DL_DETECT	627655.90	6	7	8	9	19	0
0.90	0.10	0.50	8	DL_DETECT	1268051.66	6	7	8	9	11	0
0.90	0.10	0.50	12	DL_DETECT	1926621.16	5	7	8	9	13	1
0.90	0.10	0.50	16	DL_DETECT	2519145.03	6	7	8	9	14	0
0.90	0.10	0.50	20	DL_DETECT	3177660.23	6	7	8	9	14	13
0.90	0.10	0.50	24	DL_DETECT	3498434.22	6	7	8	9	15	67
0.90	0.10	0.50	28	DL_DETECT	4014803.92	6	7	8	9	17	325
0.90	0.10	0.50	32	DL_DETECT	4408273.66	6	8	9	10	18	1125
0.90	0.10	0.50	36	DL_DETECT	2681058.72	6	8	9	14	7359	126196
0.90	0.10	0.50	1	MVCC	201631.00	4	5	6	7	8	0
0.90	0.10	0.50	4	MVCC	554110.13	6	8	9	10	23	49
0.90	0.10	0.50	8	MVCC	1066702.16	7	8	9	10	17	221
0.90	0.10	0.50	12	MVCC	1547994.86	7	8	9	10	16	481
0.90	0.10	0.50	16	MVCC	2051488.06	7	8	9	10	17	856
0.90	0.10	0.50	20	MVCC	2667577.05	7	8	9	10	18	1326
0.90	0.10	0.50	24	MVCC	3051201.29	7	8	9	10	20	2060
0.90	0.10	0.50	28	MVCC	3217479.15	8	9	10	11	19	2780
0.90	0.10	0.50	32	MVCC	3568606.40	7	9	10	11	20	3570
0.90	0.10	0.50	36	MVCC	3430388.93	7	9	10	11	20	4302
0.90	0.10	0.50	1	OCC	184930.73	5	6	7	8	9	0
0.90	0.10	0.50	4	OCC	502910.77	7	9	10	11	22	245
0.90	0.10	0.50	8	OCC	1054567.57	7	8	9	10	18	1053
0.90	0.10	0.50	12	OCC	1666678.58	6	8	9	10	17	2536
0.90	0.10	0.50	16	OCC	2265303.57	6	8	9	10	17	4634
0.90	0.10	0.50	20	OCC	3081449.36	6	7	8	9	14	7303
0.90	0.10	0.50	24	OCC	3007166.93	7	9	10	11	18	10600
0.90	0.10	0.50	28	OCC	3403601.01	8	9	10	11	19	14507
0.90	0.10	0.50	32	OCC	3589572.24	8	10	11	12	19	19230
0.90	0.10	0.50	36	OCC	3876745.41	8	9	10	11	27	22967
0.90	0.10	0.50	1	HEKATON	213727.33	4	5	6	7	8	0
0.90	0.10	0.50	4	HEKATON	526692.59	7	8	9	10	22	260
0.90	0.10	0.50	8	HEKATON	1036084.56	7	8	9	10	19	1157
0.90	0.10	0.50	12	HEKATON	1542349.04	7	9	10	11	19	2658
0.90	0.10	0.50	16	HEKATON	2027977.87	7	9	10	11	19	4688
0.90	0.10	0.50	20	HEKATON	2681780.18	7	8	9	10	19	7484
0.90	0.10	0.50	24	HEKATON	3158272.14	7	8	9	10	20	10837
0.90	0.10	0.50	28	HEKATON	3435176.88	7	9	10	11	22	14796
0.90	0.10	0.50	32	HEKATON	3669013.17	7	9	10	11	31	23555
0.90	0.10	0.50	36	HEKATON	3910005.67	7	9	10	11	83	41729
0.90	0.10	0.50	1	HSTORE	479536.47	2	3	4	5	6	0
0.90	0.10	0.50	4	HSTORE	281682.57	13	15	16	17	31	12
0.90	0.10	0.50	8	HSTORE	260503.52	29	32	33	39	82	18
0.90	0.10	0.50	12	HSTORE	252332.55	46	50	51	57	252	9
0.90	0.10	0.50	16	HSTORE	255661.61	60	65	67	73	646	6
0.90	0.10	0.50	20	HSTORE	250317.21	78	83	86	91	683	7
0.90	0.10	0.50	24	HSTORE	258895.82	90	97	99	104	701	7
0.90	0.10	0.50	28	HSTORE	256547.31	106	115	118	123	740	3
0.90	0.10	0.50	32	HSTORE	251192.13	124	133	135	143	781	14
0.90	0.10	0.50	36	HSTORE	247991.05	140	150	153	161	825	8
1.00	0.00	0.50	1	WAIT_DIE	221753.08	4	5	6	7	8	0
1.00	0.00	0.50	4	WAIT_DIE	621487.73	6	7	8	9	13	0
1.00	0.00	0.50	8	WAIT_DIE	1250536.57	6	7	8	9	18	0
1.00	0.00	0.50	12	WAIT_DIE	1904427.73	6	7	8	9	11	0
1.00	0.00	0.50	16	WAIT_DIE	2841653.18	5	6	7	8	12	0
1.00	0.00	0.50	20	WAIT_DIE	2869524.71	6	8	9	10	17	0
1.00	0.00	0.50	24	WAIT_DIE	3629072.73	6	7	8	9	16	0
1.00	0.00	0.50	28	WAIT_DIE	4393291.59	6	7	8	9	15	0
1.00	0.00	0.50	32	WAIT_DIE	4811260.04	6	7	8	9	19	0
1.00	0.00	0.50	36	WAIT_DIE	5031234.66	6	8	9	10	20	0
1.00	0.00	0.50	1	NO_WAIT	229960.17	4	5	6	7	8	0
1.00	0.00	0.50	4	NO_WAIT	605569.71	6	7	8	9	18	0
1.00	0.00	0.50	8	NO_WAIT	1252475.72	6	7	8	9	15	0
1.00	0.00	0.50	12	NO_WAIT	1847857.90	6	7	8	9	11	0
1.00	0.00	0.50	16	NO_WAIT	2603338.24	5	7	8	9	15	0
1.00	0.00	0.50	20	NO_WAIT	3156458.05	6	7	8	9	12	0
1.00	0.00	0.50	24	NO_WAIT	3661902.93	6	7	8	9	15	0
1.00	0.00	0.50	28	NO_WAIT	4181432.80	6	7	8	9	15	0
1.00	0.00	0.50	32	NO_WAIT	4976109.83	6	7	8	9	19	0
1.00	0.00	0.50	36	NO_WAIT	4809012.73	7	8	9	10	17	0
1.00	0.00	0.50	1	DL_DETECT	222342.12	4	5	6	7	8	0
1.00	0.00	0.50	4	DL_DETECT	611308.06	6	7	8	9	20	0
1.00	0.00	0.50	8	DL_DETECT	1232013.43	6	7	8	9	15	0
1.00	0.00	0.50	12	DL_DETECT	1868371.41	6	7	8	9	13	0
1.00	0.00	0.50	16	DL_DETECT	2526748.50	6	7	8	9	13	0
1.00	0.00	0.50	20	DL_DETECT	3034591.26	6	7	8	9	16	0
1.00	0.00	0.50	24	DL_DETECT	3737890.74	6	7	8	9	13	0
1.00	0.00	0.50	28	DL_DETECT	4194947.38	6	7	8	9	16	0
1.00	0.00	0.50	32	DL_DETECT	4924293.70	6	7	8	9	19	0
1.00	0.00	0.50	36	DL_DETECT	4943993.89	7	8	9	10	18	0
1.00	0.00	0.50	1	MVCC	239181.48	4	5	6	7	8	0
1.00	0.00	0.50	4	MVCC	669888.02	5	6	7	8	17	0
1.00	0.00	0.50	8	MVCC	1392930.70	5	6	7	8	11	0
1.00	0.00	0.50	12	MVCC	2005766.10	5	6	7	8	11	0
1.00	0.00	0.50	16	MVCC	2709869.24	5	6	7	8	13	0
1.00	0.00	0.50	20	MVCC	3332555.93	5	6	7	8	12	0
1.00	0.00	0.50	24	MVCC	3851733.52	6	7	8	9	12	0
1.00	0.00	0.50	28	MVCC	4483328.24	6	7	8	9	12	0
1.00	0.00	0.50	32	MVCC	4868372.81	6	7	8	9	16	0
1.00	0.00	0.50	36	MVCC	5489730.65	6	7	8	9	16	0
1.00	0.00	0.50	1	OCC	180782.78	5	6	7	8	9	0
1.00	0.00	0.50	4	OCC	531947.31	7	8	9	10	19	0
1.00	0.00	0.50	8	OCC	1057850.18	7	8	9	10	19	0
1.00	0.00	0.50	12	OCC	1691663.48	6	8	9	10	16	0
1.00	0.00	0.50	16	OCC	2419036.22	6	7	8	9	11	0
1.00	0.00	0.50	20	OCC	2649450.93	7	8	9	10	16	0
1.00	0.00	0.50	24	OCC	3208540.24	7	8	9	10	17	0
1.00	0.00	0.50	28	OCC	3889818.43	7	8	9	10	17	0
1.00	0.00	0.50	32	OCC	3863195.87	8	9	10	11	18	0
1.00	0.00	0.50	36	OCC	4350957.63	7	8	9	10	20	0
1.00	0.00	0.50	1	HEKATON	281844.76	3	4	5	6	7	0
1.00	0.00	0.50	4	HEKATON	657521.00	5	7	8	9	19	0
1.00	0.00	0.50	8	HEKATON	1343328.00	5	6	7	8	14	0
1.00	0.00	0.50	12	HEKATON	1922537.63	6	7	8	9	12	0
1.00	0.00	0.50	16	HEKATON	2788400.91	5	6	7	8	10	0
1.00	0.00	0.50	20	HEKATON	3483340.17	5	6	7	8	11	0
1.00	0.00	0.50	24	HEKATON	3757665.55	6	7	8	9	15	0
1.00	0.00	0.50	28	HEKATON	4697964.41	5	7	8	9	16	0
1.00	0.00	0.50	32	HEKATON	4769735.86	6	7	8	9	16	0
1.00	0.00	0.50	36	HEKATON	5173102.06	6	8	9	10	13	0
1.00	0.00	0.50	1	HSTORE	484352.11	2	3	4	5	6	0
1.00	0.00	0.50	4	HSTORE	289935.60	13	15	16	17	31	11
1.00	0.00	0.50	8	HSTORE	264486.71	29	32	33	40	73	21
1.00	0.00	0.50	12	HSTORE	258429.35	45	48	50	55	192	19
1.00	0.00	0.50	16	HSTORE	258193.48	60	65	67	72	635	13
1.00	0.00	0.50	20	HSTORE	257840.17	75	81	83	89	656	6
1.00	0.00	0.50	24	HSTORE	256811.54	91	97	99	105	711	4
1.00	0.00	0.50	28	HSTORE	260329.17	105	113	115	121	718	7
1.00	0.00	0.50	32	HSTORE	249890.47	124	132	135	142	784	11
1.00	0.00	0.50	36	HSTORE	252117.32	139	149	153	161	802	5
0.00	1.00	0.70	1	WAIT_DIE	207623.98	4	5	6	7	8	0
0.00	1.00	0.70	4	WAIT_DIE	608894.31	6	8	9	10	94	16935
0.00	1.00	0.70	8	WAIT_DIE	1329090.36	5	7	8	15	101	79544
0.00	1.00	0.70	12	WAIT_DIE	2069887.58	5	7	8	50	108	195291
0.00	1.00	0.70	16	WAIT_DIE	2285588.23	6	9	10	69	115	361958
0.00	1.00	0.70	20	WAIT_DIE	2860196.65	6	9	10	82	172	593212
0.00	1.00	0.70	24	WAIT_DIE	3366821.96	6	8	10	96	2655	942441
0.00	1.00	0.70	28	WAIT_DIE	3735289.76	7	9	15	106	1413	1428911
0.00	1.00	0.70	32	WAIT_DIE	3752137.98	8	10	44	382	6286	2169495
0.00	1.00	0.70	36	WAIT_DIE	3494682.79	7	517	2117	6980	8989	7284367
0.00	1.00	0.70	1	NO_WAIT	200229.87	4	5	6	7	8	0
0.00	1.00	0.70	4	NO_WAIT	547169.80	7	8	9	11	100	25630
0.00	1.00	0.70	8	NO_WAIT	1395792.08	5	7	8	48	112	124446
0.00	1.00	0.70	12	NO_WAIT	1983067.02	5	7	8	76	157	304509
0.00	1.00	0.70	16	NO_WAIT	2548521.06	5	8	9	92	196	582009
0.00	1.00	0.70	20	NO_WAIT	2750351.12	7	9	11	104	250	963463
0.00	1.00	0.70	24	NO_WAIT	3297536.83	7	9	38	141	2976	1554245
0.00	1.00	0.70	28	NO_WAIT	3508241.76	7	10	61	182	5158	2295027
0.00	1.00	0.70	32	NO_WAIT	3916778.07	7	12	89	482	6448	3423145
0.00	1.00	0.70	36	NO_WAIT	3775127.36	8	523	2727	8319	8989	8420003
0.00	1.00	0.70	1	DL_DETECT	204286.75	4	5	6	7	8	0
0.00	1.00	0.70	4	DL_DETECT	570050.65	6	8	9	10	18	24
0.00	1.00	0.70	8	DL_DETECT	1377976.00	5	7	8	9	12	69
0.00	1.00	0.70	12	DL_DETECT	1840237.63	6	8	9	10	14	183
0.00	1.00	0.70	16	DL_DETECT	2626655.04	5	7	8	10	14	371
0.00	1.00	0.70	20	DL_DETECT	2677206.21	7	9	10	12	20	673
0.00	1.00	0.70	24	DL_DETECT	3752265.50	6	7	8	12	23	1182
0.00	1.00	0.70	28	DL_DETECT	3747933.31	7	8	9	15	34	2180
0.00	1.00	0.70	32	DL_DETECT	3949164.73	7	9	10	19	57	4022
0.00	1.00	0.70	36	DL_DETECT	1084059.58	7	11	225	689	1622	174673
0.00	1.00	0.70	1	MVCC	133818.84	6	7	8	9	411	0
0.00	1.00	0.70	4	MVCC	352867.80	10	12	13	14	495	7748
0.00	1.00	0.70	8	MVCC	736033.51	10	12	13	15	119	35749
0.00	1.00	0.70	12	MVCC	1154558.79	9	11	12	17	114	81966
0.00	1.00	0.70	16	MVCC	1468542.44	10	12	13	26	117	151714
0.00	1.00	0.70	20	MVCC	1742581.43	10	13	14	42	120	236213
0.00	1.00	0.70	24	MVCC	1870123.05	11	14	16	58	126	344368
0.00	1.00	0.70	28	MVCC	2003388.15	12	15	17	69	132	466975
0.00	1.00	0.70	32	MVCC	1806973.86	12	15	17	77	370	587868
0.00	1.00	0.70	36	MVCC	1277666.39	13	18	21	89	2231	737728
0.00	1.00	0.70	1	OCC	196380.17	4	5	6	7	8	0
0.00	1.00	0.70	4	OCC	566889.51	6	8	9	28	106	44897
0.00	1.00	0.70	8	OCC	1147358.92	6	8	9	78	116	219981
0.00	1.00	0.70	12	OCC	1733503.33	6	8	9	93	155	525871
0.00	1.00	0.70	16	OCC	2191211.44	7	9	28	102	183	970314
0.00	1.00	0.70	20	OCC	2632545.84	7	9	50	109	212	1542568
0.00	1.00	0.70	24	OCC	3092102.19	7	10	66	124	258	2276470
0.00	1.00	0.70	28	OCC	3779697.67	6	23	81	163	322	3259457
0.00	1.00	0.70	32	OCC	3502177.65	8	36	88	173	372	4231975
0.00	1.00	0.70	36	OCC	3757237.90	7	41	96	266	1028	4889210
0.00	1.00	0.70	1	HEKATON	149469.98	6	7	8	9	414	0
0.00	1.00	0.70	4	HEKATON	467011.07	7	9	10	49	475	53314
0.00	1.00	0.70	8	HEKATON	866553.22	8	10	11	90	399	251974
0.00	1.00	0.70	12	HEKATON	1328033.50	8	10	17	105	467	616925
0.00	1.00	0.70	16	HEKATON	1771494.43	8	11	50	127	568	1169031
0.00	1.00	0.70	20	HEKATON	2043765.73	9	13	76	187	1295	1981155
0.00	1.00	0.70	24	HEKATON	2259719.29	10	38	97	293	4168	3128225
0.00	1.00	0.70	28	HEKATON	2547965.13	10	65	116	539	7039	4563787
0.00	1.00	0.70	32	HEKATON	2517166.11	11	92	180	1458	8985	6615412
0.00	1.00	0.70	36	HEKATON	1671417.18	12	823	4788	8989	8990	12685793
0.10	0.90	0.70	1	WAIT_DIE	208954.64	4	5	6	7	8	0
0.10	0.90	0.70	4	WAIT_DIE	667456.34	5	7	8	9	90	16094
0.10	0.90	0.70	8	WAIT_DIE	1342147.51	5	7	8	13	100	76935
0.10	0.90	0.70	12	WAIT_DIE	2095388.38	5	7	8	46	105	189127
0.10	0.90	0.70	16	WAIT_DIE	2595892.43	5	7	8	66	108	351015
0.10	0.90	0.70	20	WAIT_DIE	2797833.89	6	9	10	81	143	583810
0.10	0.90	0.70	24	WAIT_DIE	3282919.96	6	9	10	93	652	913528
0.10	0.90	0.70	28	WAIT_DIE	3661928.12	7	9	13	102	1822	1339973
0.10	0.90	0.70	32	WAIT_DIE	3815719.28	7	10	54	1275	7820	2312382
0.10	0.90	0.70	36	WAIT_DIE	3560367.39	7	477	2089	6867	8989	6991431
0.10	0.90	0.70	1	NO_WAIT	200679.40	4	5	6	7	8	0
0.10	0.90	0.70	4	NO_WAIT	625255.96	6	7	8	9	99	24585
0.10	0.90	0.70	8	NO_WAIT	1324497.61	5	7	8	48	113	123735
0.10	0.90	0.70	12	NO_WAIT	1850109.77	6	8	9	76	150	301899
0.10	0.90	0.70	16	NO_WAIT	2588217.33	6	7	8	90	180	575613
0.10	0.90	0.70	20	NO_WAIT	3056546.61	6	8	11	103	342	971259
0.10	0.90	0.70	24	NO_WAIT	3219255.48	7	9	34	125	531	1492815
0.10	0.90	0.70	28	NO_WAIT	3652516.80	7	10	56	163	723	2177136
0.10	0.90	0.70	32	NO_WAIT	3786299.09	8	13	90	612	8094	3421762
0.10	0.90	0.70	36	NO_WAIT	4173004.27	7	347	2364	7579	8989	7864932
0.10	0.90	0.70	1	DL_DETECT	209505.27	4	5	6	7	8	0
0.10	0.90	0.70	4	DL_DETECT	738805.83	5	6	7	8	10	14
0.10	0.90	0.70	8	DL_DETECT	1522837.78	5	6	7	8	10	92
0.10	0.90	0.70	12	DL_DETECT	1883153.42	5	8	9	10	14	196
0.10	0.90	0.70	16	DL_DETECT	2489262.97	6	7	8	10	15	394
0.10	0.90	0.70	20	DL_DETECT	2827906.25	6	8	9	12	19	641
0.10	0.90	0.70	24	DL_DETECT	3186451.70	6	9	10	14	26	1162
0.10	0.90	0.70	28	DL_DETECT	3812291.36	6	8	9	15	33	1996
0.10	0.90	0.70	32	DL_DETECT	3460505.16	8	11	12	20	58	3864
0.10	0.90	0.70	36	DL_DETECT	1080608.16	7	11	226	692	1632	172827
0.10	0.90	0.70	1	MVCC	138332.64	6	7	8	9	411	0
0.10	0.90	0.70	4	MVCC	408266.81	8	10	11	12	425	7020
0.10	0.90	0.70	8	MVCC	784493.61	9	11	12	14	113	32342
0.10	0.90	0.70	12	MVCC	1114707.47	10	12	13	17	114	75739
0.10	0.90	0.70	16	MVCC	1574786.62	9	11	12	21	113	133998
0.10	0.90	0.70	20	MVCC	1766262.52	10	13	14	37	119	218991
0.10	0.90	0.70	24	MVCC	2092446.30	10	12	13	48	120	309254
0.10	0.90	0.70	28	MVCC	2073052.14	11	14	16	61	128	426979
0.10	0.90	0.70	32	MVCC	2075707.09	11	14	15	70	211	539114
0.10	0.90	0.70	36	MVCC	1377227.51	12	15	18	81	1061	677722
0.10	0.90	0.70	1	OCC	202737.06	4	5	6	7	8	0
0.10	0.90	0.70	4	OCC	593158.10	6	8	9	20	104	40278
0.10	0.90	0.70	8	OCC	1153589.40	6	8	9	74	113	196996
0.10	0.90	0.70	12	OCC	2007403.63	5	7	9	90	153	467493
0.10	0.90	0.70	16	OCC	2390589.87	6	8	17	99	173	873218
0.10	0.90	0.70	20	OCC	2686509.63	7	9	42	107	200	1398862
0.10	0.90	0.70	24	OCC	3039086.56	7	10	59	115	242	2045189
0.10	0.90	0.70	28	OCC	3411563.23	7	13	72	139	284	2890470
0.10	0.90	0.70	32	OCC	3818046.83	7	27	83	166	344	3892162
0.10	0.90	0.70	36	OCC	3665619.80	7	29	88	232	1071	4329758
0.10	0.90	0.70	1	HEKATON	155381.37	5	6	7	8	409	0
0.10	0.90	0.70	4	HEKATON	486146.87	7	9	10	35	303	46317
0.10	0.90	0.70	8	HEKATON	943471.53	7	10	11	86	517	226730
0.10	0.90	0.70	12	HEKATON	1451475.98	7	9	11	99	371	538085
0.10	0.90	0.70	16	HEKATON	1777668.39	8	10	36	111	603	1013795
0.10	0.90	0.70	20	HEKATON	2038373.39	9	12	63	156	1282	1710731
0.10	0.90	0.70	24	HEKATON	2466696.78	9	18	81	196	1683	2540817
0.10	0.90	0.70	28	HEKATON	2624917.60	10	43	99	299	4196	3732651
0.10	0.90	0.70	32	HEKATON	2825628.49	10	70	126	971	8985	5435647
0.10	0.90	0.70	36	HEKATON	1989574.61	12	218	2263	8989	8990	9255417
0.50	0.50	0.70	1	WAIT_DIE	230566.40	4	5	6	7	8	0
0.50	0.50	0.70	4	WAIT_DIE	625639.79	6	7	8	9	81	12356
0.50	0.50	0.70	8	WAIT_DIE	1610401.03	4	5	6	8	96	58800
0.50	0.50	0.70	12	WAIT_DIE	2077058.38	5	7	8	25	102	140677
0.50	0.50	0.70	16	WAIT_DIE	2656802.90	5	7	8	50	106	261426
0.50	0.50	0.70	20	WAIT_DIE	2944789.45	6	8	9	71	333	443906
0.50	0.50	0.70	24	WAIT_DIE	3700931.90	6	8	9	81	1151	666488
0.50	0.50	0.70	28	WAIT_DIE	3877127.78	6	8	10	104	3293	1065161
0.50	0.50	0.70	32	WAIT_DIE	3998359.25	7	9	15	523	7291	1594335
0.50	0.50	0.70	36	WAIT_DIE	4245361.78	6	127	1405	5793	8989	5449533
0.50	0.50	0.70	1	NO_WAIT	222523.06	4	5	6	7	8	0
0.50	0.50	0.70	4	NO_WAIT	714435.22	5	6	7	8	92	18382
0.50	0.50	0.70	8	NO_WAIT	1546947.21	4	6	7	22	104	91494
0.50	0.50	0.70	12	NO_WAIT	2166825.52	5	7	8	58	119	220584
0.50	0.50	0.70	16	NO_WAIT	2720520.61	5	7	8	77	161	413145
0.50	0.50	0.70	20	NO_WAIT	3086931.25	6	8	9	91	201	690222
0.50	0.50	0.70	24	NO_WAIT	3806798.44	6	7	9	100	297	1050733
0.50	0.50	0.70	28	NO_WAIT	3782671.35	7	9	19	117	1970	1545298
0.50	0.50	0.70	32	NO_WAIT	4211587.73	7	9	57	494	7589	2403807
0.50	0.50	0.70	36	NO_WAIT	4664577.34	6	207	1867	7168	8989	6483765
0.50	0.50	0.70	1	DL_DETECT	226216.44	4	5	6	7	8	0
0.50	0.50	0.70	4	DL_DETECT	648928.16	5	7	8	9	19	27
0.50	0.50	0.70	8	DL_DETECT	1576146.54	4	6	7	8	10	50
0.50	0.50	0.70	12	DL_DETECT	2104452.14	5	7	8	9	12	85
0.50	0.50	0.70	16	DL_DETECT	2796390.47	5	7	8	9	13	241
0.50	0.50	0.70	20	DL_DETECT	2956056.59	6	8	9	11	18	422
0.50	0.50	0.70	24	DL_DETECT	3444749.81	6	8	9	11	20	618
0.50	0.50	0.70	28	DL_DETECT	3832591.18	6	9	10	13	27	1175
0.50	0.50	0.70	32	DL_DETECT	3952311.94	7	9	10	15	43	1990
0.50	0.50	0.70	36	DL_DETECT	1247140.20	6	9	176	597	1256	113547
0.50	0.50	0.70	1	MVCC	166046.69	5	6	7	8	406	0
0.50	0.50	0.70	4	MVCC	475394.16	7	9	10	11	422	4088
0.50	0.50	0.70	8	MVCC	874293.41	8	10	11	12	105	19122
0.50	0.50	0.70	12	MVCC	1343317.65	8	10	11	12	105	44583
0.50	0.50	0.70	16	MVCC	1923970.18	7	9	10	13	104	79059
0.50	0.50	0.70	20	MVCC	2140116.33	8	10	11	16	108	125883
0.50	0.50	0.70	24	MVCC	2378244.23	9	11	12	19	111	181020
0.50	0.50	0.70	28	MVCC	2587599.98	9	12	13	24	113	246634
0.50	0.50	0.70	32	MVCC	2868369.95	9	11	12	26	114	322466
0.50	0.50	0.70	36	MVCC	2326429.80	10	13	14	38	123	392460
0.50	0.50	0.70	1	OCC	199753.46	4	5	6	7	8	0
0.50	0.50	0.70	4	OCC	555527.39	6	8	9	10	99	22587
0.50	0.50	0.70	8	OCC	1133803.55	6	8	9	41	107	109243
0.50	0.50	0.70	12	OCC	1783237.58	6	8	9	68	111	261131
0.50	0.50	0.70	16	OCC	2293236.44	6	8	9	82	127	478051
0.50	0.50	0.70	20	OCC	2806661.05	6	8	10	91	159	752775
0.50	0.50	0.70	24	OCC	3422925.41	6	9	13	99	180	1145563
0.50	0.50	0.70	28	OCC	3583427.20	7	9	25	105	204	1590185
0.50	0.50	0.70	32	OCC	4260774.28	6	9	41	112	254	2172913
0.50	0.50	0.70	36	OCC	3840659.88	7	10	47	152	973	2440877
0.50	0.50	0.70	1	HEKATON	180945.13	5	6	7	8	414	0
0.50	0.50	0.70	4	HEKATON	543444.35	6	8	9	11	170	24308
0.50	0.50	0.70	8	HEKATON	1055479.02	7	9	10	48	157	116696
0.50	0.50	0.70	12	HEKATON	1583348.85	7	9	10	72	145	270947
0.50	0.50	0.70	16	HEKATON	2046652.10	7	9	10	86	238	499300
0.50	0.50	0.70	20	HEKATON	2613614.46	7	9	10	95	475	791253
0.50	0.50	0.70	24	HEKATON	2850327.36	8	10	16	101	508	1179025
0.50	0.50	0.70	28	HEKATON	3203670.24	8	10	35	118	5574	1762159
0.50	0.50	0.70	32	HEKATON	3422354.52	8	11	61	1137	8985	2549109
0.50	0.50	0.70	36	HEKATON	3324844.99	8	29	114	8148	8989	4204797
0.90	0.10	0.70	1	WAIT_DIE	251335.81	3	4	5	6	7	0
0.90	0.10	0.70	4	WAIT_DIE	680632.14	5	7	8	9	20	3034
0.90	0.10	0.70	8	WAIT_DIE	1502580.22	5	6	7	8	57	14699
0.90	0.10	0.70	12	WAIT_DIE	2594184.32	4	5	6	7	76	34253
0.90	0.10	0.70	16	WAIT_DIE	2725984.31	5	7	8	9	86	63064
0.90	0.10	0.70	20	WAIT_DIE	3240742.28	6	7	8	9	93	101044
0.90	0.10	0.70	24	WAIT_DIE	3600569.06	6	8	9	10	103	155991
0.90	0.10	0.70	28	WAIT_DIE	4973728.71	5	6	7	18	2314	281575
0.90	0.10	0.70	32	WAIT_DIE	4805941.02	6	7	8	433	6572	649572
0.90	0.10	0.70	36	WAIT_DIE	4729018.35	6	81	2275	7891	8989	4165761
0.90	0.10	0.70	1	NO_WAIT	252778.61	3	4	5	6	7	0
0.90	0.10	0.70	4	NO_WAIT	763344.52	5	6	7	8	33	4655
0.90	0.10	0.70	8	NO_WAIT	1423043.00	5	7	8	9	81	22633
0.90	0.10	0.70	12	NO_WAIT	2069681.82	5	7	8	9	98	55223
0.90	0.10	0.70	16	NO_WAIT	2771790.94	5	7	8	9	100	100387
0.90	0.10	0.70	20	NO_WAIT	3422955.82	5	7	8	9	105	162781
0.90	0.10	0.70	24	NO_WAIT	3736415.94	6	7	8	21	292	260630
0.90	0.10	0.70	28	NO_WAIT	4162025.16	6	8	9	47	2026	385841
0.90	0.10	0.70	32	NO_WAIT	4573893.81	6	8	9	100	5532	671878
0.90	0.10	0.70	36	NO_WAIT	5246497.43	5	46	2173	7704	8989	3994525
0.90	0.10	0.70	1	DL_DETECT	258864.34	3	4	5	6	7	0
0.90	0.10	0.70	4	DL_DETECT	853744.69	4	5	6	7	9	0
0.90	0.10	0.70	8	DL_DETECT	1655693.12	4	5	6	7	9	1
0.90	0.10	0.70	12	DL_DETECT	2151407.64	5	7	8	9	10	8
0.90	0.10	0.70	16	DL_DETECT	2830493.66	5	7	8	9	12	9
0.90	0.10	0.70	20	DL_DETECT	3253536.24	5	7	8	9	13	19
0.90	0.10	0.70	24	DL_DETECT	4110632.14	5	6	7	8	14	66
0.90	0.10	0.70	28	DL_DETECT	4434375.46	6	7	8	9	16	71
0.90	0.10	0.70	32	DL_DETECT	4942438.55	6	7	8	10	20	304
0.90	0.10	0.70	36	DL_DETECT	1782231.02	6	8	10	474	984	17224
0.90	0.10	0.70	1	MVCC	234572.09	4	5	6	7	8	0
0.90	0.10	0.70	4	MVCC	595757.75	6	8	9	10	22	901
0.90	0.10	0.70	8	MVCC	1185039.36	6	8	9	10	29	4122
0.90	0.10	0.70	12	MVCC	1809434.08	6	7	8	9	36	9502
0.90	0.10	0.70	16	MVCC	2493485.80	6	7	8	9	50	17252
0.90	0.10	0.70	20	MVCC	2883995.65	6	8	9	10	60	26819
0.90	0.10	0.70	24	MVCC	3370397.00	6	8	9	10	69	38552
0.90	0.10	0.70	28	MVCC	3826000.16	6	8	9	10	74	52001
0.90	0.10	0.70	32	MVCC	3801589.03	7	9	10	11	81	64938
0.90	0.10	0.70	36	MVCC	3807218.29	7	9	10	11	86	80285
0.90	0.10	0.70	1	OCC	207110.57	4	5	6	7	8	0
0.90	0.10	0.70	4	OCC	573996.20	6	8	9	10	44	4640
0.90	0.10	0.70	8	OCC	1134132.85	6	8	9	10	82	21933
0.90	0.10	0.70	12	OCC	1683420.20	6	8	9	10	92	52137
0.90	0.10	0.70	16	OCC	2242759.93	6	8	9	11	99	94432
0.90	0.10	0.70	20	OCC	2767327.13	7	8	9	14	103	151216
0.90	0.10	0.70	24	OCC	3145099.37	7	9	10	18	106	223297
0.90	0.10	0.70	28	OCC	3833279.58	7	8	9	27	108	311809
0.90	0.10	0.70	32	OCC	3968559.62	7	9	10	40	113	409307
0.90	0.10	0.70	36	OCC	4341334.05	6	8	10	70	809	516889
0.90	0.10	0.70	1	HEKATON	252309.90	3	4	5	6	7	0
0.90	0.10	0.70	4	HEKATON	635769.45	5	7	8	9	71	4730
0.90	0.10	0.70	8	HEKATON	1241084.41	6	7	8	9	89	21866
0.90	0.10	0.70	12	HEKATON	1869844.30	6	8	9	10	95	51138
0.90	0.10	0.70	16	HEKATON	2384885.61	6	8	9	10	100	93183
0.90	0.10	0.70	20	HEKATON	2996600.80	6	8	9	12	103	148849
0.90	0.10	0.70	24	HEKATON	3665606.00	6	7	8	14	104	210439
0.90	0.10	0.70	28	HEKATON	4298310.93	6	7	8	22	106	297798
0.90	0.10	0.70	32	HEKATON	4223685.46	6	8	9	55	5747	462811
0.90	0.10	0.70	36	HEKATON	4265177.56	6	8	9	103	8989	732904
1.00	0.00	0.70	1	WAIT_DIE	269264.41	3	4	5	6	7	0
1.00	0.00	0.70	4	WAIT_DIE	770691.09	5	6	7	8	14	0
1.00	0.00	0.70	8	WAIT_DIE	1513662.25	5	6	7	8	9	0
1.00	0.00	0.70	12	WAIT_DIE	2141953.46	5	6	7	8	10	0
1.00	0.00	0.70	16	WAIT_DIE	3002594.83	5	6	7	8	10	0
1.00	0.00	0.70	20	WAIT_DIE	3547045.48	5	6	7	8	11	0
1.00	0.00	0.70	24	WAIT_DIE	4227165.80	5	6	7	8	13	0
1.00	0.00	0.70	28	WAIT_DIE	4436638.40	6	7	8	9	15	0
1.00	0.00	0.70	32	WAIT_DIE	4592320.54	6	8	9	10	17	0
1.00	0.00	0.70	36	WAIT_DIE	4646646.66	6	8	9	10	18	0
1.00	0.00	0.70	1	NO_WAIT	271770.17	3	4	5	6	7	0
1.00	0.00	0.70	4	NO_WAIT	725315.74	5	6	7	8	17	0
1.00	0.00	0.70	8	NO_WAIT	1555067.42	4	6	7	8	9	0
1.00	0.00	0.70	12	NO_WAIT	2665552.41	4	5	6	7	8	0
1.00	0.00	0.70	16	NO_WAIT	2830409.12	5	7	8	9	10	0
1.00	0.00	0.70	20	NO_WAIT	3351918.62	5	7	8	9	11	0
1.00	0.00	0.70	24	NO_WAIT	3854316.80	6	7	8	9	12	0
1.00	0.00	0.70	28	NO_WAIT	4520174.06	5	7	8	9	14	0
1.00	0.00	0.70	32	NO_WAIT	4650382.65	6	8	9	10	17	0
1.00	0.00	0.70	36	NO_WAIT	5508589.34	5	6	7	8	18	0
1.00	0.00	0.70	1	DL_DETECT	264834.71	3	4	5	6	7	0
1.00	0.00	0.70	4	DL_DETECT	824689.86	4	5	6	7	10	0
1.00	0.00	0.70	8	DL_DETECT	1472682.09	5	6	7	8	9	0
1.00	0.00	0.70	12	DL_DETECT	2236777.18	5	6	7	8	9	0
1.00	0.00	0.70	16	DL_DETECT	2891581.42	5	6	7	8	10	0
1.00	0.00	0.70	20	DL_DETECT	3681667.53	5	6	7	8	11	0
1.00	0.00	0.70	24	DL_DETECT	4093499.27	5	7	8	9	13	0
1.00	0.00	0.70	28	DL_DETECT	4382857.68	6	7	8	9	14	0
1.00	0.00	0.70	32	DL_DETECT	4720571.99	6	8	9	10	15	0
1.00	0.00	0.70	36	DL_DETECT	4749579.97	6	7	8	9	16	0
1.00	0.00	0.70	1	MVCC	289900.05	3	4	5	6	7	0
1.00	0.00	0.70	4	MVCC	749470.73	5	6	7	8	18	0
1.00	0.00	0.70	8	MVCC	1490645.37	5	6	7	8	16	0
1.00	0.00	0.70	12	MVCC	2347788.89	4	6	7	8	9	0
1.00	0.00	0.70	16	MVCC	3163245.97	4	6	7	8	9	0
1.00	0.00	0.70	20	MVCC	3841593.07	5	6	7	8	12	0
1.00	0.00	0.70	24	MVCC	4331928.20	5	6	7	8	13	0
1.00	0.00	0.70	28	MVCC	4987376.74	5	6	7	8	11	0
1.00	0.00	0.70	32	MVCC	5480353.27	5	6	7	8	13	0
1.00	0.00	0.70	36	MVCC	6085714.45	5	6	7	8	17	0
1.00	0.00	0.70	1	OCC	206183.68	4	5	6	7	8	0
1.00	0.00	0.70	4	OCC	593771.73	6	8	9	10	19	0
1.00	0.00	0.70	8	OCC	1280690.37	6	7	8	9	12	0
1.00	0.00	0.70	12	OCC	1977126.43	5	7	8	9	12	0
1.00	0.00	0.70	16	OCC	2297349.53	6	8	9	10	14	0
1.00	0.00	0.70	20	OCC	2920733.32	6	8	9	10	15	0
1.00	0.00	0.70	24	OCC	3404019.73	6	8	9	10	17	0
1.00	0.00	0.70	28	OCC	3966182.47	6	8	9	11	19	0
1.00	0.00	0.70	32	OCC	4332899.79	6	9	10	12	21	0
1.00	0.00	0.70	36	OCC	4362544.32	6	8	9	12	431	0
1.00	0.00	0.70	1	HEKATON	328276.38	3	4	5	6	7	0
1.00	0.00	0.70	4	HEKATON	786835.68	4	6	7	8	17	0
1.00	0.00	0.70	8	HEKATON	1506567.88	5	6	7	8	9	0
1.00	0.00	0.70	12	HEKATON	2340282.98	4	6	7	8	13	0
1.00	0.00	0.70	16	HEKATON	3128439.39	4	6	7	8	11	0
1.00	0.00	0.70	20	HEKATON	4095493.52	4	6	7	8	12	0
1.00	0.00	0.70	24	HEKATON	4677516.14	4	6	7	8	16	0
1.00	0.00	0.70	28	HEKATON	5268229.07	5	6	7	8	14	0
1.00	0.00	0.70	32	HEKATON	5162998.36	5	7	8	9	17	0
1.00	0.00	0.70	36	HEKATON	5588805.91	6	8	9	10	13	0
0.00	1.00	0.90	1	WAIT_DIE	277658.47	3	4	5	6	7	0
0.00	1.00	0.90	4	WAIT_DIE	842162.08	4	22	69	105	209	497934
0.00	1.00	0.90	8	WAIT_DIE	1050717.17	4	71	99	199	6520	1745655
0.00	1.00	0.90	12	WAIT_DIE	1136803.79	4	82	109	311	8965	2757262
0.00	1.00	0.90	16	WAIT_DIE	1144151.72	5	91	135	1623	8969	3961246
0.00	1.00	0.90	20	WAIT_DIE	1218506.06	4	93	144	2940	8973	4863226
0.00	1.00	0.90	24	WAIT_DIE	1225996.61	4	98	166	4059	8977	6168742
0.00	1.00	0.90	28	WAIT_DIE	1364907.04	4	93	154	4605	8981	6105107
0.00	1.00	0.90	32	WAIT_DIE	1200360.95	5	114	225	5778	8985	9054770
0.00	1.00	0.90	36	WAIT_DIE	1260858.08	5	114	237	6245	8989	10038588
0.00	1.00	0.90	1	NO_WAIT	268671.43	3	4	5	6	7	0
0.00	1.00	0.90	4	NO_WAIT	787379.62	4	55	93	186	3133	731693
0.00	1.00	0.90	8	NO_WAIT	904674.39	4	84	131	1058	8961	1826607
0.00	1.00	0.90	12	NO_WAIT	954964.13	4	97	169	4253	8965	2978072
0.00	1.00	0.90	16	NO_WAIT	963027.32	4	109	224	6377	8969	4341110
0.00	1.00	0.90	20	NO_WAIT	1006478.81	4	125	284	7750	8973	5735757
0.00	1.00	0.90	24	NO_WAIT	1044432.87	4	136	433	8812	8977	6816254
0.00	1.00	0.90	28	NO_WAIT	1003902.32	5	176	1467	8981	8982	9367432
0.00	1.00	0.90	32	NO_WAIT	1047587.37	5	190	2123	8985	8986	10537843
0.00	1.00	0.90	36	NO_WAIT	1095671.25	4	196	2565	8989	8990	11842735
0.00	1.00	0.90	1	DL_DETECT	278988.35	3	4	5	6	7	0
0.00	1.00	0.90	4	DL_DETECT	782495.03	4	6	8	11	87	10474
0.00	1.00	0.90	8	DL_DETECT	1097619.87	5	13	19	70	162	120667
0.00	1.00	0.90	12	DL_DETECT	700324.19	7	50	107	260	603	837335
0.00	1.00	0.90	16	DL_DETECT	386662.18	20	237	407	962	2215	2999071
0.00	1.00	0.90	20	DL_DETECT	254684.23	62	632	1085	2720	6954	6732453
0.00	1.00	0.90	24	DL_DETECT	173481.76	127	1528	2664	7258	8977	12295909
0.00	1.00	0.90	28	DL_DETECT	125650.92	235	3293	5879	8803	8804	19853125
0.00	1.00	0.90	32	DL_DETECT	96555.11	430	6406	8572	8573	8574	29500299
0.00	1.00	0.90	36	DL_DETECT	59506.46	1009	8272	8273	8274	8275	42205788
0.00	1.00	0.90	1	MVCC	173526.63	5	6	7	8	488	0
0.00	1.00	0.90	4	MVCC	419305.28	8	11	20	101	566	198067
0.00	1.00	0.90	8	MVCC	698408.17	8	25	79	142	646	857353
0.00	1.00	0.90	12	MVCC	756378.87	9	91	159	554	1457	2092335
0.00	1.00	0.90	16	MVCC	632496.15	14	389	917	3316	8969	4929033
0.00	1.00	0.90	20	MVCC	506905.36	30	1579	3657	8973	8974	9635869
0.00	1.00	0.90	24	MVCC	417571.30	47	3921	8977	8978	8979	15245717
0.00	1.00	0.90	28	MVCC	354760.37	65	8141	8981	8982	8983	22111822
0.00	1.00	0.90	32	MVCC	308727.06	90	8985	8986	8987	8988	30154295
0.00	1.00	0.90	36	MVCC	259929.86	246	8989	8990	8991	8992	39101850
0.00	1.00	0.90	1	OCC	261516.65	3	4	5	6	7	0
0.00	1.00	0.90	4	OCC	650591.46	5	79	104	190	461	1050626
0.00	1.00	0.90	8	OCC	834585.85	5	108	169	459	8961	3300284
0.00	1.00	0.90	12	OCC	911662.18	5	129	207	2861	8965	5821972
0.00	1.00	0.90	16	OCC	945817.35	5	173	302	5139	8969	8335922
0.00	1.00	0.90	20	OCC	983476.90	6	206	415	6571	8973	13213543
0.00	1.00	0.90	24	OCC	943939.80	34	702	1396	6645	8977	24627600
0.00	1.00	0.90	28	OCC	750332.61	208	1282	1815	3324	6653	58166749
0.00	1.00	0.90	32	OCC	702633.35	262	1518	2127	3795	6992	72088368
0.00	1.00	0.90	36	OCC	650646.96	325	1811	2515	4415	7932	83134402
0.00	1.00	0.90	1	HEKATON	199999.41	4	5	6	7	418	0
0.00	1.00	0.90	4	HEKATON	426510.70	6	87	123	360	8771	1139497
0.00	1.00	0.90	8	HEKATON	496044.84	7	120	211	4557	8961	3614011
0.00	1.00	0.90	12	HEKATON	558529.86	6	142	298	7629	8965	5719083
0.00	1.00	0.90	16	HEKATON	569859.67	7	186	884	8969	8970	8769075
0.00	1.00	0.90	20	HEKATON	587082.16	7	228	2294	8973	8974	11751354
0.00	1.00	0.90	24	HEKATON	603269.88	7	290	3457	8977	8978	14559544
0.00	1.00	0.90	28	HEKATON	625689.22	7	387	4342	8981	8982	17864068
0.00	1.00	0.90	32	HEKATON	617249.56	7	934	5493	8985	8986	21325871
0.00	1.00	0.90	36	HEKATON	634574.50	7	1541	6247	8989	8990	24912879
0.10	0.90	0.90	1	WAIT_DIE	273287.55	3	4	5	6	7	0
0.10	0.90	0.90	4	WAIT_DIE	797396.28	4	22	69	105	200	489210
0.10	0.90	0.90	8	WAIT_DIE	1097168.96	4	68	97	193	6259	1704488
0.10	0.90	0.90	12	WAIT_DIE	1156937.81	4	82	108	305	8965	2769848
0.10	0.90	0.90	16	WAIT_DIE	1271049.66	4	83	113	1292	8969	3418133
0.10	0.90	0.90	20	WAIT_DIE	1238049.13	4	93	142	2823	8973	5218129
0.10	0.90	0.90	24	WAIT_DIE	1211037.31	5	101	172	3962	8977	6684553
0.10	0.90	0.90	28	WAIT_DIE	1417861.08	4	91	147	4458	8981	6226698
0.10	0.90	0.90	32	WAIT_DIE	1238437.97	5	110	212	5616	8985	9690591
0.10	0.90	0.90	36	WAIT_DIE	1352533.01	4	104	202	5948	8989	9178813
0.10	0.90	0.90	1	NO_WAIT	275858.23	3	4	5	6	7	0
0.10	0.90	0.90	4	NO_WAIT	758933.86	4	58	94	190	2183	765561
0.10	0.90	0.90	8	NO_WAIT	891223.08	4	86	135	1011	8961	1884208
0.10	0.90	0.90	12	NO_WAIT	962657.64	4	97	169	4196	8965	3125955
0.10	0.90	0.90	16	NO_WAIT	1052437.30	4	98	186	5796	8969	3863453
0.10	0.90	0.90	20	NO_WAIT	1059383.98	4	111	249	7367	8973	5262352
0.10	0.90	0.90	24	NO_WAIT	1029044.05	4	146	500	8977	8978	7259530
0.10	0.90	0.90	28	NO_WAIT	1062550.34	4	159	1159	8981	8982	8813873
0.10	0.90	0.90	32	NO_WAIT	1081039.31	4	177	1905	8985	8986	10415637
0.10	0.90	0.90	36	NO_WAIT	1155516.13	4	174	2237	8989	8990	10961780
0.10	0.90	0.90	1	DL_DETECT	282793.39	3	4	5	6	7	0
0.10	0.90	0.90	4	DL_DETECT	814862.64	4	6	7	11	84	10330
0.10	0.90	0.90	8	DL_DETECT	1125921.05	5	13	19	68	151	120166
0.10	0.90	0.90	12	DL_DETECT	706815.37	6	50	109	263	606	841644
0.10	0.90	0.90	16	DL_DETECT	386499.24	20	234	402	952	2211	2940954
0.10	0.90	0.90	20	DL_DETECT	252512.94	62	621	1067	2666	6770	6570096
0.10	0.90	0.90	24	DL_DETECT	172357.84	128	1504	2620	7107	8977	12059999
0.10	0.90	0.90	28	DL_DETECT	125263.07	234	3257	5822	8826	8827	19583788
0.10	0.90	0.90	32	DL_DETECT	96801.26	424	6343	8486	8487	8488	29158850
0.10	0.90	0.90	36	DL_DETECT	59607.43	1001	8262	8263	8264	8265	41874962
0.10	0.90	0.90	1	MVCC	178518.01	4	6	7	8	497	0
0.10	0.90	0.90	4	MVCC	447481.88	7	10	16	98	533	179355
0.10	0.90	0.90	8	MVCC	774096.01	8	20	71	127	621	773012
0.10	0.90	0.90	12	MVCC	893639.00	9	65	116	367	955	1802384
0.10	0.90	0.90	16	MVCC	756676.54	11	226	573	2011	6646	4122218
0.10	0.90	0.90	20	MVCC	615293.73	22	1106	2599	8973	8974	8338508
0.10	0.90	0.90	24	MVCC	487911.27	40	3182	7887	8977	8978	13733276
0.10	0.90	0.90	28	MVCC	412409.43	56	6864	8981	8982	8983	20071923
0.10	0.90	0.90	32	MVCC	356457.94	75	8985	8986	8987	8988	27636265
0.10	0.90	0.90	36	MVCC	292277.77	161	8989	8990	8991	8992	36080040
0.10	0.90	0.90	1	OCC	259281.09	3	4	5	6	7	0
0.10	0.90	0.90	4	OCC	657528.07	5	75	101	182	389	976096
0.10	0.90	0.90	8	OCC	874761.21	5	106	162	359	7859	3340174
0.10	0.90	0.90	12	OCC	972745.70	5	140	223	2398	8965	5523249
0.10	0.90	0.90	16	OCC	1018633.24	5	177	302	4652	8969	8627261
0.10	0.90	0.90	20	OCC	1043866.46	7	249	481	5987	8973	14216307
0.10	0.90	0.90	24	OCC	855488.20	129	988	1456	3058	8977	39476994
0.10	0.90	0.90	28	OCC	769012.31	191	1217	1724	3138	6098	53485621
0.10	0.90	0.90	32	OCC	719165.32	242	1446	2027	3606	6563	67123868
0.10	0.90	0.90	36	OCC	682558.45	293	1696	2363	4156	7420	78027920
0.10	0.90	0.90	1	HEKATON	207321.25	4	5	6	7	28	0
0.10	0.90	0.90	4	HEKATON	451618.92	6	84	114	297	6865	1105658
0.10	0.90	0.90	8	HEKATON	563575.45	7	110	192	3351	8961	3465694
0.10	0.90	0.90	12	HEKATON	616049.39	7	140	274	6678	8965	5659453
0.10	0.90	0.90	16	HEKATON	652951.35	7	164	456	8799	8969	8287881
0.10	0.90	0.90	20	HEKATON	670487.99	7	195	1404	8973	8974	11177952
0.10	0.90	0.90	24	HEKATON	677946.95	7	253	2703	8977	8978	14457476
0.10	0.90	0.90	28	HEKATON	695396.26	7	310	3614	8981	8982	17559312
0.10	0.90	0.90	32	HEKATON	703942.72	7	480	4594	8985	8986	21355326
0.10	0.90	0.90	36	HEKATON	711958.01	7	1166	5923	8989	8990	24647119
0.50	0.50	0.90	1	WAIT_DIE	311537.44	3	4	5	6	7	0
0.50	0.50	0.90	4	WAIT_DIE	973399.84	3	5	50	99	177	357079
0.50	0.50	0.90	8	WAIT_DIE	1249588.21	4	65	96	178	2446	1762641
0.50	0.50	0.90	12	WAIT_DIE	1488492.91	4	75	102	236	7740	2895021
0.50	0.50	0.90	16	WAIT_DIE	1554777.37	4	84	113	326	8969	4225973
0.50	0.50	0.90	20	WAIT_DIE	1548027.06	4	91	137	1171	8973	5444511
0.50	0.50	0.90	24	WAIT_DIE	1587594.02	4	95	151	2344	8977	6954882
0.50	0.50	0.90	28	WAIT_DIE	1588881.13	4	100	169	3426	8981	8470185
0.50	0.50	0.90	32	WAIT_DIE	1636128.03	4	101	177	4134	8985	9821683
0.50	0.50	0.90	36	WAIT_DIE	1762320.11	4	97	169	4629	8989	9685184
0.50	0.50	0.90	1	NO_WAIT	296844.10	3	4	5	6	7	0
0.50	0.50	0.90	4	NO_WAIT	983184.23	3	35	81	157	411	576002
0.50	0.50	0.90	8	NO_WAIT	1220312.75	3	74	107	314	8961	1693746
0.50	0.50	0.90	12	NO_WAIT	1230971.52	4	92	155	2396	8965	3184868
0.50	0.50	0.90	16	NO_WAIT	1275785.09	4	101	189	4583	8969	4541896
0.50	0.50	0.90	20	NO_WAIT	1278466.86	4	119	245	6358	8973	6563179
0.50	0.50	0.90	24	NO_WAIT	1327824.85	4	130	293	7522	8977	7776972
0.50	0.50	0.90	28	NO_WAIT	1373984.66	4	141	388	8442	8981	8968303
0.50	0.50	0.90	32	NO_WAIT	1361408.09	4	166	831	8985	8986	11127119
0.50	0.50	0.90	36	NO_WAIT	1379323.62	4	183	1520	8989	8990	13060195
0.50	0.50	0.90	1	DL_DETECT	310543.03	3	4	5	6	7	0
0.50	0.50	0.90	4	DL_DETECT	798671.85	4	6	7	10	57	5922
0.50	0.50	0.90	8	DL_DETECT	1259798.13	5	10	14	27	116	54651
0.50	0.50	0.90	12	DL_DETECT	1025533.09	5	30	44	143	338	366406
0.50	0.50	0.90	16	DL_DETECT	590254.06	7	98	197	476	1091	1531939
0.50	0.50	0.90	20	DL_DETECT	378482.36	28	296	522	1304	3275	3791903
0.50	0.50	0.90	24	DL_DETECT	250581.43	75	753	1352	3650	8977	7538165
0.50	0.50	0.90	28	DL_DETECT	175871.14	143	1753	3221	8951	8952	12814514
0.50	0.50	0.90	32	DL_DETECT	131869.93	244	3741	7043	8636	8637	19935102
0.50	0.50	0.90	36	DL_DETECT	80370.88	535	8347	8348	8349	8350	29585762
0.50	0.50	0.90	1	MVCC	223521.38	4	5	6	7	17	0
0.50	0.50	0.90	4	MVCC	551461.16	6	8	9	80	485	103164
0.50	0.50	0.90	8	MVCC	1127585.44	6	9	24	100	451	447359
0.50	0.50	0.90	12	MVCC	1377087.26	7	15	58	115	529	982467
0.50	0.50	0.90	16	MVCC	1537104.95	7	27	84	197	658	1695455
0.50	0.50	0.90	20	MVCC	1556954.23	8	64	128	513	1454	2801926
0.50	0.50	0.90	24	MVCC	1340506.55	9	158	499	2008	7371	5010317
0.50	0.50	0.90	28	MVCC	914378.82	14	1234	3092	8981	8982	9716951
0.50	0.50	0.90	32	MVCC	764274.86	27	3319	8790	8985	8986	14848975
0.50	0.50	0.90	36	MVCC	495869.83	51	8801	8989	8990	8991	21381807
0.50	0.50	0.90	1	OCC	256649.38	3	4	5	6	7	0
0.50	0.50	0.90	4	OCC	710222.54	4	38	80	124	238	580352
0.50	0.50	0.90	8	OCC	1162315.74	4	98	140	269	646	2700161
0.50	0.50	0.90	12	OCC	1243125.66	6	150	225	447	2919	6281817
0.50	0.50	0.90	16	OCC	1267756.15	9	246	372	758	5179	11387949
0.50	0.50	0.90	20	OCC	1114468.70	25	432	639	1211	2634	18899896
0.50	0.50	0.90	24	OCC	1000976.99	66	641	929	1694	3093	26636221
0.50	0.50	0.90	28	OCC	908448.51	98	770	1099	1964	3518	36027727
0.50	0.50	0.90	32	OCC	849929.07	127	972	1377	2444	4341	45058937
0.50	0.50	0.90	36	OCC	798013.73	151	1146	1617	2859	5065	52479236
0.50	0.50	0.90	1	HEKATON	244118.82	3	4	5	6	8	0
0.50	0.50	0.90	4	HEKATON	589672.19	6	41	83	149	660	618686
0.50	0.50	0.90	8	HEKATON	1001885.84	6	89	121	299	6074	2616301
0.50	0.50	0.90	12	HEKATON	1148790.04	6	100	159	811	8965	4812392
0.50	0.50	0.90	16	HEKATON	1242339.02	6	106	187	3289	8969	7054908
0.50	0.50	0.90	20	HEKATON	1035458.31	6	229	1423	8973	8974	11060040
0.50	0.50	0.90	24	HEKATON	818743.35	6	1721	6375	8977	8978	15083231
0.50	0.50	0.90	28	HEKATON	542821.07	13	8981	8982	8983	8984	25071803
0.50	0.50	0.90	32	HEKATON	408631.38	57	8985	8986	8987	8988	37602671
0.50	0.50	0.90	36	HEKATON	233199.63	827	8989	8990	8991	8992	68492255
0.90	0.10	0.90	1	WAIT_DIE	323895.40	3	4	5	6	7	0
0.90	0.10	0.90	4	WAIT_DIE	954051.18	3	5	6	62	105	87215
0.90	0.10	0.90	8	WAIT_DIE	1793114.82	4	5	14	93	179	429289
0.90	0.10	0.90	12	WAIT_DIE	2402995.97	4	8	56	105	220	1111256
0.90	0.10	0.90	16	WAIT_DIE	3114491.48	4	37	83	163	394	2291253
0.90	0.10	0.90	20	WAIT_DIE	3170430.43	5	65	103	247	713	3850527
0.90	0.10	0.90	24	WAIT_DIE	3335518.04	4	84	134	356	1958	5653215
0.90	0.10	0.90	28	WAIT_DIE	3144783.87	5	100	178	512	5030	7785798
0.90	0.10	0.90	32	WAIT_DIE	3018402.69	5	108	213	758	8703	9262571
0.90	0.10	0.90	36	WAIT_DIE	2557175.59	5	121	266	1707	8989	10794039
0.90	0.10	0.90	1	NO_WAIT	355411.70	2	3	4	5	6	0
0.90	0.10	0.90	4	NO_WAIT	984966.16	3	5	6	85	187	138698
0.90	0.10	0.90	8	NO_WAIT	1758411.39	4	6	66	179	495	748933
0.90	0.10	0.90	12	NO_WAIT	2361188.67	4	68	136	466	1218	2128984
0.90	0.10	0.90	16	NO_WAIT	2891817.50	4	106	284	992	8704	3972397
0.90	0.10	0.90	20	NO_WAIT	2827860.72	4	198	517	2577	8973	5959345
0.90	0.10	0.90	24	NO_WAIT	2929682.29	4	259	675	5366	8977	7751801
0.90	0.10	0.90	28	NO_WAIT	3070637.01	4	295	802	7707	8981	9442378
0.90	0.10	0.90	32	NO_WAIT	2933627.11	5	455	1254	8985	8986	12598737
0.90	0.10	0.90	36	NO_WAIT	2891777.90	5	599	1811	8989	8990	14964899
0.90	0.10	0.90	1	DL_DETECT	350693.02	2	3	4	5	6	0
0.90	0.10	0.90	4	DL_DETECT	895812.93	4	5	6	7	11	379
0.90	0.10	0.90	8	DL_DETECT	1669783.41	4	6	7	10	19	2280
0.90	0.10	0.90	12	DL_DETECT	2246068.85	4	6	8	16	38	8428
0.90	0.10	0.90	16	DL_DETECT	2525867.55	4	9	15	31	100	28248
0.90	0.10	0.90	20	DL_DETECT	2225670.44	5	19	30	58	165	86200
0.90	0.10	0.90	24	DL_DETECT	1745454.21	5	38	55	115	330	238446
0.90	0.10	0.90	28	DL_DETECT	1266071.31	6	68	98	240	686	572958
0.90	0.10	0.90	32	DL_DETECT	911627.71	6	116	175	507	1541	1215975
0.90	0.10	0.90	36	DL_DETECT	407799.27	6	331	572	1948	7460	2688379
0.90	0.10	0.90	1	MVCC	318813.22	2	3	4	5	6	0
0.90	0.10	0.90	4	MVCC	855564.32	4	6	7	8	100	22132
0.90	0.10	0.90	8	MVCC	1463520.69	5	6	7	32	108	97984
0.90	0.10	0.90	12	MVCC	2318764.27	4	6	7	57	118	210866
0.90	0.10	0.90	16	MVCC	3238182.95	4	6	7	70	151	357159
0.90	0.10	0.90	20	MVCC	3555823.29	5	7	8	81	184	544650
0.90	0.10	0.90	24	MVCC	3809569.00	5	7	11	95	318	762936
0.90	0.10	0.90	28	MVCC	3641063.11	5	8	20	118	628	1017058
0.90	0.10	0.90	32	MVCC	2280917.12	5	18	74	328	1952	1360838
0.90	0.10	0.90	36	MVCC	1322564.86	6	69	162	897	5297	1869320
0.90	0.10	0.90	1	OCC	267910.51	3	4	5	6	7	0
0.90	0.10	0.90	4	OCC	745778.31	4	7	8	79	112	117626
0.90	0.10	0.90	8	OCC	1364089.92	4	10	46	105	192	595597
0.90	0.10	0.90	12	OCC	1691223.85	5	37	88	157	304	1538149
0.90	0.10	0.90	16	OCC	1732209.61	6	78	117	229	420	3048303
0.90	0.10	0.90	20	OCC	1572404.21	6	124	195	385	714	5191706
0.90	0.10	0.90	24	OCC	1436480.46	8	173	271	521	927	7710645
0.90	0.10	0.90	28	OCC	1348926.55	9	246	380	717	1261	10618189
0.90	0.10	0.90	32	OCC	1268740.03	11	308	468	862	1497	13782539
0.90	0.10	0.90	36	OCC	1196181.72	12	397	600	1097	1896	16586563
0.90	0.10	0.90	1	HEKATON	362843.21	2	3	4	5	6	0
0.90	0.10	0.90	4	HEKATON	917403.20	3	5	6	75	112	116013
0.90	0.10	0.90	8	HEKATON	1600375.43	4	6	32	96	180	543141
0.90	0.10	0.90	12	HEKATON	2528226.92	4	8	60	103	210	1258321
0.90	0.10	0.90	16	HEKATON	3070658.12	4	35	77	124	402	2233641
0.90	0.10	0.90	20	HEKATON	1168494.07	5	129	271	697	1687	3977083
0.90	0.10	0.90	24	HEKATON	587837.82	7	384	721	1889	4704	5237340
0.90	0.10	0.90	28	HEKATON	429805.55	12	703	1281	3461	8981	6641126
0.90	0.10	0.90	32	HEKATON	377618.33	17	1020	1909	5693	8985	10151614
0.90	0.10	0.90	36	HEKATON	303038.67	33	1855	3692	8989	8990	13895770
1.00	0.00	0.90	1	WAIT_DIE	370156.68	2	3	4	5	6	0
1.00	0.00	0.90	4	WAIT_DIE	927943.41	4	5	6	7	9	0
1.00	0.00	0.90	8	WAIT_DIE	1845162.99	4	5	6	7	10	0
1.00	0.00	0.90	12	WAIT_DIE	2591100.87	4	5	6	8	11	0
1.00	0.00	0.90	16	WAIT_DIE	3322650.97	4	6	7	9	12	0
1.00	0.00	0.90	20	WAIT_DIE	3985124.82	4	6	7	11	17	0
1.00	0.00	0.90	24	WAIT_DIE	4585383.31	4	7	9	14	21	0
1.00	0.00	0.90	28	WAIT_DIE	4623348.94	5	9	12	19	32	0
1.00	0.00	0.90	32	WAIT_DIE	4829459.19	5	10	14	23	41	0
1.00	0.00	0.90	36	WAIT_DIE	4565205.32	5	11	17	48	204	0
1.00	0.00	0.90	1	NO_WAIT	371431.62	2	3	4	5	6	0
1.00	0.00	0.90	4	NO_WAIT	1054396.38	3	4	5	6	7	0
1.00	0.00	0.90	8	NO_WAIT	1887204.91	3	5	6	7	10	0
1.00	0.00	0.90	12	NO_WAIT	2693538.95	4	5	6	7	11	0
1.00	0.00	0.90	16	NO_WAIT	3312128.89	4	6	7	9	13	0
1.00	0.00	0.90	20	NO_WAIT	4076102.38	4	6	7	11	17	0
1.00	0.00	0.90	24	NO_WAIT	4528826.75	4	7	9	14	21	0
1.00	0.00	0.90	28	NO_WAIT	4797776.94	5	8	11	18	27	0
1.00	0.00	0.90	32	NO_WAIT	4797027.46	5	10	15	24	39	0
1.00	0.00	0.90	36	NO_WAIT	4734024.94	5	11	16	40	195	0
1.00	0.00	0.90	1	DL_DETECT	343560.93	2	3	4	5	6	0
1.00	0.00	0.90	4	DL_DETECT	1037609.94	3	4	5	6	7	0
1.00	0.00	0.90	8	DL_DETECT	1801788.84	4	5	6	7	10	0
1.00	0.00	0.90	12	DL_DETECT	2666794.09	4	5	6	7	11	0
1.00	0.00	0.90	16	DL_DETECT	3195501.23	4	6	7	9	13	0
1.00	0.00	0.90	20	DL_DETECT	3818832.77	4	6	7	11	17	0
1.00	0.00	0.90	24	DL_DETECT	4457371.60	4	7	9	15	23	0
1.00	0.00	0.90	28	DL_DETECT	4656653.56	5	8	11	18	28	0
1.00	0.00	0.90	32	DL_DETECT	4724616.68	5	11	15	24	40	0
1.00	0.00	0.90	36	DL_DETECT	4635921.21	5	12	17	41	198	0
1.00	0.00	0.90	1	MVCC	407736.47	2	3	4	5	6	0
1.00	0.00	0.90	4	MVCC	974497.22	3	5	6	7	17	0
1.00	0.00	0.90	8	MVCC	1903673.72	4	5	6	7	14	0
1.00	0.00	0.90	12	MVCC	2969339.69	3	5	6	7	12	0
1.00	0.00	0.90	16	MVCC	3826964.06	4	5	6	7	13	0
1.00	0.00	0.90	20	MVCC	4747326.52	3	5	6	7	13	0
1.00	0.00	0.90	24	MVCC	5074543.80	4	5	6	7	121	0
1.00	0.00	0.90	28	MVCC	3629972.97	3	5	8	124	383	0
1.00	0.00	0.90	32	MVCC	2549098.98	4	7	31	221	767	0
1.00	0.00	0.90	36	MVCC	1516993.74	4	36	103	379	1018	0
1.00	0.00	0.90	1	OCC	265934.79	3	4	5	6	7	0
1.00	0.00	0.90	4	OCC	768752.38	4	6	7	9	14	0
1.00	0.00	0.90	8	OCC	1394214.20	5	7	9	14	24	0
1.00	0.00	0.90	12	OCC	1836327.99	5	10	13	23	40	0
1.00	0.00	0.90	16	OCC	2053131.28	4	15	23	42	71	0
1.00	0.00	0.90	20	OCC	1887874.91	6	22	35	63	105	0
1.00	0.00	0.90	24	OCC	1808183.14	5	33	52	95	155	0
1.00	0.00	0.90	28	OCC	1739263.32	6	42	67	122	200	0
1.00	0.00	0.90	32	OCC	1727573.70	5	54	90	166	271	0
1.00	0.00	0.90	36	OCC	1655196.72	6	65	110	204	333	0
1.00	0.00	0.90	1	HEKATON	416605.30	2	3	4	5	6	0
1.00	0.00	0.90	4	HEKATON	1007443.31	3	5	6	7	17	0
1.00	0.00	0.90	8	HEKATON	2017565.82	3	5	6	7	10	0
1.00	0.00	0.90	12	HEKATON	3015562.51	3	5	6	7	14	0
1.00	0.00	0.90	16	HEKATON	4073573.30	3	5	6	7	13	0
1.00	0.00	0.90	20	HEKATON	5011890.99	3	5	6	7	16	0
1.00	0.00	0.90	24	HEKATON	5082054.52	4	5	6	10	84	0
1.00	0.00	0.90	28	HEKATON	4165537.72	5	8	9	33	140	0
1.00	0.00	0.90	32	HEKATON	2422940.77	5	26	53	135	255	0
1.00	0.00	0.90	36	HEKATON	1127973.29	5	94	161	315	572	0
Rd	Wt	Zip	T	CC	TP	P50	P90	P99	P999	Abt
0.00	1.00	0.99	1	WAIT_DIE	298714.18	3	4	5	6	7	0
0.00	1.00	0.99	4	WAIT_DIE	498615.07	4	58	89	163	8086	68627
0.00	1.00	0.99	8	WAIT_DIE	558683.46	4	73	100	2314	8961	142968
0.00	1.00	0.99	12	WAIT_DIE	586415.18	4	80	107	4560	8965	237526
0.00	1.00	0.99	16	WAIT_DIE	619728.67	4	85	129	6063	8969	324481
0.00	1.00	0.99	20	WAIT_DIE	576068.41	5	99	201	7342	8973	623221
0.00	1.00	0.99	24	WAIT_DIE	583927.51	5	103	471	8384	8977	639121
0.00	1.00	0.99	28	WAIT_DIE	664689.52	4	100	901	8593	8981	742038
0.00	1.00	0.99	32	WAIT_DIE	588550.10	5	129	2002	8985	8986	1122201
0.00	1.00	0.99	36	WAIT_DIE	618629.97	4	138	2434	8989	8990	1097216
0.00	1.00	0.99	1	NO_WAIT	277788.85	3	4	5	6	7	0
0.00	1.00	0.99	4	NO_WAIT	426315.66	4	66	99	1270	8957	77407
0.00	1.00	0.99	8	NO_WAIT	462365.80	4	84	141	6433	8961	156271
0.00	1.00	0.99	12	NO_WAIT	484412.02	4	98	270	8916	8965	278204
0.00	1.00	0.99	16	NO_WAIT	470616.08	4	124	1915	8969	8970	454001
0.00	1.00	0.99	20	NO_WAIT	484552.82	4	162	3197	8973	8974	577036
0.00	1.00	0.99	24	NO_WAIT	491015.80	4	246	4266	8977	8978	769914
0.00	1.00	0.99	28	NO_WAIT	560494.48	3	233	4385	8981	8982	691888
0.00	1.00	0.99	32	NO_WAIT	497014.21	4	1612	6055	8985	8986	1118822
0.00	1.00	0.99	36	NO_WAIT	519520.48	4	2078	6579	8989	8990	1190911
0.00	1.00	0.99	1	DL_DETECT	314055.42	3	4	5	6	7	0
0.00	1.00	0.99	4	DL_DETECT	690473.88	4	9	12	86	145	11542
0.00	1.00	0.99	8	DL_DETECT	366326.76	17	137	214	453	961	186193
0.00	1.00	0.99	12	DL_DETECT	179585.36	63	677	1090	2445	5165	811174
0.00	1.00	0.99	16	DL_DETECT	98341.95	273	2506	4241	8969	8970	1993918
0.00	1.00	0.99	20	DL_DETECT	68788.62	699	6452	8973	8974	8975	3747879
0.00	1.00	0.99	24	DL_DETECT	49829.52	1487	8977	8978	8979	8980	6128075
0.00	1.00	0.99	28	DL_DETECT	37769.00	2730	8796	8797	8798	8799	9068674
0.00	1.00	0.99	32	DL_DETECT	30295.21	4475	8545	8546	8547	8548	12614962
0.00	1.00	0.99	36	DL_DETECT	19770.53	8224	8225	8226	8227	8228	16896645
0.00	1.00	0.99	1	MVCC	188743.53	4	5	6	7	426	0
0.00	1.00	0.99	4	MVCC	410377.45	7	45	88	173	555	57908
0.00	1.00	0.99	8	MVCC	376210.06	13	157	305	761	1930	281319
0.00	1.00	0.99	12	MVCC	295637.63	30	758	1389	3831	8965	798173
0.00	1.00	0.99	16	MVCC	287764.44	60	1879	3571	8969	8970	1583123
0.00	1.00	0.99	20	MVCC	216092.91	208	4478	8409	8973	8974	2712841
0.00	1.00	0.99	24	MVCC	182018.81	441	8487	8977	8978	8979	4148917
0.00	1.00	0.99	28	MVCC	154462.95	820	8981	8982	8983	8984	5958415
0.00	1.00	0.99	32	MVCC	128808.35	1428	8985	8986	8987	8988	8237359
0.00	1.00	0.99	36	MVCC	105966.94	2198	8989	8990	8991	8992	11027232
0.00	1.00	0.99	1	OCC	277176.82	3	4	5	6	7	0
0.00	1.00	0.99	4	OCC	385068.08	5	91	116	434	8957	102952
0.00	1.00	0.99	8	OCC	424350.77	5	110	188	4986	8961	282513
0.00	1.00	0.99	12	OCC	441306.44	6	156	345	6919	8965	566985
0.00	1.00	0.99	16	OCC	488096.20	6	167	987	8098	8969	945478
0.00	1.00	0.99	20	OCC	493145.09	7	247	2245	8973	8974	1379646
0.00	1.00	0.99	24	OCC	503093.18	9	533	3299	8977	8978	1807468
0.00	1.00	0.99	28	OCC	381787.48	458	2047	2897	5452	8981	9693153
0.00	1.00	0.99	32	OCC	364673.40	541	2327	3258	5939	8985	12900265
0.00	1.00	0.99	36	OCC	338715.08	636	2662	3703	6668	8989	15315738
0.00	1.00	0.99	1	HEKATON	191970.38	4	5	6	7	417	0
0.00	1.00	0.99	4	HEKATON	240595.58	5	88	145	5055	8957	103334
0.00	1.00	0.99	8	HEKATON	268677.87	6	111	574	8961	8962	297581
0.00	1.00	0.99	12	HEKATON	297607.16	5	144	2437	8965	8966	486901
0.00	1.00	0.99	16	HEKATON	306250.65	6	232	4078	8969	8970	747707
0.00	1.00	0.99	20	HEKATON	332697.12	5	746	5238	8973	8974	938822
0.00	1.00	0.99	24	HEKATON	320913.24	6	2039	6714	8977	8978	1360134
0.00	1.00	0.99	28	HEKATON	348824.53	5	2628	7324	8981	8982	1446349
0.00	1.00	0.99	32	HEKATON	328742.15	6	3975	8947	8985	8986	2013179
0.00	1.00	0.99	36	HEKATON	334498.35	6	4510	8989	8990	8991	2386951
0.10	0.90	0.99	1	WAIT_DIE	302072.41	3	4	5	6	7	0
0.10	0.90	0.99	4	WAIT_DIE	548401.31	3	50	84	145	8256	61606
0.10	0.90	0.99	8	WAIT_DIE	558214.56	4	74	101	2210	8961	167875
0.10	0.90	0.99	12	WAIT_DIE	591639.78	4	80	107	4438	8965	214628
0.10	0.90	0.99	16	WAIT_DIE	574435.57	4	91	148	6332	8969	442944
0.10	0.90	0.99	20	WAIT_DIE	593420.57	4	97	188	7206	8973	509484
0.10	0.90	0.99	24	WAIT_DIE	596672.76	4	102	403	8307	8977	649920
0.10	0.90	0.99	28	WAIT_DIE	608717.85	4	108	1160	8935	8981	902318
0.10	0.90	0.99	32	WAIT_DIE	604955.89	5	121	1911	8985	8986	1050547
0.10	0.90	0.99	36	WAIT_DIE	697056.85	4	109	1981	8989	8990	974715
0.10	0.90	0.99	1	NO_WAIT	309402.89	3	4	5	6	7	0
0.10	0.90	0.99	4	NO_WAIT	442594.10	4	63	98	1324	8957	70904
0.10	0.90	0.99	8	NO_WAIT	491393.17	3	79	128	6147	8961	163546
0.10	0.90	0.99	12	NO_WAIT	507396.72	3	94	229	8431	8965	269424
0.10	0.90	0.99	16	NO_WAIT	489540.30	4	118	1658	8969	8970	419036
0.10	0.90	0.99	20	NO_WAIT	571824.03	3	109	2208	8973	8974	450133
0.10	0.90	0.99	24	NO_WAIT	490432.43	4	240	4277	8977	8978	857274
0.10	0.90	0.99	28	NO_WAIT	490825.77	5	860	5226	8981	8982	999996
0.10	0.90	0.99	32	NO_WAIT	502177.89	5	1502	5933	8985	8986	1282931
0.10	0.90	0.99	36	NO_WAIT	511153.95	5	2172	6683	8989	8990	1521504
0.10	0.90	0.99	1	DL_DETECT	305393.54	3	4	5	6	7	0
0.10	0.90	0.99	4	DL_DETECT	643173.75	5	10	13	86	138	10749
0.10	0.90	0.99	8	DL_DETECT	363315.99	17	135	209	443	955	178587
0.10	0.90	0.99	12	DL_DETECT	177745.73	63	670	1073	2443	5325	792805
0.10	0.90	0.99	16	DL_DETECT	97023.28	267	2468	4181	8969	8970	1939274
0.10	0.90	0.99	20	DL_DETECT	67910.47	688	6342	8973	8974	8975	3660199
0.10	0.90	0.99	24	DL_DETECT	49436.16	1463	8977	8978	8979	8980	5994032
0.10	0.90	0.99	28	DL_DETECT	37912.57	2674	8814	8815	8816	8817	8907002
0.10	0.90	0.99	32	DL_DETECT	30313.63	4443	8532	8533	8534	8535	12446263
0.10	0.90	0.99	36	DL_DETECT	19667.69	8254	8255	8256	8257	8258	16733147
0.10	0.90	0.99	1	MVCC	180239.10	4	6	7	8	431	0
0.10	0.90	0.99	4	MVCC	426828.43	7	37	82	144	555	52696
0.10	0.90	0.99	8	MVCC	476518.75	10	118	207	566	1271	246879
0.10	0.90	0.99	12	MVCC	341449.51	26	582	1063	2899	7948	687320
0.10	0.90	0.99	16	MVCC	336235.50	38	1563	3025	8969	8970	1411059
0.10	0.90	0.99	20	MVCC	257160.46	160	3814	7484	8973	8974	2424956
0.10	0.90	0.99	24	MVCC	211350.14	343	7545	8977	8978	8979	3688443
0.10	0.90	0.99	28	MVCC	178852.97	661	8981	8982	8983	8984	5374564
0.10	0.90	0.99	32	MVCC	151620.77	1159	8985	8986	8987	8988	7379469
0.10	0.90	0.99	36	MVCC	115745.52	1948	8989	8990	8991	8992	9870623
0.10	0.90	0.99	1	OCC	276553.41	3	4	5	6	7	0
0.10	0.90	0.99	4	OCC	403196.95	5	95	124	301	8842	157687
0.10	0.90	0.99	8	OCC	471885.24	5	109	179	4111	8961	346712
0.10	0.90	0.99	12	OCC	491676.65	6	141	265	6245	8965	661664
0.10	0.90	0.99	16	OCC	507811.04	7	196	802	7802	8969	1059294
0.10	0.90	0.99	20	OCC	520739.91	11	296	1995	8862	8973	1612666
0.10	0.90	0.99	24	OCC	493040.37	114	1278	2243	7514	8977	3775348
0.10	0.90	0.99	28	OCC	394736.04	405	1800	2518	4593	8942	9516516
0.10	0.90	0.99	32	OCC	371095.90	496	2149	2997	5410	8985	12004940
0.10	0.90	0.99	36	OCC	343147.63	608	2564	3552	6305	8989	14213897
0.10	0.90	0.99	1	HEKATON	219006.55	3	5	6	7	419	0
0.10	0.90	0.99	4	HEKATON	258901.19	5	88	137	4287	8957	115246
0.10	0.90	0.99	8	HEKATON	302633.75	5	103	311	8662	8961	284480
0.10	0.90	0.99	12	HEKATON	328136.09	5	133	1881	8965	8966	474559
0.10	0.90	0.99	16	HEKATON	341161.02	6	182	3389	8969	8970	741273
0.10	0.90	0.99	20	HEKATON	355236.88	5	473	4660	8973	8974	953817
0.10	0.90	0.99	24	HEKATON	351618.28	6	1560	6007	8977	8978	1389992
0.10	0.90	0.99	28	HEKATON	359559.82	6	2313	6888	8981	8982	1660105
0.10	0.90	0.99	32	HEKATON	396459.62	5	2713	7358	8985	8986	1647093
0.10	0.90	0.99	36	HEKATON	369279.65	7	3813	8549	8989	8990	2344600
0.50	0.50	0.99	1	WAIT_DIE	303724.86	3	4	5	6	7	0
0.50	0.50	0.99	4	WAIT_DIE	652890.28	4	51	84	137	5878	76918
0.50	0.50	0.99	8	WAIT_DIE	720407.10	4	69	96	340	8961	165075
0.50	0.50	0.99	12	WAIT_DIE	740734.55	4	78	104	3040	8965	318374
0.50	0.50	0.99	16	WAIT_DIE	802509.74	3	81	109	4588	8969	403808
0.50	0.50	0.99	20	WAIT_DIE	760885.04	4	91	147	5981	8973	585668
0.50	0.50	0.99	24	WAIT_DIE	768709.88	4	97	181	6699	8977	635784
0.50	0.50	0.99	28	WAIT_DIE	789489.53	4	100	235	7560	8981	903082
0.50	0.50	0.99	32	WAIT_DIE	858112.59	4	98	320	7886	8985	943220
0.50	0.50	0.99	36	WAIT_DIE	825610.11	4	105	1039	8637	8989	1236796
0.50	0.50	0.99	1	NO_WAIT	337240.68	2	3	4	5	6	0
0.50	0.50	0.99	4	NO_WAIT	533024.63	3	61	96	321	8957	74015
0.50	0.50	0.99	8	NO_WAIT	604350.00	3	76	117	4695	8961	158843
0.50	0.50	0.99	12	NO_WAIT	608463.00	3	94	188	7183	8965	284787
0.50	0.50	0.99	16	NO_WAIT	592328.44	4	111	634	8969	8970	498390
0.50	0.50	0.99	20	NO_WAIT	615583.94	4	137	1889	8973	8974	653304
0.50	0.50	0.99	24	NO_WAIT	615121.08	4	180	3072	8977	8978	894444
0.50	0.50	0.99	28	NO_WAIT	619929.38	4	233	3918	8981	8982	1064103
0.50	0.50	0.99	32	NO_WAIT	680949.02	4	252	4138	8985	8986	1176300
0.50	0.50	0.99	36	NO_WAIT	665925.96	4	880	5144	8989	8990	1500743
0.50	0.50	0.99	1	DL_DETECT	325179.74	2	4	5	6	7	0
0.50	0.50	0.99	4	DL_DETECT	732957.07	4	8	10	51	113	5862
0.50	0.50	0.99	8	DL_DETECT	555271.06	9	46	113	232	478	86171
0.50	0.50	0.99	12	DL_DETECT	267678.73	38	324	530	1213	2808	446096
0.50	0.50	0.99	16	DL_DETECT	142153.66	115	1290	2199	5735	8969	1206723
0.50	0.50	0.99	20	DL_DETECT	95770.31	336	3783	6827	8973	8974	2437341
0.50	0.50	0.99	24	DL_DETECT	67063.86	808	8977	8978	8979	8980	4188817
0.50	0.50	0.99	28	DL_DETECT	50151.18	1644	8828	8829	8830	8831	6399432
0.50	0.50	0.99	32	DL_DETECT	39337.37	2951	8576	8577	8578	8579	9087458
0.50	0.50	0.99	36	DL_DETECT	26065.60	6007	8264	8265	8266	8267	12488758
0.50	0.50	0.99	1	MVCC	229877.16	3	5	6	7	17	0
0.50	0.50	0.99	4	MVCC	554813.32	6	10	48	106	504	29648
0.50	0.50	0.99	8	MVCC	931026.64	6	52	93	198	560	129234
0.50	0.50	0.99	12	MVCC	862405.91	9	105	180	521	1195	293983
0.50	0.50	0.99	16	MVCC	677978.74	16	324	654	1891	5538	621842
0.50	0.50	0.99	20	MVCC	599932.41	25	1000	1998	6643	8973	1175282
0.50	0.50	0.99	24	MVCC	446558.67	45	2616	5639	8977	8978	1902615
0.50	0.50	0.99	28	MVCC	365792.92	125	5775	8981	8982	8983	2865122
0.50	0.50	0.99	32	MVCC	275404.68	299	8985	8986	8987	8988	4050019
0.50	0.50	0.99	36	MVCC	211101.52	640	8989	8990	8991	8992	5485481
0.50	0.50	0.99	1	OCC	284172.44	3	4	5	6	7	0
0.50	0.50	0.99	4	OCC	512885.36	6	96	122	220	452	152344
0.50	0.50	0.99	8	OCC	604779.03	8	167	243	601	8332	503788
0.50	0.50	0.99	12	OCC	613574.24	34	287	429	1412	8965	1128340
0.50	0.50	0.99	16	OCC	580968.40	94	510	732	1498	8011	2231880
0.50	0.50	0.99	20	OCC	513818.40	149	793	1112	1994	4049	3334982
0.50	0.50	0.99	24	OCC	462955.56	210	1048	1456	2567	4833	4667116
0.50	0.50	0.99	28	OCC	440229.15	257	1249	1728	3017	5419	6128768
0.50	0.50	0.99	32	OCC	415809.07	322	1516	2088	3606	6386	7824763
0.50	0.50	0.99	36	OCC	393972.67	379	1753	2409	4166	7496	9280138
0.50	0.50	0.99	1	HEKATON	227585.93	3	5	6	7	434	0
0.50	0.50	0.99	4	HEKATON	453889.69	5	79	105	416	8957	108065
0.50	0.50	0.99	8	HEKATON	519082.45	5	96	153	4035	8961	304601
0.50	0.50	0.99	12	HEKATON	550507.09	5	108	228	6737	8965	492790
0.50	0.50	0.99	16	HEKATON	592872.32	5	122	458	8290	8969	735239
0.50	0.50	0.99	20	HEKATON	621109.20	5	132	1145	8973	8974	937507
0.50	0.50	0.99	24	HEKATON	612069.54	6	183	2424	8977	8978	1205895
0.50	0.50	0.99	28	HEKATON	639138.69	6	205	3063	8981	8982	1542698
0.50	0.50	0.99	32	HEKATON	669195.77	6	345	4145	8985	8986	1835417
0.50	0.50	0.99	36	HEKATON	618176.76	6	3141	8989	8990	8991	2303148
0.90	0.10	0.99	1	WAIT_DIE	419348.51	2	3	4	5	6	0
0.90	0.10	0.99	4	WAIT_DIE	953616.78	3	6	32	95	140	27961
0.90	0.10	0.99	8	WAIT_DIE	1633532.36	3	47	84	139	295	134011
0.90	0.10	0.99	12	WAIT_DIE	1717899.22	4	71	100	201	4863	271325
0.90	0.10	0.99	16	WAIT_DIE	1775159.78	4	84	115	286	7999	421421
0.90	0.10	0.99	20	WAIT_DIE	1792511.21	4	92	137	432	8973	565242
0.90	0.10	0.99	24	WAIT_DIE	1839573.82	4	94	145	1101	8977	683895
0.90	0.10	0.99	28	WAIT_DIE	1592781.94	4	106	192	3296	8981	913982
0.90	0.10	0.99	32	WAIT_DIE	1814170.81	4	103	183	3686	8985	1023155
0.90	0.10	0.99	36	WAIT_DIE	1584054.99	4	114	225	5659	8989	1188458
0.90	0.10	0.99	1	NO_WAIT	348786.51	2	3	4	5	6	0
0.90	0.10	0.99	4	NO_WAIT	988052.69	3	16	74	163	346	47023
0.90	0.10	0.99	8	NO_WAIT	1370919.01	4	84	155	546	8698	180974
0.90	0.10	0.99	12	NO_WAIT	1407166.37	4	108	256	3009	8965	339670
0.90	0.10	0.99	16	NO_WAIT	1470543.71	4	142	354	6048	8969	442994
0.90	0.10	0.99	20	NO_WAIT	1418049.29	4	205	608	8973	8974	681151
0.90	0.10	0.99	24	NO_WAIT	1528157.98	4	207	730	8977	8978	791374
0.90	0.10	0.99	28	NO_WAIT	1520734.88	4	261	1335	8981	8982	974208
0.90	0.10	0.99	32	NO_WAIT	1605714.40	4	264	1825	8985	8986	1064701
0.90	0.10	0.99	36	NO_WAIT	1599408.06	4	342	3039	8989	8990	1326269
0.90	0.10	0.99	1	DL_DETECT	398761.03	2	3	4	5	6	0
0.90	0.10	0.99	4	DL_DETECT	933538.19	4	5	6	8	17	313
0.90	0.10	0.99	8	DL_DETECT	1433464.94	4	8	11	20	95	2838
0.90	0.10	0.99	12	DL_DETECT	1396712.17	5	19	26	59	166	13372
0.90	0.10	0.99	16	DL_DETECT	966974.34	6	43	62	181	536	52308
0.90	0.10	0.99	20	DL_DETECT	630552.53	18	95	177	536	2011	151317
0.90	0.10	0.99	24	DL_DETECT	402277.79	45	264	540	2025	8977	369735
0.90	0.10	0.99	28	DL_DETECT	259099.62	92	903	2183	8981	8982	785776
0.90	0.10	0.99	32	DL_DETECT	180305.38	166	3212	7801	8985	8986	1409201
0.90	0.10	0.99	36	DL_DETECT	105575.87	365	8664	8665	8666	8667	2363414
0.90	0.10	0.99	1	MVCC	338610.07	2	3	4	5	6	0
0.90	0.10	0.99	4	MVCC	1013221.85	3	5	6	49	106	6209
0.90	0.10	0.99	8	MVCC	1737905.45	4	6	7	85	183	24726
0.90	0.10	0.99	12	MVCC	2420670.36	4	7	11	98	240	53846
0.90	0.10	0.99	16	MVCC	2769908.17	4	9	35	113	366	89449
0.90	0.10	0.99	20	MVCC	1631029.16	5	52	113	440	1390	169536
0.90	0.10	0.99	24	MVCC	1181651.90	6	100	227	912	2819	261862
0.90	0.10	0.99	28	MVCC	825343.77	7	191	494	2083	7009	352470
0.90	0.10	0.99	32	MVCC	611624.30	15	355	912	3339	8985	432289
0.90	0.10	0.99	36	MVCC	356414.57	27	740	2048	8301	8989	528411
0.90	0.10	0.99	1	OCC	278014.59	3	4	5	6	7	0
0.90	0.10	0.99	4	OCC	690452.14	5	11	54	104	176	30677
0.90	0.10	0.99	8	OCC	823067.30	6	81	112	197	325	172607
0.90	0.10	0.99	12	OCC	773011.96	10	140	207	373	654	402700
0.90	0.10	0.99	16	OCC	721940.45	15	216	311	552	961	747345
0.90	0.10	0.99	20	OCC	682569.41	22	307	440	768	1312	1129702
0.90	0.10	0.99	24	OCC	642528.72	33	412	585	1008	1740	1561721
0.90	0.10	0.99	28	OCC	605464.32	46	522	735	1258	2133	2024746
0.90	0.10	0.99	32	OCC	596227.53	59	618	866	1471	2514	2557256
0.90	0.10	0.99	36	OCC	567044.61	75	737	1029	1742	2986	3040393
0.90	0.10	0.99	1	HEKATON	431325.77	2	3	4	5	6	0
0.90	0.10	0.99	4	HEKATON	987078.43	3	6	44	98	215	29954
0.90	0.10	0.99	8	HEKATON	1752191.17	4	50	83	116	274	140627
0.90	0.10	0.99	12	HEKATON	1674670.08	4	84	114	235	590	316833
0.90	0.10	0.99	16	HEKATON	528833.42	15	282	431	831	1664	503842
0.90	0.10	0.99	20	HEKATON	318875.53	31	627	1016	2127	4292	451489
0.90	0.10	0.99	24	HEKATON	275434.79	58	906	1495	4044	8977	905477
0.90	0.10	0.99	28	HEKATON	230700.41	91	1285	2075	4739	8981	1077024
0.90	0.10	0.99	32	HEKATON	176619.72	169	2278	3911	8985	8986	1752164
0.90	0.10	0.99	36	HEKATON	141818.25	274	5091	8989	8990	8991	2371737
1.00	0.00	0.99	1	WAIT_DIE	372662.68	2	3	4	5	6	0
1.00	0.00	0.99	4	WAIT_DIE	1008091.70	3	5	6	7	15	0
1.00	0.00	0.99	8	WAIT_DIE	1807113.04	4	5	6	8	11	0
1.00	0.00	0.99	12	WAIT_DIE	2404348.61	4	6	8	11	16	0
1.00	0.00	0.99	16	WAIT_DIE	2848130.00	4	8	10	15	21	0
1.00	0.00	0.99	20	WAIT_DIE	2913462.89	5	12	15	21	30	0
1.00	0.00	0.99	24	WAIT_DIE	2802901.67	5	18	23	33	49	0
1.00	0.00	0.99	28	WAIT_DIE	2616850.89	5	24	31	44	62	0
1.00	0.00	0.99	32	WAIT_DIE	2608847.30	5	29	36	51	72	0
1.00	0.00	0.99	36	WAIT_DIE	2476852.85	5	34	46	92	187	0
1.00	0.00	0.99	1	NO_WAIT	366538.87	2	3	4	5	6	0
1.00	0.00	0.99	4	NO_WAIT	1050311.14	3	5	6	7	9	0
1.00	0.00	0.99	8	NO_WAIT	1797484.47	4	5	6	8	11	0
1.00	0.00	0.99	12	NO_WAIT	2462490.20	4	6	8	11	16	0
1.00	0.00	0.99	16	NO_WAIT	2898140.01	4	9	11	15	21	0
1.00	0.00	0.99	20	NO_WAIT	2919676.02	5	12	15	22	32	0
1.00	0.00	0.99	24	NO_WAIT	2828913.68	5	18	22	32	46	0
1.00	0.00	0.99	28	NO_WAIT	2682553.44	5	24	30	43	63	0
1.00	0.00	0.99	32	NO_WAIT	2541800.45	5	29	37	54	96	0
1.00	0.00	0.99	36	NO_WAIT	2434392.32	5	35	48	95	194	0
1.00	0.00	0.99	1	DL_DETECT	367446.82	2	3	4	5	6	0
1.00	0.00	0.99	4	DL_DETECT	1020270.28	3	5	6	7	9	0
1.00	0.00	0.99	8	DL_DETECT	1843638.78	4	5	6	8	11	0
1.00	0.00	0.99	12	DL_DETECT	2441988.37	4	6	8	11	15	0
1.00	0.00	0.99	16	DL_DETECT	2814453.33	4	8	10	15	21	0
1.00	0.00	0.99	20	DL_DETECT	2852591.74	5	13	16	23	32	0
1.00	0.00	0.99	24	DL_DETECT	2739605.31	4	19	24	35	49	0
1.00	0.00	0.99	28	DL_DETECT	2674816.00	5	23	29	42	66	0
1.00	0.00	0.99	32	DL_DETECT	2564658.56	5	29	37	52	74	0
1.00	0.00	0.99	36	DL_DETECT	2455166.96	5	34	46	94	194	0
1.00	0.00	0.99	1	MVCC	463401.71	2	3	4	5	6	0
1.00	0.00	0.99	4	MVCC	1220611.56	3	4	5	6	7	0
1.00	0.00	0.99	8	MVCC	2351007.20	3	4	5	6	7	0
1.00	0.00	0.99	12	MVCC	3340834.37	3	4	5	6	8	0
1.00	0.00	0.99	16	MVCC	4147364.04	3	5	6	7	20	0
1.00	0.00	0.99	20	MVCC	2575509.63	3	11	29	90	192	0
1.00	0.00	0.99	24	MVCC	1517213.23	5	38	62	141	310	0
1.00	0.00	0.99	28	MVCC	799311.63	7	88	151	363	890	0
1.00	0.00	0.99	32	MVCC	694522.49	8	113	200	499	1272	0
1.00	0.00	0.99	36	MVCC	487236.72	11	210	355	765	1717	0
1.00	0.00	0.99	1	OCC	245059.82	3	4	5	6	8	0
1.00	0.00	0.99	4	OCC	743485.11	4	8	9	13	19	0
1.00	0.00	0.99	8	OCC	991818.17	5	14	19	30	45	0
1.00	0.00	0.99	12	OCC	954462.48	7	28	38	60	89	0
1.00	0.00	0.99	16	OCC	904325.54	7	46	63	100	150	0
1.00	0.00	0.99	20	OCC	861665.37	8	65	91	145	219	0
1.00	0.00	0.99	24	OCC	858350.29	7	85	119	193	293	0
1.00	0.00	0.99	28	OCC	839309.15	8	104	147	239	370	0
1.00	0.00	0.99	32	OCC	827450.33	8	124	175	288	449	0
1.00	0.00	0.99	36	OCC	820543.89	7	146	210	346	538	0
1.00	0.00	0.99	1	HEKATON	430944.53	2	3	4	5	6	0
1.00	0.00	0.99	4	HEKATON	1005712.40	3	5	6	7	14	0
1.00	0.00	0.99	8	HEKATON	2384635.36	3	4	5	6	7	0
1.00	0.00	0.99	12	HEKATON	3521912.42	3	4	5	6	7	0
1.00	0.00	0.99	16	HEKATON	2938444.98	3	6	18	44	80	0
1.00	0.00	0.99	20	HEKATON	1084148.38	5	49	70	121	202	0
1.00	0.00	0.99	24	HEKATON	768674.05	7	87	124	214	362	0
1.00	0.00	0.99	28	HEKATON	653286.29	13	121	169	277	447	0
1.00	0.00	0.99	32	HEKATON	675115.71	15	130	198	355	615	0
1.00	0.00	0.99	36	HEKATON	610235.26	13	146	250	515	997	0

