Rd	Wt	Zip	T	CC	TP	P50	P90	P99	P999	Abt
0.00	1.00	0.10	1	WOUND_WAIT	0	84768.49	11	12	13	14	17	0	0	0	0	0	0.00	0.00	
0.00	1.00	0.10	4	WOUND_WAIT	0	344259.02	11	13	13	14	18	0	0	0	0	0	0.00	0.00	
0.00	1.00	0.10	8	WOUND_WAIT	0	683638.77	11	12	12	13	18	0	0	0	0	0	0.00	0.00	
0.00	1.00	0.10	12	WOUND_WAIT	0	994816.15	12	13	13	14	19	0	0	0	0	0	0.00	0.00	
0.00	1.00	0.10	16	WOUND_WAIT	0	1267550.92	12	14	14	15	21	0	0	0	0	0	0.00	0.00	
0.00	1.00	0.10	20	WOUND_WAIT	0	1347865.00	14	16	17	19	24	0	0	0	0	0	0.00	0.00	
0.00	1.00	0.10	24	WOUND_WAIT	0	1510911.60	15	17	18	20	27	0	0	0	0	0	0.00	0.00	
0.00	1.00	0.10	28	WOUND_WAIT	0	1603008.41	17	19	19	22	29	0	0	0	0	0	0.00	0.00	
0.00	1.00	0.10	32	WOUND_WAIT	0	1752907.44	18	20	21	24	31	0	0	0	0	0	0.00	0.00	
0.00	1.00	0.10	36	WOUND_WAIT	0	2029389.34	17	21	22	24	34	0	0	0	0	0	0.00	0.00	
0.00	1.00	0.10	40	WOUND_WAIT	0	2109373.62	18	22	23	25	37	0	0	0	0	0	0.00	0.00	
0.00	1.00	0.10	44	WOUND_WAIT	0	2199425.29	19	24	26	29	41	0	0	0	0	0	0.00	0.00	
0.00	1.00	0.10	48	WOUND_WAIT	0	2451421.43	19	24	25	29	41	0	0	0	0	0	0.00	0.00	
0.00	1.00	0.10	52	WOUND_WAIT	0	2618462.94	19	25	26	30	44	0	0	0	0	0	0.00	0.00	
0.00	1.00	0.10	56	WOUND_WAIT	0	2767844.92	19	27	28	33	48	0	0	0	0	0	0.00	0.00	
0.00	1.00	0.10	60	WOUND_WAIT	0	2848582.72	19	28	29	34	53	0	0	0	0	0	0.00	0.00	
0.00	1.00	0.10	64	WOUND_WAIT	0	2952720.33	20	30	31	37	52	0	0	0	0	0	0.00	0.00	
0.00	1.00	0.10	1	DLOCK	0	83554.31	12	13	13	14	16	0	0	0	0	0	0.00	0.00	
0.00	1.00	0.10	4	DLOCK	0	338787.91	11	12	13	13	17	0	0	0	0	0	0.00	0.00	
0.00	1.00	0.10	8	DLOCK	0	671338.67	12	13	14	14	18	0	0	0	0	0	0.00	0.00	
0.00	1.00	0.10	12	DLOCK	0	984349.24	12	13	14	15	19	0	0	0	0	0	0.00	0.00	
0.00	1.00	0.10	16	DLOCK	0	1260304.18	12	14	14	15	21	0	0	0	0	0	0.00	0.00	
0.00	1.00	0.10	20	DLOCK	0	1366910.96	14	16	17	18	23	0	0	0	0	0	0.00	0.00	
0.00	1.00	0.10	24	DLOCK	0	1495240.01	15	18	19	20	26	0	0	0	0	0	0.00	0.00	
0.00	1.00	0.10	28	DLOCK	0	1669793.46	16	19	19	22	28	0	0	0	0	0	0.00	0.00	
0.00	1.00	0.10	32	DLOCK	0	1809480.99	17	20	21	23	29	0	0	0	0	0	0.00	0.00	
0.00	1.00	0.10	36	DLOCK	0	2088486.71	17	20	21	23	31	0	0	0	0	0	0.00	0.00	
0.00	1.00	0.10	40	DLOCK	0	2231466.23	17	21	22	24	34	0	0	0	0	0	0.00	0.00	
0.00	1.00	0.10	44	DLOCK	0	2319693.56	18	22	23	25	37	0	0	0	0	0	0.00	0.00	
0.00	1.00	0.10	48	DLOCK	0	2534227.04	18	24	25	28	41	0	0	0	0	0	0.00	0.00	
0.00	1.00	0.10	52	DLOCK	0	2689626.05	18	26	27	30	45	0	0	0	0	0	0.00	0.00	
0.00	1.00	0.10	56	DLOCK	0	2915577.38	18	25	26	30	42	0	0	0	0	0	0.00	0.00	
0.00	1.00	0.10	60	DLOCK	0	3064316.45	19	26	28	33	48	0	0	0	0	0	0.00	0.00	
0.00	1.00	0.10	64	DLOCK	0	3346965.36	18	27	29	34	48	0	0	0	0	0	0.00	0.00	
0.00	1.00	0.10	1	SILO	0	104701.62	9	11	11	12	14	0	0	0	0	0	0.00	0.00	
0.00	1.00	0.10	4	SILO	0	402066.54	10	11	11	12	15	0	0	0	0	0	0.00	0.00	
0.00	1.00	0.10	8	SILO	0	824165.06	9	11	12	13	20	0	0	0	0	0	0.00	0.00	
0.00	1.00	0.10	12	SILO	0	1242587.24	9	10	10	11	49	0	0	0	0	1	0.00	0.00	
0.00	1.00	0.10	16	SILO	0	1540916.75	10	12	12	13	69	0	0	0	0	1	0.00	0.00	
0.00	1.00	0.10	20	SILO	0	1707502.86	11	13	14	15	82	0	0	0	0	1	0.00	0.00	
0.00	1.00	0.10	24	SILO	0	1952338.80	12	14	15	16	90	0	0	0	0	1	0.00	0.00	
0.00	1.00	0.10	28	SILO	0	2067005.87	13	15	15	18	96	0	0	0	0	1	0.00	0.00	
0.00	1.00	0.10	32	SILO	0	2318923.71	13	16	16	19	101	0	0	0	0	1	0.00	0.00	
0.00	1.00	0.10	36	SILO	0	2646536.75	13	16	17	19	103	0	0	0	0	1	0.00	0.00	
0.00	1.00	0.10	40	SILO	0	2835601.35	14	17	19	22	105	0	0	0	0	1	0.01	0.01	
0.00	1.00	0.10	44	SILO	0	3074493.34	14	17	19	22	108	0	0	0	0	1	0.01	0.01	
0.00	1.00	0.10	48	SILO	0	3278074.16	14	18	19	24	110	0	0	0	0	1	0.01	0.01	
0.00	1.00	0.10	52	SILO	0	3681133.36	14	18	20	26	111	0	0	0	0	1	0.01	0.01	
0.00	1.00	0.10	56	SILO	0	3681718.20	14	20	21	28	114	0	0	0	0	1	0.01	0.01	
0.00	1.00	0.10	60	SILO	0	4078727.36	14	21	23	31	114	0	0	0	0	1	0.01	0.01	
0.00	1.00	0.10	64	SILO	0	4290253.73	14	22	24	34	116	0	0	0	0	1	0.01	0.01	
0.50	0.50	0.10	1	WOUND_WAIT	0	95104.82	10	11	12	12	15	0	0	0	0	0	0.00	0.00	
0.50	0.50	0.10	4	WOUND_WAIT	0	365385.92	11	12	12	13	17	0	0	0	0	0	0.00	0.00	
0.50	0.50	0.10	8	WOUND_WAIT	0	720142.72	11	12	12	13	17	0	0	0	0	0	0.00	0.00	
0.50	0.50	0.10	12	WOUND_WAIT	0	1055973.53	11	12	13	13	19	0	0	0	0	0	0.00	0.00	
0.50	0.50	0.10	16	WOUND_WAIT	0	1356636.53	11	13	13	14	20	0	0	0	0	0	0.00	0.00	
0.50	0.50	0.10	20	WOUND_WAIT	0	1461010.64	13	15	15	17	22	0	0	0	0	0	0.00	0.00	
0.50	0.50	0.10	24	WOUND_WAIT	0	1580483.59	15	16	17	18	24	0	0	0	0	0	0.00	0.00	
0.50	0.50	0.10	28	WOUND_WAIT	0	1800613.70	15	17	18	20	26	0	0	0	0	0	0.00	0.00	
0.50	0.50	0.10	32	WOUND_WAIT	0	1945208.63	16	18	19	21	27	0	0	0	0	0	0.00	0.00	
0.50	0.50	0.10	36	WOUND_WAIT	0	2234232.17	16	18	19	21	30	0	0	0	0	0	0.00	0.00	
0.50	0.50	0.10	40	WOUND_WAIT	0	2400523.45	16	20	21	23	33	0	0	0	0	0	0.00	0.00	
0.50	0.50	0.10	44	WOUND_WAIT	0	2420008.01	18	22	23	25	37	0	0	0	0	0	0.00	0.00	
0.50	0.50	0.10	48	WOUND_WAIT	0	2666490.84	17	22	22	25	37	0	0	0	0	0	0.00	0.00	
0.50	0.50	0.10	52	WOUND_WAIT	0	2876420.97	17	22	23	27	42	0	0	0	0	0	0.00	0.00	
0.50	0.50	0.10	56	WOUND_WAIT	0	3034692.37	17	23	24	27	41	0	0	0	0	0	0.00	0.00	
0.50	0.50	0.10	60	WOUND_WAIT	0	3079971.21	18	24	26	30	51	0	0	0	0	0	0.00	0.00	
0.50	0.50	0.10	64	WOUND_WAIT	0	3196816.29	19	26	27	32	51	0	0	0	0	0	0.00	0.00	
0.50	0.50	0.10	1	DLOCK	0	94200.46	10	11	11	12	14	0	0	0	0	0	0.00	0.00	
0.50	0.50	0.10	4	DLOCK	0	354195.57	11	12	13	14	16	0	0	0	0	0	0.00	0.00	
0.50	0.50	0.10	8	DLOCK	0	707726.97	11	12	13	14	17	0	0	0	0	0	0.00	0.00	
0.50	0.50	0.10	12	DLOCK	0	1050731.77	11	12	12	12	17	0	0	0	0	0	0.00	0.00	
0.50	0.50	0.10	16	DLOCK	0	1387003.06	11	12	12	13	20	0	0	0	0	0	0.00	0.00	
0.50	0.50	0.10	20	DLOCK	0	1472527.99	13	15	16	17	21	0	0	0	0	0	0.00	0.00	
0.50	0.50	0.10	24	DLOCK	0	1590313.05	15	16	17	19	23	0	0	0	0	0	0.00	0.00	
0.50	0.50	0.10	28	DLOCK	0	1726553.84	16	18	18	20	25	0	0	0	0	0	0.00	0.00	
0.50	0.50	0.10	32	DLOCK	0	1939668.27	16	19	19	21	26	0	0	0	0	0	0.00	0.00	
0.50	0.50	0.10	36	DLOCK	0	2235776.86	16	18	19	21	28	0	0	0	0	0	0.00	0.00	
0.50	0.50	0.10	40	DLOCK	0	2345133.71	17	19	20	22	32	0	0	0	0	0	0.00	0.00	
0.50	0.50	0.10	44	DLOCK	0	2498156.65	17	21	22	24	33	0	0	0	0	0	0.00	0.00	
0.50	0.50	0.10	48	DLOCK	0	2653520.87	18	21	22	24	35	0	0	0	0	0	0.00	0.00	
0.50	0.50	0.10	52	DLOCK	0	2997556.32	17	21	22	25	38	0	0	0	0	0	0.00	0.00	
0.50	0.50	0.10	56	DLOCK	0	3049652.36	18	23	24	27	41	0	0	0	0	0	0.00	0.00	
0.50	0.50	0.10	60	DLOCK	0	3233512.19	18	24	26	29	43	0	0	0	0	0	0.00	0.00	
0.50	0.50	0.10	64	DLOCK	0	3346523.21	18	24	25	28	41	0	0	0	0	0	0.00	0.00	
0.50	0.50	0.10	1	SILO	0	103283.18	9	11	11	12	14	0	0	0	0	0	0.00	0.00	
0.50	0.50	0.10	4	SILO	0	405852.18	9	11	11	12	15	0	0	0	0	0	0.00	0.00	
0.50	0.50	0.10	8	SILO	0	814128.78	9	11	11	12	17	0	0	0	0	0	0.00	0.00	
0.50	0.50	0.10	12	SILO	0	1188792.11	10	11	12	12	18	0	0	0	0	0	0.00	0.00	
0.50	0.50	0.10	16	SILO	0	1587780.75	9	10	11	12	23	0	0	0	0	0	0.00	0.00	
0.50	0.50	0.10	20	SILO	0	1722645.54	11	13	14	15	41	0	0	0	0	1	0.00	0.00	
0.50	0.50	0.10	24	SILO	0	1879801.24	12	14	15	16	55	0	0	0	0	1	0.00	0.00	
0.50	0.50	0.10	28	SILO	0	2047159.10	13	15	16	18	69	0	0	0	0	1	0.00	0.00	
0.50	0.50	0.10	32	SILO	0	2241014.20	14	16	17	18	76	0	0	0	0	1	0.00	0.00	
0.50	0.50	0.10	36	SILO	0	2636001.13	13	16	16	18	81	0	0	0	0	1	0.00	0.00	
0.50	0.50	0.10	40	SILO	0	2775741.34	14	17	18	20	87	0	0	0	0	1	0.00	0.00	
0.50	0.50	0.10	44	SILO	0	2983137.18	14	17	18	20	90	0	0	0	0	1	0.00	0.00	
0.50	0.50	0.10	48	SILO	0	3144865.62	15	19	20	23	96	0	0	0	0	1	0.00	0.00	
0.50	0.50	0.10	52	SILO	0	3427360.29	15	19	20	23	98	0	0	0	0	1	0.00	0.00	
0.50	0.50	0.10	56	SILO	0	3710164.77	14	20	21	24	100	0	0	0	0	1	0.00	0.00	
0.50	0.50	0.10	60	SILO	0	3966627.80	14	20	21	25	102	0	0	0	0	1	0.00	0.00	
0.50	0.50	0.10	64	SILO	0	3970057.44	15	21	22	26	104	0	0	0	0	1	0.00	0.00	
0.90	0.10	0.10	1	WOUND_WAIT	0	104048.86	9	11	11	12	15	0	0	0	0	0	0.00	0.00	
0.90	0.10	0.10	4	WOUND_WAIT	0	394848.78	10	10	11	11	17	0	0	0	0	0	0.00	0.00	
0.90	0.10	0.10	8	WOUND_WAIT	0	774064.30	10	11	12	12	17	0	0	0	0	0	0.00	0.00	
0.90	0.10	0.10	12	WOUND_WAIT	0	1119541.55	10	12	12	13	17	0	0	0	0	0	0.00	0.00	
0.90	0.10	0.10	16	WOUND_WAIT	0	1452587.21	11	12	12	13	19	0	0	0	0	0	0.00	0.00	
0.90	0.10	0.10	20	WOUND_WAIT	0	1573503.45	12	14	14	15	21	0	0	0	0	0	0.00	0.00	
0.90	0.10	0.10	24	WOUND_WAIT	0	1733872.06	13	15	15	16	22	0	0	0	0	0	0.00	0.00	
0.90	0.10	0.10	28	WOUND_WAIT	0	1908958.66	14	16	16	18	23	0	0	0	0	0	0.00	0.00	
0.90	0.10	0.10	32	WOUND_WAIT	0	2116608.64	15	17	17	19	24	0	0	0	0	0	0.00	0.00	
0.90	0.10	0.10	36	WOUND_WAIT	0	2414612.05	14	17	18	19	27	0	0	0	0	0	0.00	0.00	
0.90	0.10	0.10	40	WOUND_WAIT	0	2581215.07	15	19	20	22	31	0	0	0	0	0	0.00	0.00	
0.90	0.10	0.10	44	WOUND_WAIT	0	2720464.49	16	19	20	22	31	0	0	0	0	0	0.00	0.00	
0.90	0.10	0.10	48	WOUND_WAIT	0	2909207.23	16	20	20	23	33	0	0	0	0	0	0.00	0.00	
0.90	0.10	0.10	52	WOUND_WAIT	0	3268026.80	15	20	21	23	35	0	0	0	0	0	0.00	0.00	
0.90	0.10	0.10	56	WOUND_WAIT	0	3264726.01	16	21	22	24	36	0	0	0	0	0	0.00	0.00	
0.90	0.10	0.10	60	WOUND_WAIT	0	3387380.15	16	23	25	28	46	0	0	0	0	0	0.00	0.00	
0.90	0.10	0.10	64	WOUND_WAIT	0	3560075.89	17	22	24	27	43	0	0	0	0	0	0.00	0.00	
0.90	0.10	0.10	1	DLOCK	0	101812.25	9	11	11	12	15	0	0	0	0	0	0.00	0.00	
0.90	0.10	0.10	4	DLOCK	0	372194.39	10	12	12	13	16	0	0	0	0	0	0.00	0.00	
0.90	0.10	0.10	8	DLOCK	0	776659.71	10	11	11	11	17	0	0	0	0	0	0.00	0.00	
0.90	0.10	0.10	12	DLOCK	0	1091136.57	11	12	12	13	17	0	0	0	0	0	0.00	0.00	
0.90	0.10	0.10	16	DLOCK	0	1479921.86	10	11	11	12	18	0	0	0	0	0	0.00	0.00	
0.90	0.10	0.10	20	DLOCK	0	1575853.26	12	14	15	16	19	0	0	0	0	0	0.00	0.00	
0.90	0.10	0.10	24	DLOCK	0	1752195.44	13	15	16	17	21	0	0	0	0	0	0.00	0.00	
0.90	0.10	0.10	28	DLOCK	0	1900876.53	14	16	17	18	23	0	0	0	0	0	0.00	0.00	
0.90	0.10	0.10	32	DLOCK	0	2100812.97	15	17	17	19	23	0	0	0	0	0	0.00	0.00	
0.90	0.10	0.10	36	DLOCK	0	2478694.07	14	16	17	19	25	0	0	0	0	0	0.00	0.00	
0.90	0.10	0.10	40	DLOCK	0	2609697.06	15	17	18	20	26	0	0	0	0	0	0.00	0.00	
0.90	0.10	0.10	44	DLOCK	0	2745455.40	16	19	20	22	30	0	0	0	0	0	0.00	0.00	
0.90	0.10	0.10	48	DLOCK	0	2956134.68	16	18	19	21	30	0	0	0	0	0	0.00	0.00	
0.90	0.10	0.10	52	DLOCK	0	3334785.44	15	18	19	21	31	0	0	0	0	0	0.00	0.00	
0.90	0.10	0.10	56	DLOCK	0	3533141.45	15	19	20	22	31	0	0	0	0	0	0.00	0.00	
0.90	0.10	0.10	60	DLOCK	0	3650309.97	16	20	21	24	35	0	0	0	0	0	0.00	0.00	
0.90	0.10	0.10	64	DLOCK	0	3787780.98	16	20	21	23	33	0	0	0	0	0	0.00	0.00	
0.90	0.10	0.10	1	SILO	0	105048.21	9	10	11	11	14	0	0	0	0	0	0.00	0.00	
0.90	0.10	0.10	4	SILO	0	432671.26	9	10	11	12	14	0	0	0	0	0	0.00	0.00	
0.90	0.10	0.10	8	SILO	0	880671.43	9	10	10	11	14	0	0	0	0	0	0.00	0.00	
0.90	0.10	0.10	12	SILO	0	1284005.25	9	10	11	12	16	0	0	0	0	0	0.00	0.00	
0.90	0.10	0.10	16	SILO	0	1676487.75	9	10	11	12	18	0	0	0	0	0	0.00	0.00	
0.90	0.10	0.10	20	SILO	0	1825383.04	10	12	13	14	18	0	0	0	0	0	0.00	0.00	
0.90	0.10	0.10	24	SILO	0	1998412.40	11	13	14	15	20	0	0	0	0	0	0.00	0.00	
0.90	0.10	0.10	28	SILO	0	2177424.97	12	14	15	16	21	0	0	0	0	0	0.00	0.00	
0.90	0.10	0.10	32	SILO	0	2348157.09	13	15	16	17	22	0	0	0	0	0	0.00	0.00	
0.90	0.10	0.10	36	SILO	0	2784154.71	12	15	15	17	25	0	0	0	0	0	0.00	0.00	
0.90	0.10	0.10	40	SILO	0	2919728.71	13	15	16	18	28	0	0	0	0	0	0.00	0.00	
0.90	0.10	0.10	44	SILO	0	3115017.50	14	17	18	20	32	0	0	0	0	0	0.00	0.00	
0.90	0.10	0.10	48	SILO	0	3345540.18	14	16	17	19	35	0	0	0	0	0	0.00	0.00	
0.90	0.10	0.10	52	SILO	0	3716252.84	13	16	17	19	41	0	0	0	0	0	0.00	0.00	
0.90	0.10	0.10	56	SILO	0	3779181.33	14	17	18	20	46	0	0	0	0	0	0.00	0.00	
0.90	0.10	0.10	60	SILO	0	3988619.94	14	18	19	22	45	0	0	0	0	0	0.00	0.00	
0.90	0.10	0.10	64	SILO	0	4340517.70	14	18	20	22	41	0	0	0	0	0	0.00	0.00	
1.00	0.00	0.10	1	WOUND_WAIT	0	106616.87	9	10	10	10	15	0	0	0	0	0	0.00	0.00	
1.00	0.00	0.10	4	WOUND_WAIT	0	388987.35	10	11	12	12	16	0	0	0	0	0	0.00	0.00	
1.00	0.00	0.10	8	WOUND_WAIT	0	773282.54	10	11	12	12	16	0	0	0	0	0	0.00	0.00	
1.00	0.00	0.10	12	WOUND_WAIT	0	1145445.80	10	11	11	11	17	0	0	0	0	0	0.00	0.00	
1.00	0.00	0.10	16	WOUND_WAIT	0	1463230.99	11	12	12	13	17	0	0	0	0	0	0.00	0.00	
1.00	0.00	0.10	20	WOUND_WAIT	0	1608787.38	12	13	14	15	20	0	0	0	0	0	0.00	0.00	
1.00	0.00	0.10	24	WOUND_WAIT	0	1788286.49	13	14	15	16	21	0	0	0	0	0	0.00	0.00	
1.00	0.00	0.10	28	WOUND_WAIT	0	1944576.37	14	16	17	18	24	0	0	0	0	0	0.00	0.00	
1.00	0.00	0.10	32	WOUND_WAIT	0	2139433.67	15	17	17	19	23	0	0	0	0	0	0.00	0.00	
1.00	0.00	0.10	36	WOUND_WAIT	0	2513554.64	14	16	17	19	25	0	0	0	0	0	0.00	0.00	
1.00	0.00	0.10	40	WOUND_WAIT	0	2686983.06	14	17	18	20	28	0	0	0	0	0	0.00	0.00	
1.00	0.00	0.10	44	WOUND_WAIT	0	2762432.26	15	19	20	22	31	0	0	0	0	0	0.00	0.00	
1.00	0.00	0.10	48	WOUND_WAIT	0	3033482.36	15	19	20	22	32	0	0	0	0	0	0.00	0.00	
1.00	0.00	0.10	52	WOUND_WAIT	0	3243511.84	15	21	22	24	37	0	0	0	0	0	0.00	0.00	
1.00	0.00	0.10	56	WOUND_WAIT	0	3317483.35	16	21	22	25	37	0	0	0	0	0	0.00	0.00	
1.00	0.00	0.10	60	WOUND_WAIT	0	3571289.74	16	22	23	26	38	0	0	0	0	0	0.00	0.00	
1.00	0.00	0.10	64	WOUND_WAIT	0	3767563.48	16	23	24	28	40	0	0	0	0	0	0.00	0.00	
1.00	0.00	0.10	1	DLOCK	0	100068.50	10	10	11	11	15	0	0	0	0	0	0.00	0.00	
1.00	0.00	0.10	4	DLOCK	0	382761.67	10	12	12	13	17	0	0	0	0	0	0.00	0.00	
1.00	0.00	0.10	8	DLOCK	0	767914.55	10	11	11	11	17	0	0	0	0	0	0.00	0.00	
1.00	0.00	0.10	12	DLOCK	0	1115152.53	10	12	12	13	17	0	0	0	0	0	0.00	0.00	
1.00	0.00	0.10	16	DLOCK	0	1444187.79	11	12	12	13	18	0	0	0	0	0	0.00	0.00	
1.00	0.00	0.10	20	DLOCK	0	1649478.69	12	14	14	16	19	0	0	0	0	0	0.00	0.00	
1.00	0.00	0.10	24	DLOCK	0	1815426.28	13	15	15	17	20	0	0	0	0	0	0.00	0.00	
1.00	0.00	0.10	28	DLOCK	0	1952315.60	14	16	16	18	22	0	0	0	0	0	0.00	0.00	
1.00	0.00	0.10	32	DLOCK	0	2191741.47	14	16	17	18	22	0	0	0	0	0	0.00	0.00	
1.00	0.00	0.10	36	DLOCK	0	2623662.19	13	16	16	18	22	0	0	0	0	0	0.00	0.00	
1.00	0.00	0.10	40	DLOCK	0	2748715.02	14	16	17	19	25	0	0	0	0	0	0.00	0.00	
1.00	0.00	0.10	44	DLOCK	0	2894817.46	15	18	19	20	28	0	0	0	0	0	0.00	0.00	
1.00	0.00	0.10	48	DLOCK	0	3079406.63	15	18	19	20	28	0	0	0	0	0	0.00	0.00	
1.00	0.00	0.10	52	DLOCK	0	3561690.04	14	17	18	20	27	0	0	0	0	0	0.00	0.00	
1.00	0.00	0.10	56	DLOCK	0	3673766.33	15	18	18	20	29	0	0	0	0	0	0.00	0.00	
1.00	0.00	0.10	60	DLOCK	0	3872272.36	15	19	20	22	30	0	0	0	0	0	0.00	0.00	
1.00	0.00	0.10	64	DLOCK	0	4115502.13	15	19	20	23	32	0	0	0	0	0	0.00	0.00	
1.00	0.00	0.10	1	SILO	0	108382.29	9	9	9	10	13	0	0	0	0	0	0.00	0.00	
1.00	0.00	0.10	4	SILO	0	443054.16	9	10	11	11	14	0	0	0	0	0	0.00	0.00	
1.00	0.00	0.10	8	SILO	0	895145.08	8	10	10	11	14	0	0	0	0	0	0.00	0.00	
1.00	0.00	0.10	12	SILO	0	1326901.34	9	10	10	11	15	0	0	0	0	0	0.00	0.00	
1.00	0.00	0.10	16	SILO	0	1727105.11	9	10	11	11	16	0	0	0	0	0	0.00	0.00	
1.00	0.00	0.10	20	SILO	0	1882812.48	10	12	12	14	17	0	0	0	0	0	0.00	0.00	
1.00	0.00	0.10	24	SILO	0	1999499.78	11	13	14	15	19	0	0	0	0	0	0.00	0.00	
1.00	0.00	0.10	28	SILO	0	2206170.35	12	14	15	16	21	0	0	0	0	0	0.00	0.00	
1.00	0.00	0.10	32	SILO	0	2410469.54	13	15	15	17	21	0	0	0	0	0	0.00	0.00	
1.00	0.00	0.10	36	SILO	0	2999931.89	12	14	15	17	22	0	0	0	0	0	0.00	0.00	
1.00	0.00	0.10	40	SILO	0	3099437.04	12	15	15	17	22	0	0	0	0	0	0.00	0.00	
1.00	0.00	0.10	44	SILO	0	3218695.67	13	16	16	18	24	0	0	0	0	0	0.00	0.00	
1.00	0.00	0.10	48	SILO	0	3500708.21	13	16	17	18	26	0	0	0	0	0	0.00	0.00	
1.00	0.00	0.10	52	SILO	0	4114278.54	12	15	16	18	25	0	0	0	0	0	0.00	0.00	
1.00	0.00	0.10	56	SILO	0	4132402.05	13	17	18	20	28	0	0	0	0	0	0.00	0.00	
1.00	0.00	0.10	60	SILO	0	4393978.61	13	17	19	22	33	0	0	0	0	0	0.00	0.00	
1.00	0.00	0.10	64	SILO	0	4461391.23	14	17	18	21	30	0	0	0	0	0	0.00	0.00	
0.00	1.00	0.90	1	WOUND_WAIT	0	141293.00	7	8	8	9	11	0	0	0	0	0	0.00	0.00	
0.00	1.00	0.90	4	WOUND_WAIT	0	404044.69	8	17	51	112	187	0	0	1	1	2	0.08	0.07	
0.00	1.00	0.90	8	WOUND_WAIT	0	467982.32	13	101	127	199	430	0	1	1	2	5	0.27	0.21	
0.00	1.00	0.90	12	WOUND_WAIT	0	452915.23	27	143	178	257	531	0	1	2	3	5	0.45	0.31	
0.00	1.00	0.90	16	WOUND_WAIT	0	440534.38	60	190	227	295	370	0	2	2	3	4	0.54	0.39	
0.00	1.00	0.90	20	WOUND_WAIT	0	313598.95	121	302	357	457	583	0	2	2	3	5	0.67	0.44	
0.00	1.00	0.90	24	WOUND_WAIT	0	270262.11	181	413	485	614	793	0	2	3	4	5	0.81	0.48	
0.00	1.00	0.90	28	WOUND_WAIT	0	249956.95	242	520	610	766	1017	1	3	3	4	6	0.92	0.51	
0.00	1.00	0.90	32	WOUND_WAIT	0	236514.35	304	625	730	913	1232	1	3	3	5	6	1.03	0.54	
0.00	1.00	0.90	36	WOUND_WAIT	0	206671.40	399	787	919	1154	1759	1	3	4	5	7	1.16	0.56	
0.00	1.00	0.90	40	WOUND_WAIT	0	188747.34	491	939	1099	1377	2433	1	3	4	6	8	1.27	0.58	
0.00	1.00	0.90	44	WOUND_WAIT	0	181608.19	573	1070	1250	1570	3813	1	4	4	6	8	1.38	0.60	
0.00	1.00	0.90	48	WOUND_WAIT	0	172906.82	667	1222	1427	1788	4629	1	4	5	7	9	1.48	0.62	
0.00	1.00	0.90	52	WOUND_WAIT	0	158243.96	786	1422	1659	2081	6564	1	4	5	7	9	1.59	0.64	
0.00	1.00	0.90	56	WOUND_WAIT	0	150412.51	900	1601	1867	2342	7598	1	4	5	7	10	1.69	0.65	
0.00	1.00	0.90	60	WOUND_WAIT	0	140964.08	1024	1798	2099	2644	7371	1	5	6	8	10	1.79	0.66	
0.00	1.00	0.90	64	WOUND_WAIT	0	134608.04	1145	1989	2321	2920	8396	1	5	6	8	10	1.88	0.67	
0.00	1.00	0.90	1	DLOCK	0	140007.28	7	8	9	10	12	0	0	0	0	0	0.00	0.00	
0.00	1.00	0.90	4	DLOCK	0	440757.70	8	15	27	104	167	0	0	1	1	2	0.06	0.05	
0.00	1.00	0.90	8	DLOCK	0	567546.89	10	80	109	160	473	0	1	1	2	5	0.21	0.17	
0.00	1.00	0.90	12	DLOCK	0	542318.63	20	115	141	208	677	0	1	1	2	5	0.33	0.26	
0.00	1.00	0.90	16	DLOCK	0	537352.27	36	141	170	231	852	0	1	2	2	4	0.40	0.32	
0.00	1.00	0.90	20	DLOCK	0	397063.56	84	211	251	324	416	0	1	2	3	3	0.48	0.38	
0.00	1.00	0.90	24	DLOCK	0	370734.80	119	270	320	411	540	0	2	2	3	4	0.55	0.41	
0.00	1.00	0.90	28	DLOCK	0	356704.68	149	325	385	496	637	0	2	2	3	4	0.61	0.44	
0.00	1.00	0.90	32	DLOCK	0	351697.54	178	379	449	580	743	0	2	2	3	4	0.67	0.46	
0.00	1.00	0.90	36	DLOCK	0	323584.85	218	454	536	696	888	0	2	3	4	5	0.73	0.48	
0.00	1.00	0.90	40	DLOCK	0	313859.92	253	517	610	798	1086	0	2	3	4	5	0.78	0.50	
0.00	1.00	0.90	44	DLOCK	0	
0.00	1.00	0.90	48	DLOCK	0	
0.00	1.00	0.90	52	DLOCK	0	285998.09	356	726	852	1135	2030	1	2	3	4	6	0.91	0.54	
0.00	1.00	0.90	56	DLOCK	0	277844.09	394	800	937	1255	2756	1	3	3	5	6	0.95	0.55	
0.00	1.00	0.90	60	DLOCK	0	277822.84	423	863	1008	1351	3055	1	3	3	5	6	0.99	0.56	
0.00	1.00	0.90	64	DLOCK	0	277485.17	455	924	1079	1448	3704	1	3	3	5	7	1.02	0.57	
0.00	1.00	0.90	1	SILO	0	151156.71	6	7	8	8	10	0	0	0	0	0	0.00	0.00	
0.00	1.00	0.90	4	SILO	0	444436.97	7	99	121	226	4739	0	1	2	3	5	0.48	0.37	
0.00	1.00	0.90	8	SILO	0	517754.54	8	113	172	2441	11535	0	2	2	4	7	0.65	0.45	
0.00	1.00	0.90	12	SILO	0	552075.92	8	134	208	4934	13923	0	2	3	4	8	0.73	0.48	
0.00	1.00	0.90	16	SILO	0	578704.82	16	153	269	6495	16035	1	2	3	5	8	0.81	0.51	
0.00	1.00	0.90	20	SILO	0	587992.64	34	193	449	7472	17583	1	3	4	6	11	1.01	0.57	
0.00	1.00	0.90	24	SILO	0	590331.25	42	231	1121	8630	19005	1	3	4	7	14	1.15	0.59	
0.00	1.00	0.90	28	SILO	0	593584.32	50	277	1790	9642	21253	1	3	5	8	16	1.29	0.62	
0.00	1.00	0.90	32	SILO	0	607052.79	56	313	2336	10505	22780	1	3	5	9	17	1.38	0.63	
0.00	1.00	0.90	36	SILO	0	329901.46	117	1448	2910	10173	35253	1	11	24	98	422	6.56	0.65	
0.00	1.00	0.90	40	SILO	0	243602.62	150	1691	3265	12457	59725	1	13	28	127	670	8.51	0.63	
0.00	1.00	0.90	44	SILO	0	231873.73	163	2005	3868	13808	56387	1	15	33	141	619	9.00	0.63	
0.00	1.00	0.90	48	SILO	0	186098.78	146	1988	4063	18039	99999	1	11	26	148	978	9.92	0.61	
0.00	1.00	0.90	52	SILO	0	155239.09	136	2144	4597	22801	99999	1	10	24	158	1198	10.50	0.59	
0.00	1.00	0.90	56	SILO	0	134422.53	147	2442	5257	26224	99999	1	11	25	170	1310	11.46	0.58	
0.00	1.00	0.90	60	SILO	0	120000.97	146	2627	5775	29447	99999	1	10	24	169	1525	12.42	0.57	
0.00	1.00	0.90	64	SILO	0	113488.06	160	3090	6802	33897	99999	1	12	29	202	1524	13.33	0.58	
0.50	0.50	0.90	1	WOUND_WAIT	0	161901.61	6	7	8	8	11	0	0	0	0	0	0.00	0.00	
0.50	0.50	0.90	4	WOUND_WAIT	0	445679.18	8	13	19	101	182	0	0	0	1	2	0.05	0.04	
0.50	0.50	0.90	8	WOUND_WAIT	0	591976.97	10	72	106	160	293	0	1	1	2	4	0.19	0.15	
0.50	0.50	0.90	12	WOUND_WAIT	0	590402.01	16	116	147	231	487	0	1	2	3	5	0.32	0.24	
0.50	0.50	0.90	16	WOUND_WAIT	0	558680.18	28	149	191	298	972	0	1	2	3	8	0.46	0.30	
0.50	0.50	0.90	20	WOUND_WAIT	0	403108.66	72	229	281	384	538	0	2	2	3	4	0.53	0.37	
0.50	0.50	0.90	24	WOUND_WAIT	0	348380.43	116	313	380	513	730	0	2	2	4	5	0.64	0.41	
0.50	0.50	0.90	28	WOUND_WAIT	0	315148.38	160	400	482	644	909	0	2	3	4	6	0.73	0.45	
0.50	0.50	0.90	32	WOUND_WAIT	0	299565.02	205	487	584	776	1117	0	2	3	4	6	0.83	0.47	
0.50	0.50	0.90	36	WOUND_WAIT	0	259546.20	277	622	743	983	1540	0	3	3	5	7	0.94	0.50	
0.50	0.50	0.90	40	WOUND_WAIT	0	240972.84	342	739	881	1161	1987	1	3	4	5	7	1.03	0.52	
0.50	0.50	0.90	44	WOUND_WAIT	0	220991.25	419	885	1052	1390	2467	1	3	4	6	8	1.13	0.54	
0.50	0.50	0.90	48	WOUND_WAIT	0	215986.47	480	988	1173	1546	4084	1	3	4	6	8	1.22	0.56	
0.50	0.50	0.90	52	WOUND_WAIT	0	195416.27	582	1173	1393	1832	4620	1	4	4	6	9	1.32	0.57	
0.50	0.50	0.90	56	WOUND_WAIT	0	179775.23	681	1354	1606	2120	6150	1	4	5	7	9	1.42	0.59	
0.50	0.50	0.90	60	WOUND_WAIT	0	171693.04	775	1513	1793	2370	7374	1	4	5	7	10	1.50	0.60	
0.50	0.50	0.90	64	WOUND_WAIT	0	165270.93	868	1675	1981	2618	8170	1	4	5	7	10	1.59	0.61	
0.50	0.50	0.90	1	DLOCK	0	158299.16	6	7	8	9	11	0	0	0	0	0	0.00	0.00	
0.50	0.50	0.90	4	DLOCK	0	578897.21	6	9	10	19	106	0	0	0	0	1	0.01	0.01	
0.50	0.50	0.90	8	DLOCK	0	948568.35	7	13	24	101	173	0	0	0	1	2	0.05	0.04	
0.50	0.50	0.90	12	DLOCK	0	
0.50	0.50	0.90	16	DLOCK	0	1118225.55	8	66	104	165	545	0	1	1	2	4	0.16	0.12	
0.50	0.50	0.90	20	DLOCK	0	862485.41	10	101	132	201	477	0	1	1	2	3	0.18	0.14	
0.50	0.50	0.90	24	DLOCK	0	759467.56	12	139	173	253	730	0	1	1	2	3	0.21	0.17	
0.50	0.50	0.90	28	DLOCK	0	724513.77	14	175	213	301	417	0	1	1	2	3	0.24	0.20	
0.50	0.50	0.90	32	DLOCK	0	712783.67	17	209	251	354	492	0	1	1	2	3	0.27	0.21	
0.50	0.50	0.90	36	DLOCK	0	653129.51	21	260	308	433	593	0	1	2	3	4	0.30	0.23	
0.50	0.50	0.90	40	DLOCK	0	628382.92	26	305	358	503	674	0	1	2	3	4	0.33	0.24	
0.50	0.50	0.90	44	DLOCK	0	613985.12	32	348	406	569	764	0	1	2	3	4	0.35	0.25	
0.50	0.50	0.90	48	DLOCK	0	
0.50	0.50	0.90	52	DLOCK	0	577481.90	45	448	515	718	964	0	1	2	3	5	0.40	0.27	
0.50	0.50	0.90	56	DLOCK	0	550887.21	52	508	579	805	1095	0	1	2	4	5	0.42	0.28	
0.50	0.50	0.90	60	DLOCK	0	546836.23	59	554	631	877	1190	0	2	2	4	5	0.44	0.28	
0.50	0.50	0.90	64	DLOCK	0	535150.54	66	604	684	952	1318	0	2	2	4	6	0.46	0.29	
0.50	0.50	0.90	1	SILO	0	169785.84	5	7	7	8	10	0	0	0	0	0	0.00	0.00	
0.50	0.50	0.90	4	SILO	0	564577.91	6	78	99	154	248	0	1	1	2	4	0.28	0.24	
0.50	0.50	0.90	8	SILO	0	856593.62	7	100	127	237	5991	0	1	2	3	5	0.50	0.38	
0.50	0.50	0.90	12	SILO	0	962663.91	7	107	153	775	9479	0	2	2	4	6	0.59	0.42	
0.50	0.50	0.90	16	SILO	0	1027582.15	7	112	171	2639	11702	0	2	2	4	7	0.65	0.45	
0.50	0.50	0.90	20	SILO	0	1049261.87	18	145	213	3449	12753	1	2	3	5	9	0.82	0.52	
0.50	0.50	0.90	24	SILO	0	1072421.65	31	169	259	4273	13514	1	2	3	6	11	0.96	0.56	
0.50	0.50	0.90	28	SILO	0	1109487.40	37	183	294	5166	14241	1	3	4	6	12	1.04	0.58	
0.50	0.50	0.90	32	SILO	0	1127775.17	41	196	340	5906	15466	1	3	4	7	13	1.09	0.59	
0.50	0.50	0.90	36	SILO	0	1113350.35	49	227	442	6585	16423	1	3	4	8	17	1.25	0.61	
0.50	0.50	0.90	40	SILO	0	1097547.53	55	263	595	7290	17638	1	3	5	10	22	1.40	0.63	
0.50	0.50	0.90	44	SILO	0	1091963.14	62	362	1051	7820	19679	1	4	6	17	104	2.06	0.63	
0.50	0.50	0.90	48	SILO	0	511448.84	108	878	1686	6898	42577	1	8	16	77	528	5.92	0.61	
0.50	0.50	0.90	52	SILO	0	431005.14	111	1000	1954	8148	53803	1	8	17	83	609	6.40	0.60	
0.50	0.50	0.90	56	SILO	0	383509.62	119	1201	2385	9956	61949	1	9	20	98	678	6.93	0.60	
0.50	0.50	0.90	60	SILO	0	361672.40	126	1383	2750	11521	64735	1	10	22	109	697	7.41	0.60	
0.50	0.50	0.90	64	SILO	0	345708.97	119	1288	2628	12067	80798	1	8	19	105	827	7.72	0.58	
0.90	0.10	0.90	1	WOUND_WAIT	0	182694.98	5	6	7	8	10	0	0	0	0	0	0.00	0.00	
0.90	0.10	0.90	4	WOUND_WAIT	0	575017.35	6	8	9	13	93	0	0	0	0	1	0.00	0.00	
0.90	0.10	0.90	8	WOUND_WAIT	0	967801.97	7	11	15	78	143	0	0	0	1	2	0.02	0.02	
0.90	0.10	0.90	12	WOUND_WAIT	0	1217633.56	8	17	30	107	186	0	0	0	1	2	0.05	0.05	
0.90	0.10	0.90	16	WOUND_WAIT	0	1268277.23	8	30	70	136	299	0	0	1	2	3	0.09	0.07	
0.90	0.10	0.90	20	WOUND_WAIT	0	955109.93	12	58	109	214	1070	0	0	1	2	6	0.14	0.09	
0.90	0.10	0.90	24	WOUND_WAIT	0	815296.63	18	85	133	247	1227	0	1	1	2	6	0.16	0.11	
0.90	0.10	0.90	28	WOUND_WAIT	0	744094.09	28	116	163	272	500	0	1	1	2	4	0.16	0.13	
0.90	0.10	0.90	32	WOUND_WAIT	0	684927.44	39	148	201	336	602	0	1	1	2	4	0.19	0.15	
0.90	0.10	0.90	36	WOUND_WAIT	0	594558.99	55	193	257	425	733	0	1	1	2	4	0.23	0.17	
0.90	0.10	0.90	40	WOUND_WAIT	0	528359.43	74	242	320	526	900	0	1	1	3	5	0.26	0.20	
0.90	0.10	0.90	44	WOUND_WAIT	0	497729.85	92	286	377	617	1060	0	1	2	3	5	0.30	0.22	
0.90	0.10	0.90	48	WOUND_WAIT	0	467427.45	113	331	434	699	1201	0	1	2	3	5	0.33	0.24	
0.90	0.10	0.90	52	WOUND_WAIT	0	414174.32	144	407	532	853	1504	0	1	2	3	5	0.36	0.25	
0.90	0.10	0.90	56	WOUND_WAIT	0	394115.82	169	465	605	962	1755	0	1	2	3	6	0.39	0.27	
0.90	0.10	0.90	60	WOUND_WAIT	0	362967.03	201	543	704	1118	2046	0	1	2	4	6	0.42	0.28	
0.90	0.10	0.90	64	WOUND_WAIT	0	354204.39	227	600	777	1226	2467	0	2	2	4	6	0.45	0.30	
0.90	0.10	0.90	1	DLOCK	0	190332.47	5	6	7	8	10	0	0	0	0	0	0.00	0.00	
0.90	0.10	0.90	4	DLOCK	0	631763.47	6	7	8	9	12	0	0	0	0	0	0.00	0.00	
0.90	0.10	0.90	8	DLOCK	0	1320773.17	6	7	8	10	16	0	0	0	0	0	0.00	0.00	
0.90	0.10	0.90	12	DLOCK	0	1902685.23	6	7	8	12	44	0	0	0	0	1	0.00	0.00	
0.90	0.10	0.90	16	DLOCK	0	2394670.31	6	8	9	14	82	0	0	0	0	1	0.00	0.00	
0.90	0.10	0.90	20	DLOCK	0	2372151.09	7	10	11	23	112	0	0	0	0	1	0.01	0.00	
0.90	0.10	0.90	24	DLOCK	0	2547251.13	8	11	13	40	156	0	0	0	0	2	0.01	0.01	
0.90	0.10	0.90	28	DLOCK	0	2699193.48	8	12	16	67	241	0	0	0	1	2	0.01	0.01	
0.90	0.10	0.90	32	DLOCK	0	2856881.91	9	12	18	91	303	0	0	0	1	2	0.02	0.02	
0.90	0.10	0.90	36	DLOCK	0	2746807.12	9	13	23	119	572	0	0	0	1	4	0.03	0.02	
0.90	0.10	0.90	40	DLOCK	0	
0.90	0.10	0.90	44	DLOCK	0	
0.90	0.10	0.90	48	DLOCK	0	2532747.04	10	17	74	190	689	0	0	0	1	4	0.05	0.03	
0.90	0.10	0.90	52	DLOCK	0	
0.90	0.10	0.90	56	DLOCK	0	
0.90	0.10	0.90	60	DLOCK	0	
0.90	0.10	0.90	64	DLOCK	0	2253014.73	11	64	196	330	663	0	0	0	2	4	0.07	0.04	
0.90	0.10	0.90	1	SILO	0	181068.90	5	6	7	8	9	0	0	0	0	0	0.00	0.00	
0.90	0.10	0.90	4	SILO	0	765740.99	5	7	21	94	114	0	0	1	1	2	0.06	0.06	
0.90	0.10	0.90	8	SILO	0	1471272.56	5	30	72	105	175	0	1	1	1	2	0.13	0.12	
0.90	0.10	0.90	12	SILO	0	2130866.43	5	59	88	116	200	0	1	1	2	3	0.21	0.18	
0.90	0.10	0.90	16	SILO	0	2687283.18	5	73	96	144	235	0	1	1	2	3	0.27	0.24	
0.90	0.10	0.90	20	SILO	0	2796500.76	6	84	103	166	271	0	1	1	2	4	0.34	0.28	
0.90	0.10	0.90	24	SILO	0	3074235.28	7	91	108	181	309	0	1	2	3	4	0.40	0.33	
0.90	0.10	0.90	28	SILO	0	3357421.16	8	96	112	194	376	0	1	2	3	5	0.45	0.36	
0.90	0.10	0.90	32	SILO	0	3584060.59	8	100	120	209	964	0	1	2	3	5	0.50	0.39	
0.90	0.10	0.90	36	SILO	0	3776298.98	9	104	135	232	2225	0	1	2	3	6	0.56	0.42	
0.90	0.10	0.90	40	SILO	0	3911271.31	9	108	147	253	3215	0	2	2	4	6	0.61	0.44	
0.90	0.10	0.90	44	SILO	0	4050133.91	10	111	157	275	4285	0	2	2	4	7	0.65	0.46	
0.90	0.10	0.90	48	SILO	0	4180450.25	11	115	166	297	4970	0	2	2	4	7	0.69	0.48	
0.90	0.10	0.90	52	SILO	0	4227999.37	13	124	178	341	5913	0	2	3	5	8	0.75	0.50	
0.90	0.10	0.90	56	SILO	0	4253507.61	20	136	192	385	6359	1	2	3	5	9	0.81	0.52	
0.90	0.10	0.90	60	SILO	0	4324995.11	25	145	202	431	6762	1	2	3	5	10	0.86	0.53	
0.90	0.10	0.90	64	SILO	0	4350785.75	27	154	216	516	7719	1	2	3	6	11	0.90	0.54	
1.00	0.00	0.90	1	WOUND_WAIT	0	174664.26	5	6	7	8	10	0	0	0	0	0	0.00	0.00	
1.00	0.00	0.90	4	WOUND_WAIT	0	591509.20	6	7	8	8	11	0	0	0	0	0	0.00	0.00	
1.00	0.00	0.90	8	WOUND_WAIT	0	1119391.55	7	8	8	10	13	0	0	0	0	0	0.00	0.00	
1.00	0.00	0.90	12	WOUND_WAIT	0	1574502.78	7	9	9	12	15	0	0	0	0	0	0.00	0.00	
1.00	0.00	0.90	16	WOUND_WAIT	0	1974456.62	7	9	11	14	18	0	0	0	0	0	0.00	0.00	
1.00	0.00	0.90	20	WOUND_WAIT	0	1712165.12	9	17	21	28	39	0	0	0	0	0	0.00	0.00	
1.00	0.00	0.90	24	WOUND_WAIT	0	1507960.42	12	27	33	46	63	0	0	0	0	0	0.00	0.00	
1.00	0.00	0.90	28	WOUND_WAIT	0	1435784.16	13	37	45	62	84	0	0	0	0	0	0.00	0.00	
1.00	0.00	0.90	32	WOUND_WAIT	0	1355070.28	13	50	60	83	114	0	0	0	0	0	0.00	0.00	
1.00	0.00	0.90	36	WOUND_WAIT	0	1194490.90	14	70	84	116	161	0	0	0	0	0	0.00	0.00	
1.00	0.00	0.90	40	WOUND_WAIT	0	1088399.49	14	90	109	150	210	0	0	0	0	0	0.00	0.00	
1.00	0.00	0.90	44	WOUND_WAIT	0	1055751.31	14	105	127	175	246	0	0	0	0	0	0.00	0.00	
1.00	0.00	0.90	48	WOUND_WAIT	0	1020478.38	14	121	148	205	290	0	0	0	0	0	0.00	0.00	
1.00	0.00	0.90	52	WOUND_WAIT	0	931845.25	14	148	180	251	360	0	0	0	0	0	0.00	0.00	
1.00	0.00	0.90	56	WOUND_WAIT	0	884060.20	15	171	209	291	419	0	0	0	0	0	0.00	0.00	
1.00	0.00	0.90	60	WOUND_WAIT	0	828103.42	15	199	245	342	502	0	0	0	0	0	0.00	0.00	
1.00	0.00	0.90	64	WOUND_WAIT	0	831089.05	15	212	261	364	540	0	0	0	0	0	0.00	0.00	
1.00	0.00	0.90	1	DLOCK	0	193441.01	5	6	6	7	9	0	0	0	0	0	0.00	0.00	
1.00	0.00	0.90	4	DLOCK	0	677645.74	5	7	7	8	10	0	0	0	0	0	0.00	0.00	
1.00	0.00	0.90	8	DLOCK	0	1368288.31	5	7	7	8	10	0	0	0	0	0	0.00	0.00	
1.00	0.00	0.90	12	DLOCK	0	1997946.37	6	7	7	8	11	0	0	0	0	0	0.00	0.00	
1.00	0.00	0.90	16	DLOCK	0	2642719.19	5	7	7	8	11	0	0	0	0	0	0.00	0.00	
1.00	0.00	0.90	20	DLOCK	0	2834421.29	6	8	9	10	13	0	0	0	0	0	0.00	0.00	
1.00	0.00	0.90	24	DLOCK	0	3201919.33	7	9	9	11	14	0	0	0	0	0	0.00	0.00	
1.00	0.00	0.90	28	DLOCK	0	3503061.78	7	9	10	11	14	0	0	0	0	0	0.00	0.00	
1.00	0.00	0.90	32	DLOCK	0	3931077.97	8	10	10	12	14	0	0	0	0	0	0.00	0.00	
1.00	0.00	0.90	36	DLOCK	0	4314222.78	8	10	10	12	15	0	0	0	0	0	0.00	0.00	
1.00	0.00	0.90	40	DLOCK	0	4580248.42	8	10	11	12	16	0	0	0	0	0	0.00	0.00	
1.00	0.00	0.90	44	DLOCK	0	4828528.42	9	11	12	13	17	0	0	0	0	0	0.00	0.00	
1.00	0.00	0.90	48	DLOCK	0	5095637.83	9	11	12	14	18	0	0	0	0	0	0.00	0.00	
1.00	0.00	0.90	52	DLOCK	0	5321676.71	9	12	13	15	19	0	0	0	0	0	0.00	0.00	
1.00	0.00	0.90	56	DLOCK	0	5497250.09	10	12	13	16	20	0	0	0	0	0	0.00	0.00	
1.00	0.00	0.90	60	DLOCK	0	5604931.31	10	13	14	17	22	0	0	0	0	0	0.00	0.00	
1.00	0.00	0.90	64	DLOCK	0	5843886.84	10	14	15	18	23	0	0	0	0	0	0.00	0.00	
1.00	0.00	0.90	1	SILO	0	186233.99	5	6	6	7	9	0	0	0	0	0	0.00	0.00	
1.00	0.00	0.90	4	SILO	0	820110.83	4	6	6	7	9	0	0	0	0	0	0.00	0.00	
1.00	0.00	0.90	8	SILO	0	1636293.84	4	6	6	7	9	0	0	0	0	0	0.00	0.00	
1.00	0.00	0.90	12	SILO	0	2427842.57	4	6	6	7	9	0	0	0	0	0	0.00	0.00	
1.00	0.00	0.90	16	SILO	0	3185042.07	5	6	6	7	10	0	0	0	0	0	0.00	0.00	
1.00	0.00	0.90	20	SILO	0	3650355.48	5	7	7	8	11	0	0	0	0	0	0.00	0.00	
1.00	0.00	0.90	24	SILO	0	4118216.84	5	7	8	9	12	0	0	0	0	0	0.00	0.00	
1.00	0.00	0.90	28	SILO	0	4609680.49	5	7	8	9	13	0	0	0	0	0	0.00	0.00	
1.00	0.00	0.90	32	SILO	0	5178589.73	6	8	8	10	13	0	0	0	0	0	0.00	0.00	
1.00	0.00	0.90	36	SILO	0	5867727.07	6	8	8	10	12	0	0	0	0	0	0.00	0.00	
1.00	0.00	0.90	40	SILO	0	6334009.31	6	8	9	10	13	0	0	0	0	0	0.00	0.00	
1.00	0.00	0.90	44	SILO	0	6852621.85	6	8	9	10	14	0	0	0	0	0	0.00	0.00	
1.00	0.00	0.90	48	SILO	0	7320955.93	6	8	9	11	14	0	0	0	0	0	0.00	0.00	
1.00	0.00	0.90	52	SILO	0	8033023.29	6	8	9	11	15	0	0	0	0	0	0.00	0.00	
1.00	0.00	0.90	56	SILO	0	8404987.17	6	9	10	11	16	0	0	0	0	0	0.00	0.00	
1.00	0.00	0.90	60	SILO	0	8774742.41	6	9	10	12	16	0	0	0	0	0	0.00	0.00	
1.00	0.00	0.90	64	SILO	0	9352097.59	6	9	10	12	16	0	0	0	0	0	0.00	0.00	
