Rd	Wt	Zip	T	CC	TP	P50	P90	P99	P999	Abt
0.00	1.00	0.90	1	WOUND_WAIT	0	170425.98	5	6	7	8	11	0	0	0	0	0	0.00	0.00	
0.00	1.00	0.90	4	WOUND_WAIT	0	404487.98	8	17	55	116	207	0	0	1	1	3	0.08	0.07	
0.00	1.00	0.90	8	WOUND_WAIT	0	476305.23	11	107	135	229	612	0	1	2	3	7	0.31	0.23	
0.00	1.00	0.90	12	WOUND_WAIT	0	438812.85	13	147	203	378	4959	0	1	2	4	20	0.64	0.27	
0.00	1.00	0.90	16	WOUND_WAIT	0	398208.93	12	172	247	505	7316	0	2	2	5	28	1.05	0.27	
0.00	1.00	0.90	20	WOUND_WAIT	0	323041.55	16	208	290	590	11979	0	2	2	5	35	1.04	0.28	
0.00	1.00	0.90	24	WOUND_WAIT	0	330895.49	19	259	346	551	4868	0	2	3	4	14	1.01	0.32	
0.00	1.00	0.90	28	WOUND_WAIT	0	242604.10	28	353	462	703	14552	0	2	3	5	20	1.11	0.34	
0.00	1.00	0.90	32	WOUND_WAIT	0	230663.01	43	445	571	838	8140	0	2	3	5	12	1.10	0.37	
0.00	1.00	0.90	36	WOUND_WAIT	0	211543.03	61	581	736	1052	19231	0	2	3	5	17	1.19	0.40	
0.00	1.00	0.90	40	WOUND_WAIT	0	201163.16	95	729	907	1270	17576	0	3	4	5	19	1.20	0.43	
0.00	1.00	0.90	44	WOUND_WAIT	0	177993.29	134	907	1116	1585	25549	0	3	4	6	39	1.40	0.45	
0.00	1.00	0.90	48	WOUND_WAIT	0	173574.68	226	1067	1288	1715	12255	0	3	4	6	15	1.42	0.49	
0.00	1.00	0.90	52	WOUND_WAIT	0	160913.17	421	1287	1532	1998	24727	1	4	5	7	16	1.55	0.54	
0.00	1.00	0.90	56	WOUND_WAIT	0	152120.98	724	1512	1791	2398	29427	1	4	5	7	28	1.66	0.59	
0.00	1.00	0.90	60	WOUND_WAIT	0	149428.21	926	1703	1996	2562	18624	1	4	5	8	18	1.75	0.63	
0.00	1.00	0.90	64	WOUND_WAIT	0	146124.02	1084	1883	2190	2724	9697	1	5	6	8	10	1.84	0.67	
0.00	1.00	0.90	1	DLOCK	0	167660.97	5	7	7	8	10	0	0	0	0	0	0.00	0.00	
0.00	1.00	0.90	4	DLOCK	0	455010.99	7	14	30	107	184	0	0	1	1	2	0.06	0.05	
0.00	1.00	0.90	8	DLOCK	0	
0.00	1.00	0.90	12	DLOCK	0	562070.35	11	116	153	279	3337	0	1	2	3	14	0.38	0.23	
0.00	1.00	0.90	16	DLOCK	0	548391.19	10	131	195	530	7070	0	1	2	4	25	0.45	0.22	
0.00	1.00	0.90	20	DLOCK	0	486129.91	15	163	211	328	1295	0	1	2	3	7	0.42	0.28	
0.00	1.00	0.90	24	DLOCK	0	396340.01	17	194	252	404	4109	0	1	2	3	11	0.44	0.27	
0.00	1.00	0.90	28	DLOCK	0	371415.83	22	225	287	449	4551	0	1	2	3	10	0.48	0.29	
0.00	1.00	0.90	32	DLOCK	0	358110.75	33	260	326	497	1409	0	1	2	3	6	0.48	0.32	
0.00	1.00	0.90	36	DLOCK	0	352028.42	22	328	415	665	6231	0	2	2	4	13	0.54	0.30	
0.00	1.00	0.90	40	DLOCK	0	341015.68	31	380	473	736	7443	0	2	2	4	10	0.56	0.32	
0.00	1.00	0.90	44	DLOCK	0	348403.60	38	427	525	805	8837	0	2	2	4	10	0.57	0.34	
0.00	1.00	0.90	48	DLOCK	0	322241.90	51	493	598	902	5296	0	2	2	4	8	0.61	0.36	
0.00	1.00	0.90	52	DLOCK	0	312808.47	72	580	693	1035	11569	0	2	2	4	10	0.67	0.38	
0.00	1.00	0.90	56	DLOCK	0	305594.76	80	658	781	1139	7746	0	2	3	4	7	0.66	0.39	
0.00	1.00	0.90	60	DLOCK	0	294958.39	105	729	859	1254	8851	0	2	3	4	8	0.74	0.41	
0.00	1.00	0.90	64	DLOCK	0	287831.13	120	805	946	1365	12921	0	2	3	5	9	0.78	0.42	
0.00	1.00	0.90	1	SILO	0	223047.46	4	4	5	7	9	0	0	0	0	0	0.00	0.00	
0.00	1.00	0.90	4	SILO	0	446028.21	7	99	120	219	4227	0	1	2	3	5	0.48	0.37	
0.00	1.00	0.90	8	SILO	0	523502.14	7	111	168	2498	11367	0	2	2	4	7	0.63	0.44	
0.00	1.00	0.90	12	SILO	0	559101.02	8	133	205	4793	14461	0	2	3	4	8	0.73	0.48	
0.00	1.00	0.90	16	SILO	0	583449.20	15	153	267	6439	16067	1	2	3	5	8	0.81	0.51	
0.00	1.00	0.90	20	SILO	0	587667.47	31	192	440	7577	17656	1	3	3	6	11	1.00	0.56	
0.00	1.00	0.90	24	SILO	0	599065.70	44	233	971	8478	19037	1	3	4	7	14	1.17	0.60	
0.00	1.00	0.90	28	SILO	0	607469.59	52	270	1618	9481	20869	1	3	5	8	16	1.29	0.62	
0.00	1.00	0.90	32	SILO	0	607777.27	55	309	2335	10621	22536	1	3	5	9	17	1.37	0.63	
0.00	1.00	0.90	36	SILO	0	597301.68	67	543	2886	11448	25672	1	4	7	18	94	2.10	0.65	
0.00	1.00	0.90	40	SILO	0	244468.22	147	1678	3278	12791	59408	1	13	28	131	672	8.53	0.63	
0.00	1.00	0.90	44	SILO	0	205296.99	150	1915	3778	15266	78404	1	12	28	142	825	9.30	0.62	
0.00	1.00	0.90	48	SILO	0	194012.01	147	2027	4113	17915	97907	1	12	27	152	958	9.84	0.61	
0.00	1.00	0.90	52	SILO	0	165697.99	155	2520	5175	21366	99999	1	14	32	173	938	10.49	0.60	
0.00	1.00	0.90	56	SILO	0	136576.51	156	2691	5722	26309	99999	1	12	29	182	1205	11.59	0.59	
0.00	1.00	0.90	60	SILO	0	128670.20	156	2933	6299	29643	99999	1	12	30	197	1337	12.25	0.59	
0.00	1.00	0.90	64	SILO	0	116278.02	157	3179	6913	34428	99999	1	12	30	210	1528	13.31	0.58	
0.50	0.50	0.90	1	WOUND_WAIT	0	211198.16	4	5	5	6	9	0	0	0	0	0	0.00	0.00	
0.50	0.50	0.90	4	WOUND_WAIT	0	