Rd	Wt	Zip	T	CC	TP	P50	P90	P99	P999	Abt
0.90	0.10	0.90	4	WAIT_DIE	10	1037537.41	3	4	5	35	57	|	0	0	0	1	2	|	10234
0.90	0.10	0.90	8	WAIT_DIE	10	1928307.71	3	5	8	52	63	|	0	0	0	1	9	|	64949
0.90	0.10	0.90	12	WAIT_DIE	10	2682184.79	4	6	34	56	82	|	0	0	1	3	15	|	177862
0.90	0.10	0.90	16	WAIT_DIE	10	3181237.77	4	16	43	62	98	|	0	1	1	4	21	|	353350
0.90	0.10	0.90	20	WAIT_DIE	10	2555296.20	4	36	57	103	219	|	0	1	1	9	58	|	956695
0.90	0.10	0.90	24	WAIT_DIE	10	1964065.49	5	49	78	195	554	|	0	1	2	23	165	|	2891666
0.90	0.10	0.90	28	WAIT_DIE	10	1249958.30	5	59	105	332	1423	|	0	1	5	46	333	|	8999090
0.90	0.10	0.90	32	WAIT_DIE	10	766029.88	5	70	140	572	4964	|	0	2	8	82	681	|	18786291
0.90	0.10	0.90	4	WAIT_DIE	30	1089634.75	3	4	4	44	73	|	0	0	0	1	3	|	10406
0.90	0.10	0.90	8	WAIT_DIE	30	1928207.18	3	5	9	68	81	|	0	0	0	1	10	|	64997
0.90	0.10	0.90	12	WAIT_DIE	30	2711829.24	4	6	42	72	96	|	0	0	1	3	16	|	184144
0.90	0.10	0.90	16	WAIT_DIE	30	3197002.09	4	17	55	78	117	|	0	1	1	4	23	|	362803
0.90	0.10	0.90	20	WAIT_DIE	30	2544174.48	5	43	69	116	225	|	0	1	1	8	55	|	917041
0.90	0.10	0.90	24	WAIT_DIE	30	1970668.38	5	59	91	214	587	|	0	1	2	22	152	|	2710439
0.90	0.10	0.90	28	WAIT_DIE	30	1507682.85	5	70	118	356	1453	|	0	1	4	43	312	|	6486745
0.90	0.10	0.90	32	WAIT_DIE	30	837224.32	5	81	155	629	5021	|	0	1	7	78	671	|	17657517
0.90	0.10	0.90	4	WAIT_DIE	300	1087093.79	3	4	4	171	303	|	0	0	0	1	4	|	12018
0.90	0.10	0.90	8	WAIT_DIE	300	1907355.34	3	5	7	273	312	|	0	0	0	2	14	|	81512
0.90	0.10	0.90	12	WAIT_DIE	300	2600479.55	4	5	125	280	342	|	0	0	1	4	26	|	219770
0.90	0.10	0.90	16	WAIT_DIE	300	3148258.26	4	10	196	286	368	|	0	0	1	6	35	|	437153
0.90	0.10	0.90	20	WAIT_DIE	300	2552348.09	4	142	233	336	458	|	0	1	1	8	59	|	878920
0.90	0.10	0.90	24	WAIT_DIE	300	2041079.10	5	183	267	447	911	|	0	1	1	14	130	|	1998558
0.90	0.10	0.90	28	WAIT_DIE	300	1544071.40	5	208	301	680	2204	|	0	1	2	30	275	|	5116256
0.90	0.10	0.90	32	WAIT_DIE	300	1009140.17	5	236	369	1190	7269	|	0	1	5	62	561	|	12721322
0.90	0.10	0.90	4	WAIT_DIE	1000	1075892.99	3	4	4	466	887	|	0	0	0	1	4	|	12633
0.90	0.10	0.90	8	WAIT_DIE	1000	1906513.68	3	5	7	762	896	|	0	0	0	2	16	|	81980
0.90	0.10	0.90	12	WAIT_DIE	1000	2564054.16	4	5	275	789	923	|	0	0	1	4	29	|	231668
0.90	0.10	0.90	16	WAIT_DIE	1000	3018971.60	4	8	489	789	976	|	0	0	1	6	39	|	476170
0.90	0.10	0.90	20	WAIT_DIE	1000	2526198.47	4	268	603	866	1121	|	0	1	1	9	58	|	899698
0.90	0.10	0.90	24	WAIT_DIE	1000	2170120.96	5	455	704	1066	1684	|	0	1	1	11	98	|	1599200
0.90	0.10	0.90	28	WAIT_DIE	1000	1680936.48	5	549	800	1467	3657	|	0	1	2	22	212	|	4018049
0.90	0.10	0.90	32	WAIT_DIE	1000	988164.62	5	620	904	2188	7630	|	0	1	3	42	412	|	11705280
Rd	Wt	Zip	T	CC	TP	P50	P90	P99	P999	Abt
0.90	0.10	0.90	4	SILO	10	1291727.88	3	4	4	21	53	|	0	0	0	1	1	|	5751
0.90	0.10	0.90	8	SILO	10	2607206.66	2	4	4	41	1714	|	0	0	0	1	2	|	27431
0.90	0.10	0.90	12	SILO	10	3944555.68	2	4	6	47	5025	|	0	0	1	1	2	|	64229
0.90	0.10	0.90	16	SILO	10	5031283.21	3	4	17	50	6253	|	0	0	1	1	3	|	120066
0.90	0.10	0.90	20	SILO	10	5477627.22	3	5	26	52	8339	|	0	0	1	2	3	|	186080
0.90	0.10	0.90	24	SILO	10	6430317.58	3	6	31	52	8348	|	0	1	1	2	3	|	277053
0.90	0.10	0.90	28	SILO	10	7019383.25	3	12	35	53	8841	|	0	1	1	2	4	|	369669
0.90	0.10	0.90	32	SILO	10	7672653.00	4	17	38	54	7240	|	0	1	1	2	4	|	501558
0.90	0.10	0.90	36	SILO	10	8158697.11	4	22	41	55	9766	|	0	1	1	3	5	|	657474
0.90	0.10	0.90	40	SILO	10	8594504.03	4	26	43	56	9418	|	0	1	1	3	6	|	812978
0.90	0.10	0.90	44	SILO	10	8939872.08	4	29	44	60	13732	|	0	1	2	3	6	|	1021526
0.90	0.10	0.90	48	SILO	10	9388096.41	4	32	45	60	9964	|	0	1	2	4	7	|	1255389
0.90	0.10	0.90	52	SILO	10	9548204.40	4	34	46	63	8030	|	0	1	2	4	7	|	1500949
0.90	0.10	0.90	56	SILO	10	9466905.82	5	36	48	66	9200	|	0	1	2	4	8	|	1730902
0.90	0.10	0.90	60	SILO	10	9813034.12	5	38	49	70	10732	|	0	1	2	5	8	|	2151897
0.90	0.10	0.90	64	SILO	10	9822897.22	5	39	51	75	11439	|	0	1	2	5	9	|	2398562
0.90	0.10	0.90	4	SILO	30	1288967.66	3	4	4	26	69	|	0	0	0	1	1	|	5773
0.90	0.10	0.90	8	SILO	30	2564555.23	3	4	4	54	294	|	0	0	0	1	2	|	27368
0.90	0.10	0.90	12	SILO	30	3851780.74	3	4	6	62	4730	|	0	0	1	1	2	|	63765
0.90	0.10	0.90	16	SILO	30	5140506.83	3	4	22	65	7612	|	0	0	1	1	3	|	118662
0.90	0.10	0.90	20	SILO	30	5531213.04	3	5	33	68	8283	|	0	0	1	2	3	|	194370
0.90	0.10	0.90	24	SILO	30	6295574.92	3	7	41	69	8001	|	0	1	1	2	4	|	279694
0.90	0.10	0.90	28	SILO	30	7052080.23	3	14	46	69	8389	|	0	1	1	2	4	|	384444
0.90	0.10	0.90	32	SILO	30	7733658.87	3	21	49	70	7190	|	0	1	1	3	5	|	549772
0.90	0.10	0.90	36	SILO	30	8092705.76	4	28	53	72	10156	|	0	1	1	3	5	|	691485
0.90	0.10	0.90	40	SILO	30	8512605.99	4	33	55	73	9559	|	0	1	1	3	6	|	845836
0.90	0.10	0.90	44	SILO	30	8679755.65	4	37	57	76	9991	|	0	1	2	3	7	|	1052243
0.90	0.10	0.90	48	SILO	30	9225509.72	4	40	58	78	8691	|	0	1	2	4	7	|	1301033
0.90	0.10	0.90	52	SILO	30	9303829.67	4	43	60	83	9461	|	0	1	2	4	8	|	1529321
0.90	0.10	0.90	56	SILO	30	9350627.25	5	46	61	87	10360	|	0	1	2	5	8	|	1835665
0.90	0.10	0.90	60	SILO	30	9486332.05	5	48	63	90	10007	|	0	1	2	5	9	|	2124049
0.90	0.10	0.90	64	SILO	30	9602198.71	5	50	65	95	11034	|	0	1	2	5	10	|	2445467
0.90	0.10	0.90	4	SILO	300	1297179.95	3	4	4	106	293	|	0	0	0	1	1	|	5856
0.90	0.10	0.90	8	SILO	300	2624650.48	2	4	4	219	937	|	0	0	0	1	2	|	28011
0.90	0.10	0.90	12	SILO	300	3930286.38	2	4	10	255	5973	|	0	0	1	1	3	|	66676
0.90	0.10	0.90	16	SILO	300	5070717.24	3	4	83	270	8134	|	0	0	1	2	3	|	122320
0.90	0.10	0.90	20	SILO	300	5532454.38	3	5	129	278	8994	|	0	0	1	2	4	|	200923
0.90	0.10	0.90	24	SILO	300	6363906.78	3	6	159	279	7454	|	0	0	1	2	5	|	301787
0.90	0.10	0.90	28	SILO	300	6829086.94	3	47	179	282	9410	|	0	1	1	3	6	|	434896
0.90	0.10	0.90	32	SILO	300	7312527.68	4	77	193	283	9155	|	0	1	1	3	7	|	578642
0.90	0.10	0.90	36	SILO	300	7458168.06	4	103	202	286	10123	|	0	1	2	4	8	|	800008
0.90	0.10	0.90	40	SILO	300	7823058.05	4	121	208	293	10691	|	0	1	2	4	9	|	961922
0.90	0.10	0.90	44	SILO	300	8085231.39	4	134	211	298	9405	|	0	1	2	5	10	|	1219986
0.90	0.10	0.90	48	SILO	300	8117042.24	4	145	213	308	8396	|	0	1	2	5	11	|	1474282
0.90	0.10	0.90	52	SILO	300	8018628.68	4	154	218	326	10611	|	0	1	2	6	12	|	1838815
0.90	0.10	0.90	56	SILO	300	7859162.61	5	160	224	339	10011	|	0	1	3	6	13	|	2040083
0.90	0.10	0.90	60	SILO	300	7800556.26	5	167	232	359	11416	|	0	1	3	7	14	|	2401203
0.90	0.10	0.90	64	SILO	300	7826561.64	5	176	244	390	12464	|	0	2	3	7	15	|	2846111
0.90	0.10	0.90	4	SILO	1000	1297822.63	3	4	4	296	871	|	0	0	0	1	1	|	5776
0.90	0.10	0.90	8	SILO	1000	2618135.35	2	4	4	658	4069	|	0	0	0	1	2	|	27421
0.90	0.10	0.90	12	SILO	1000	3923320.39	2	4	8	754	7033	|	0	0	0	1	3	|	67356
0.90	0.10	0.90	16	SILO	1000	5199896.28	2	4	246	788	5795	|	0	0	1	2	3	|	128977
0.90	0.10	0.90	20	SILO	1000	5485314.27	3	5	367	806	7005	|	0	0	1	2	4	|	218101
0.90	0.10	0.90	24	SILO	1000	6168712.65	3	6	451	817	7902	|	0	0	1	3	5	|	315079
0.90	0.10	0.90	28	SILO	1000	6834802.70	3	110	504	816	8442	|	0	1	1	3	6	|	439383
0.90	0.10	0.90	32	SILO	1000	7292945.52	3	201	546	819	9538	|	0	1	1	4	8	|	601627
0.90	0.10	0.90	36	SILO	1000	7466984.95	4	275	565	807	7945	|	0	1	2	4	9	|	809157
0.90	0.10	0.90	40	SILO	1000	7736892.04	4	321	577	823	11303	|	0	1	2	5	10	|	1027625
0.90	0.10	0.90	44	SILO	1000	7868539.05	4	355	580	824	9142	|	0	1	2	5	12	|	1265867
0.90	0.10	0.90	48	SILO	1000	8138313.83	4	382	587	842	10557	|	0	1	2	6	13	|	1535080
0.90	0.10	0.90	52	SILO	1000	7830955.94	4	399	579	864	9424	|	0	1	2	6	15	|	1813952
0.90	0.10	0.90	56	SILO	1000	7847136.51	4	411	582	888	9252	|	0	1	3	7	17	|	2186362
0.90	0.10	0.90	60	SILO	1000	7594661.14	5	421	594	949	11153	|	0	1	3	8	18	|	2564709
0.90	0.10	0.90	64	SILO	1000	7574742.77	5	434	611	970	9426	|	0	1	3	8	20	|	2989330
