Rd	Wt	Zip	T	CC	TP	P50	P90	P99	P999	Abt
0.50	0.50	0.90	36	WAIT_DIE	0	1273280.69	6	141	351	7055	16613	|	0	2	3	6	11	|	1388010
0.50	0.50	0.90	36	WAIT_DIE	1	1258262.58	6	138	341	7246	16848	|	0	2	3	6	11	|	1231209
0.50	0.50	0.90	36	WAIT_DIE	10	1256260.60	6	137	349	7207	16512	|	0	2	3	6	11	|	1164177
0.50	0.50	0.90	36	WAIT_DIE	100	1176514.04	5	139	399	7626	17420	|	0	2	3	6	10	|	1360400
0.50	0.50	0.90	36	WAIT_DIE	1000	736213.70	5	160	2553	10770	20938	|	0	2	3	7	13	|	1799903
0.50	0.50	0.90	36	NO_WAIT	0	1129664.87	5	128	361	8656	21407	|	0	2	3	8	16	|	1488595
0.50	0.50	0.90	36	NO_WAIT	1	1108192.31	5	128	372	8857	21718	|	0	2	3	8	16	|	1456724
0.50	0.50	0.90	36	NO_WAIT	10	1099460.95	5	127	366	8829	22118	|	0	2	3	8	16	|	1580351
0.50	0.50	0.90	36	NO_WAIT	100	1045013.44	5	134	426	9204	21953	|	0	2	3	8	16	|	1551791
0.50	0.50	0.90	36	NO_WAIT	1000	723359.59	5	142	2073	12128	27295	|	0	2	3	9	17	|	1751840
0.50	0.50	0.90	36	SILO	0	3116973.21	5	95	139	1477	11132	|	0	1	2	4	8	|	1398290
0.50	0.50	0.90	36	SILO	1	1139209.78	4	56	109	244	1960	|	0	1	1	2	4	|	1356689
0.50	0.50	0.90	36	SILO	10	965141.98	4	21	105	249	681	|	0	1	1	2	4	|	1492526
0.50	0.50	0.90	36	SILO	100	505481.71	4	6	25	177	470	|	0	0	1	1	3	|	944739
0.50	0.50	0.90	36	SILO	1000	105014.58	4	7	17	100	1953	|	0	0	0	1	3	|	451196
0.50	0.50	0.90	36	TICTOC	0	3585471.50	5	93	151	559	10219	|	0	1	2	6	16	|	1445328
0.50	0.50	0.90	36	TICTOC	1	1278970.90	4	12	93	209	850	|	0	0	1	2	5	|	1260643
0.50	0.50	0.90	36	TICTOC	10	1064585.62	4	7	82	226	604	|	0	0	1	2	5	|	1220838
0.50	0.50	0.90	36	TICTOC	100	564372.15	4	6	15	172	412	|	0	0	0	1	4	|	649478
0.50	0.50	0.90	36	TICTOC	1000	122396.17	4	8	17	72	1045	|	0	0	0	1	2	|	440814
0.50	0.50	0.90	36	DL_DETECT	0	49380.96	198	2513	4888	16216	54518	|	0	2	4	16	55	|	3037923
0.50	0.50	0.90	36	DL_DETECT	1	49543.55	199	2509	4858	16094	54399	|	0	2	4	16	55	|	3030841
0.50	0.50	0.90	36	DL_DETECT	10	