Rd	Wt	Zip	T	CC	TP	P50	P90	P99	P999	Abt
long tx size = 0
0.95	0.05	0.50	1	NO_WAIT	0	188264.02	COMMIT	749062	3958716	0	0	3549152	241469	ABORT	0	0	0	0	0	0	0	3	16	18	20	0	0	0	0	0.00	
0.95	0.05	0.50	4	NO_WAIT	0	634439.63	COMMIT	710336	3959418	0	0	3567158	234929	ABORT	1	8	0	0	2	2	0	4	22	24	28	0	0	0	0	0.00	
0.95	0.05	0.50	8	NO_WAIT	0	1219784.85	COMMIT	686215	3960199	0	0	3581583	222829	ABORT	5	48	0	0	15	25	1	5	22	25	29	0	0	0	0	0.00	
0.95	0.05	0.50	12	NO_WAIT	0	1822295.67	COMMIT	676256	3960752	0	0	3566283	220010	ABORT	0	0	0	0	0	0	0	5	22	25	30	0	0	0	0	0.00	
0.95	0.05	0.50	16	NO_WAIT	0	2385249.85	COMMIT	662921	3959734	0	0	3583728	220284	ABORT	9	60	0	0	16	28	2	5	23	25	32	0	0	0	0	0.00	
0.95	0.05	0.50	20	NO_WAIT	0	2943498.77	COMMIT	658304	3961035	0	0	3588853	218984	ABORT	13	126	0	0	32	70	9	5	23	26	33	0	0	0	0	0.00	
0.95	0.05	0.50	24	NO_WAIT	0	3487055.32	COMMIT	648450	3960236	0	0	3592643	218606	ABORT	22	127	0	0	52	50	6	5	23	26	35	0	0	0	0	0.00	
0.95	0.05	0.50	28	NO_WAIT	0	3989604.75	COMMIT	638785	3961351	0	0	3599578	213916	ABORT	20	158	0	0	47	80	7	5	24	27	37	0	0	0	0	0.00	
0.95	0.05	0.50	32	NO_WAIT	0	4478431.51	COMMIT	626179	3958884	0	0	3601284	210530	ABORT	23	158	0	0	67	69	6	5	25	28	40	0	0	0	0	0.00	
0.95	0.05	0.50	36	NO_WAIT	0	4850165.44	COMMIT	604450	3960158	0	0	3612480	200593	ABORT	37	277	0	0	103	132	14	5	25	29	44	0	0	0	0	0.00	
0.95	0.05	0.50	1	WAIT_DIE	0	186054.36	COMMIT	738437	3960627	0	0	3497577	241248	ABORT	0	0	0	0	0	0	0	3	16	18	21	0	0	0	0	0.00	
0.95	0.05	0.50	4	WAIT_DIE	0	624524.76	COMMIT	695843	3961259	0	17	3520484	229074	ABORT	4	43	0	0	8	27	2	4	22	24	28	0	0	0	0	0.00	
0.95	0.05	0.50	8	WAIT_DIE	0	1204480.58	COMMIT	673765	3961985	1	0	3541171	220965	ABORT	4	31	0	0	8	15	1	5	22	25	29	0	0	0	0	0.00	
0.95	0.05	0.50	12	WAIT_DIE	0	1792424.21	COMMIT	666950	3961852	0	0	3541982	218394	ABORT	5	42	0	0	9	21	4	5	23	25	30	0	0	0	0	0.00	
0.95	0.05	0.50	16	WAIT_DIE	0	2349840.52	COMMIT	652841	3963296	26	0	3532052	214600	ABORT	10	67	0	0	18	28	2	5	23	26	31	0	0	0	0	0.00	
0.95	0.05	0.50	20	WAIT_DIE	0	2902731.21	COMMIT	646495	3963304	4	0	3550549	212624	ABORT	3	27	0	0	5	14	1	5	23	26	33	0	0	0	0	0.00	
0.95	0.05	0.50	24	WAIT_DIE	0	3421583.49	COMMIT	630033	3961413	5	0	3534369	214754	ABORT	10	89	0	0	36	36	6	5	24	27	35	0	0	0	0	0.00	
0.95	0.05	0.50	28	WAIT_DIE	0	3927467.39	COMMIT	625970	3963514	37	0	3555109	206861	ABORT	12	92	0	0	23	52	4	5	24	27	37	0	0	0	0	0.00	
0.95	0.05	0.50	32	WAIT_DIE	0	4397047.59	COMMIT	612083	3962646	61	0	3551515	203888	ABORT	8	52	0	0	19	23	2	5	25	28	40	0	0	0	0	0.00	
0.95	0.05	0.50	36	WAIT_DIE	0	4751846.14	COMMIT	590310	3964709	48	0	3561762	198559	ABORT	11	82	0	0	27	36	4	5	26	30	43	0	0	0	0	0.00	
0.95	0.05	0.50	1	WOUND_WAIT	0	189720.93	COMMIT	752840	3959516	0	0	3510244	243394	ABORT	0	0	0	0	0	0	0	3	16	18	21	0	0	0	0	0.00	
0.95	0.05	0.50	4	WOUND_WAIT	0	626588.20	COMMIT	697773	3960716	0	7	3519668	231125	ABORT	0	0	0	0	0	0	0	4	22	24	28	0	0	0	0	0.00	
0.95	0.05	0.50	8	WOUND_WAIT	0	1220716.54	COMMIT	681811	3960960	17	0	3528624	225492	ABORT	2	22	0	0	4	10	2	5	22	24	29	0	0	0	0	0.00	
0.95	0.05	0.50	12	WOUND_WAIT	0	1809767.71	COMMIT	673511	3961896	37	0	3544638	220774	ABORT	0	0	0	0	0	0	0	5	23	25	30	0	0	0	0	0.00	
0.95	0.05	0.50	16	WOUND_WAIT	0	2373960.83	COMMIT	656897	3961374	19	0	3538371	216312	ABORT	1	11	0	0	2	3	1	5	23	25	31	0	0	0	0	0.00	
0.95	0.05	0.50	20	WOUND_WAIT	0	2920147.21	COMMIT	649223	3961656	42	0	3539811	217424	ABORT	5	71	0	0	9	46	7	5	23	26	33	0	0	0	0	0.00	
0.95	0.05	0.50	24	WOUND_WAIT	0	3465464.52	COMMIT	639435	3961948	20	0	3546296	214476	ABORT	1	17	0	0	2	8	1	5	24	26	35	0	0	0	0	0.00	
0.95	0.05	0.50	28	WOUND_WAIT	0	3956317.64	COMMIT	629441	3963274	53	0	3546707	218114	ABORT	9	118	0	0	17	69	18	5	24	27	37	0	0	0	0	0.00	
0.95	0.05	0.50	32	WOUND_WAIT	0	4445148.23	COMMIT	615495	3961951	31	1	3548698	210181	ABORT	5	98	0	0	9	71	8	5	25	28	41	0	0	0	0	0.00	
0.95	0.05	0.50	36	WOUND_WAIT	0	4819910.12	COMMIT	598072	3963878	57	0	3566826	199945	ABORT	3	38	0	0	5	21	5	5	26	29	44	0	0	0	0	0.00	
0.95	0.05	0.50	1	DLOCK	0	171004.35	COMMIT	678249	3962437	78100	0	3510261	265731	ABORT	0	0	0	0	0	0	0	4	18	19	22	0	0	0	0	0.00	
0.95	0.05	0.50	4	DLOCK	0	585376.71	COMMIT	655559	3963678	80230	0	3506778	264190	ABORT	0	0	0	0	0	0	0	5	23	26	30	0	0	0	0	0.00	
0.95	0.05	0.50	8	DLOCK	0	1152791.86	COMMIT	645625	3964594	79841	0	3490264	263306	ABORT	0	0	0	0	0	0	0	5	24	26	31	0	0	0	0	0.00	
0.95	0.05	0.50	12	DLOCK	0	1719240.19	COMMIT	639947	3964048	78887	0	3506457	262458	ABORT	4	70	0	0	8	51	3	5	24	26	32	0	0	0	0	0.00	
0.95	0.05	0.50	16	DLOCK	0	2269534.99	COMMIT	631315	3964603	78568	2	3489784	260974	ABORT	1	13	0	0	2	5	0	5	24	26	33	0	0	0	0	0.00	
0.95	0.05	0.50	20	DLOCK	0	2821212.21	COMMIT	626990	3964212	78092	0	3494749	261036	ABORT	1	22	0	0	2	14	0	5	24	27	34	0	0	0	0	0.00	
0.95	0.05	0.50	24	DLOCK	0	3362716.43	COMMIT	621010	3964367	77636	5	3499945	262198	ABORT	1	20	0	0	2	12	0	5	24	27	36	0	0	0	0	0.00	
0.95	0.05	0.50	28	DLOCK	0	3888048.93	COMMIT	617422	3963876	77888	0	3490700	261792	ABORT	5	76	0	0	9	56	3	5	25	27	38	0	0	0	0	0.00	
0.95	0.05	0.50	32	DLOCK	0	4391626.37	COMMIT	608612	3962629	78360	0	3492637	259095	ABORT	1	16	0	0	2	9	0	5	25	28	41	0	0	0	0	0.00	
0.95	0.05	0.50	36	DLOCK	0	4874435.11	COMMIT	601321	3963996	77147	0	3494527	257596	ABORT	2	28	0	0	4	17	1	5	25	29	45	0	0	0	0	0.00	
0.95	0.05	0.50	1	HLOCK	0	184904.98	COMMIT	733601	3960565	0	11137	3445196	309104	ABORT	0	0	0	0	0	0	0	4	16	18	21	0	0	0	0	0.00	
0.95	0.05	0.50	4	HLOCK	0	619909.09	COMMIT	687691	3961606	0	13585	3438313	303705	ABORT	0	0	0	0	0	0	0	5	22	24	29	0	0	0	0	0.00	
0.95	0.05	0.50	8	HLOCK	0	1222753.57	COMMIT	679334	3962125	10	14290	3441591	305430	ABORT	3	56	0	0	5	39	5	5	22	24	29	0	0	0	0	0.00	
0.95	0.05	0.50	12	HLOCK	0	1817390.42	COMMIT	671624	3960910	24	14510	3451956	302943	ABORT	1	16	0	0	2	5	3	5	22	25	30	0	0	0	0	0.00	
0.95	0.05	0.50	16	HLOCK	0	2390363.36	COMMIT	657152	3962200	23	14627	3458065	298243	ABORT	0	0	0	0	0	0	0	5	23	25	32	0	0	0	0	0.00	
0.95	0.05	0.50	20	HLOCK	0	2982630.41	COMMIT	660641	3961135	3	14901	3456061	300811	ABORT	2	30	0	0	4	19	1	5	23	25	33	0	0	0	0	0.00	
0.95	0.05	0.50	24	HLOCK	0	3544393.73	COMMIT	650197	3959499	14	14669	3452183	301510	ABORT	3	39	0	0	6	25	1	5	23	26	36	0	0	0	0	0.00	
0.95	0.05	0.50	28	HLOCK	0	4076769.57	COMMIT	644265	3961213	26	14673	3456119	299483	ABORT	3	49	0	0	6	32	5	5	23	26	38	0	0	0	0	0.00	
0.95	0.05	0.50	32	HLOCK	0	4598963.53	COMMIT	634347	3959362	46	14607	3458147	298318	ABORT	0	0	0	0	0	0	0	5	24	27	42	0	0	0	0	0.00	
0.95	0.05	0.50	36	HLOCK	0	5056396.08	COMMIT	620182	3961477	23	14962	3454406	294315	ABORT	3	44	0	0	5	29	2	5	24	28	47	0	0	0	0	0.00	
0.95	0.05	0.50	1	SILO	0	177352.86	COMMIT	705951	3962636	531961	0	3542311	232796	ABORT	0	0	0	0	0	0	0	4	17	18	22	0	0	0	0	0.00	
0.95	0.05	0.50	4	SILO	0	615122.96	COMMIT	687238	3961765	540465	0	3574494	232897	ABORT	1	22	2	0	2	16	0	4	22	24	29	0	0	0	0	0.00	
0.95	0.05	0.50	8	SILO	0	1216305.33	COMMIT	680273	3962322	550407	0	3560345	244843	ABORT	1	22	1	0	2	14	0	5	22	24	30	0	0	0	0	0.00	
0.95	0.05	0.50	12	SILO	0	1822702.33	COMMIT	676149	3961903	561725	0	3581474	234644	ABORT	5	90	12	0	9	70	2	4	22	24	32	0	0	0	0	0.00	
0.95	0.05	0.50	16	SILO	0	2408714.55	COMMIT	667383	3962182	563379	0	3565281	237655	ABORT	3	64	6	0	5	50	3	5	22	25	35	0	0	0	0	0.00	
0.95	0.05	0.50	20	SILO	0	2974414.24	COMMIT	662281	3962041	564999	0	3569833	235869	ABORT	5	77	7	0	9	58	2	5	23	26	40	0	0	0	0	0.00	
0.95	0.05	0.50	24	SILO	0	3543654.31	COMMIT	653519	3960808	569098	0	3568243	237034	ABORT	2	32	3	0	4	20	1	5	23	27	45	0	0	0	0	0.00	
0.95	0.05	0.50	28	SILO	0	4088661.46	COMMIT	647936	3961898	568134	0	3569869	236582	ABORT	8	137	18	0	14	108	5	5	23	30	51	0	0	0	0	0.00	
0.95	0.05	0.50	32	SILO	0	4614516.44	COMMIT	640029	3960996	570308	0	3567959	236616	ABORT	7	115	16	0	11	86	7	5	24	36	60	0	0	0	0	0.00	
0.95	0.05	0.50	36	SILO	0	5089383.71	COMMIT	625003	3961441	569709	0	3555602	235030	ABORT	8	134	17	0	14	102	4	5	24	43	65	0	0	0	0	0.00	
0.95	0.05	0.50	1	MOCC	0	181856.91	COMMIT	723354	3961407	602817	0	3527127	254236	ABORT	0	0	0	0	0	0	0	4	16	18	21	0	0	0	0	0.00	
0.95	0.05	0.50	4	MOCC	0	628973.50	COMMIT	702882	3961464	588507	0	3518615	249325	ABORT	1	21	1	0	2	14	1	4	21	23	28	0	0	0	0	0.00	
0.95	0.05	0.50	8	MOCC	0	1249156.53	COMMIT	700224	3961375	601508	0	3526513	251252	ABORT	2	43	3	0	4	30	4	4	22	24	29	0	0	0	0	0.00	
0.95	0.05	0.50	12	MOCC	0	1854973.83	COMMIT	690774	3961103	610053	0	3525428	251372	ABORT	4	68	6	0	8	45	6	4	22	24	31	0	0	0	0	0.00	
0.95	0.05	0.50	16	MOCC	0	2452850.09	COMMIT	671640	3962081	602899	0	3462264	248066	ABORT	3	50	5	0	5	32	5	4	22	24	33	0	0	0	0	0.00	
0.95	0.05	0.50	20	MOCC	0	3050508.27	COMMIT	679143	3961456	613510	0	3513285	252157	ABORT	2	34	2	0	4	20	4	5	22	25	36	0	0	0	0	0.00	
0.95	0.05	0.50	24	MOCC	0	3627141.98	COMMIT	668475	3960352	615086	0	3506814	254325	ABORT	5	58	5	0	12	27	11	5	22	25	41	0	0	0	0	0.00	
0.95	0.05	0.50	28	MOCC	0	4190716.74	COMMIT	667167	3961142	616610	0	3513740	252746	ABORT	9	153	18	0	16	113	12	5	22	27	47	0	0	0	0	0.00	
0.95	0.05	0.50	32	MOCC	0	4738468.30	COMMIT	656065	3960584	625295	0	3515538	252083	ABORT	3	49	5	0	6	33	4	5	23	30	54	0	0	0	0	0.00	
0.95	0.05	0.50	36	MOCC	0	5255789.62	COMMIT	647000	3960558	623806	0	3533045	253009	ABORT	9	159	22	0	16	115	15	5	23	39	64	0	0	0	0	0.00	
