1 WH
	T	CC	TP	P50	P90	P99	P999	Abt
TPCC	NO_WAIT	1	49027.52	COMMIT	193562	3991604	0	0	0	ABORT	0	0	0	0	0	0	6	190	211	225	0	0	0	0	0.00	
TPCC	NO_WAIT	4	64082.33	COMMIT	61646	1748002	0	0	0	ABORT	58119	2235785	0	2015219	0	0	23	866	2558	4763	0	9	14	19	0.48	
TPCC	NO_WAIT	8	74325.08	COMMIT	36154	1037818	0	0	0	ABORT	50889	2949437	0	2755064	0	0	27	1914	4857	7864	0	12	20	27	0.58	
TPCC	NO_WAIT	12	80071.10	COMMIT	26119	770372	0	0	0	ABORT	44326	3211427	0	3045488	0	0	29	2807	6501	10624	0	14	24	35	0.63	
TPCC	NO_WAIT	16	83411.20	COMMIT	21108	629101	0	0	0	ABORT	40919	3366178	0	3213151	0	0	31	3643	7981	12030	0	17	28	39	0.66	
TPCC	NO_WAIT	20	85910.53	COMMIT	17830	519064	0	0	0	ABORT	38204	3475169	0	3338774	0	0	32	4385	9231	14223	0	19	31	44	0.69	
TPCC	NO_WAIT	24	87779.36	COMMIT	13892	427361	0	0	0	ABORT	34178	3565279	0	3445827	0	0	34	5099	10311	14904	0	20	35	46	0.71	
TPCC	NO_WAIT	28	89849.15	COMMIT	12671	388151	0	0	0	ABORT	32959	3601996	0	3485679	0	0	35	5733	11534	18040	0	22	37	54	0.72	
TPCC	NO_WAIT	32	91620.96	COMMIT	11216	337397	0	0	0	ABORT	31307	3657041	0	3549869	0	0	36	6276	12376	19411	0	24	40	59	0.73	
TPCC	NO_WAIT	36	93146.44	COMMIT	10311	325117	0	0	0	ABORT	30000	3662729	0	3556850	0	0	37	6829	13354	20666	0	25	43	60	0.75	
TPCC	WAIT_DIE	1	48456.66	COMMIT	190980	3986180	0	0	0	ABORT	0	0	0	0	0	0	7	191	212	226	0	0	0	0	0.00	
TPCC	WAIT_DIE	4	74321.41	COMMIT	74073	2540744	292201	0	0	ABORT	99429	1435938	5295	1113497	0	0	32	392	711	1019	0	8	9	10	0.57	
TPCC	WAIT_DIE	8	87763.03	COMMIT	44216	1993648	577062	0	0	ABORT	103765	1989004	23222	1609282	0	0	49	575	1013	1343	1	8	9	10	0.70	
TPCC	WAIT_DIE	12	93880.68	COMMIT	30938	1803131	779103	0	0	ABORT	92545	2188993	27088	1838786	0	0	63	793	1219	1568	3	9	10	11	0.75	
TPCC	WAIT_DIE	16	96064.61	COMMIT	23874	1789872	972416	0	0	ABORT	80287	2202034	25406	1885000	0	0	82	1000	1432	1782	4	9	10	11	0.77	
TPCC	WAIT_DIE	20	95600.61	COMMIT	19089	1801606	1137379	0	0	ABORT	69932	2185839	22594	1895965	0	0	100	1233	1790	2285	4	9	11	12	0.79	
TPCC	WAIT_DIE	24	96454.46	COMMIT	15823	1880818	1308099	0	0	ABORT	61790	2112230	14501	1843815	0	0	118	1461	2124	2799	4	10	11	12	0.80	
TPCC	WAIT_DIE	28	97181.43	COMMIT	13795	1901052	1414498	0	0	ABORT	55952	2090077	13096	1845509	0	0	130	1744	2559	3450	5	10	11	13	0.80	
TPCC	WAIT_DIE	32	98459.11	COMMIT	12406	1981248	1532357	0	0	ABORT	51126	2012039	13504	1788197	0	0	141	2051	3185	4297	5	10	11	13	0.81	
TPCC	WAIT_DIE	36	99468.28	COMMIT	11208	2022256	1617580	0	0	ABORT	47877	1970903	11821	1752608	0	0	150	2406	3923	5170	5	10	12	13	0.81	
TPCC	WOUND_WAIT	1	48390.18	COMMIT	190998	3985911	0	0	0	ABORT	0	0	0	0	0	0	7	191	212	226	0	0	0	0	0.00	
TPCC	WOUND_WAIT	4	71645.46	COMMIT	71263	3939951	1730060	0	0	ABORT	1649	44939	13707	3483	0	0	38	332	444	629	0	1	1	5	0.02	
TPCC	WOUND_WAIT	8	74998.02	COMMIT	37151	3926442	2720896	0	0	ABORT	925	59443	23315	1906	0	0	83	379	514	688	0	1	2	5	0.03	
TPCC	WOUND_WAIT	12	76427.10	COMMIT	25252	3903305	3066757	0	0	ABORT	951	85421	36231	2888	0	0	133	438	625	906	0	1	4	6	0.04	
TPCC	WOUND_WAIT	16	78630.04	COMMIT	19472	3879745	3244762	0	0	ABORT	1017	117543	43937	2812	0	0	185	490	738	1180	0	1	4	6	0.05	
TPCC	WOUND_WAIT	20	79724.26	COMMIT	15867	3855040	3347376	0	0	ABORT	952	136328	52721	2751	0	0	237	559	792	1288	0	2	5	7	0.06	
TPCC	WOUND_WAIT	24	80509.74	COMMIT	13363	3850538	3421232	0	0	ABORT	963	147368	54258	3572	0	0	290	625	853	1681	0	2	5	7	0.07	
TPCC	WOUND_WAIT	28	81427.96	COMMIT	11621	3840735	3473518	0	0	ABORT	983	157172	52842	3664	0	0	342	686	951	2754	0	2	5	7	0.08	
TPCC	WOUND_WAIT	32	80716.14	COMMIT	10135	3845280	3524733	0	0	ABORT	914	152398	50778	4149	0	0	396	786	1092	3369	0	3	5	7	0.09	
TPCC	WOUND_WAIT	36	76274.75	COMMIT	8591	3838546	3548346	0	0	ABORT	807	158273	57191	3295	0	0	470	898	1275	3572	0	3	5	8	0.09	
TPCC	DLOCK	1	50592.02	COMMIT	199592	3984985	86526	0	0	ABORT	0	0	0	0	0	0	7	165	184	200	0	0	0	0	0.00	
TPCC	DLOCK	4	82407.94	COMMIT	82987	3423834	1366574	0	0	ABORT	9318	559336	5533	22044	0	0	30	386	768	1220	0	2	4	6	0.11	
TPCC	DLOCK	8	91134.72	COMMIT	45484	3116125	1997897	0	0	ABORT	23067	877143	84832	77159	0	0	55	511	1234	2565	0	3	6	10	0.35	
TPCC	DLOCK	12	97291.31	COMMIT	32294	2922461	2156645	0	0	ABORT	28823	1072557	173586	136772	0	0	86	617	1643	3446	0	5	8	11	0.47	
TPCC	DLOCK	16	103850.81	COMMIT	25809	2832464	2208154	0	0	ABORT	30851	1160398	215905	212280	0	0	120	667	2150	4536	0	6	9	13	0.55	
TPCC	DLOCK	20	104245.56	COMMIT	20809	2760234	2256939	0	0	ABORT	29346	1230994	230389	271833	0	0	159	798	2816	5405	0	6	10	15	0.59	
TPCC	DLOCK	24	103483.19	COMMIT	17055	2653605	2233125	0	0	ABORT	28578	1339796	252459	372896	0	0	201	932	3294	6213	0	7	11	16	0.62	
TPCC	DLOCK	28	103453.51	COMMIT	14733	2607911	2247722	0	0	ABORT	27095	1385107	256815	440147	0	0	241	1109	4118	7503	0	8	12	18	0.65	
TPCC	DLOCK	32	107609.85	COMMIT	13417	2550093	2228895	0	0	ABORT	26853	1442410	251077	536145	0	0	272	1135	4656	8256	1	8	13	19	0.67	
TPCC	DLOCK	36	107448.01	COMMIT	11954	2517184	2226816	0	0	ABORT	25996	1475107	254242	591021	0	0	314	1244	4941	8498	1	8	14	20	0.68	
TPCC	HLOCK	1	49451.87	COMMIT	193822	3988357	337873	0	0	ABORT	0	0	0	0	0	0	7	154	172	186	0	0	0	0	0.00	
TPCC	HLOCK	4	83448.61	COMMIT	83291	3203457	1350720	0	0	ABORT	16024	780835	6732	125008	0	0	30	407	843	1325	0	4	7	9	0.17	
TPCC	HLOCK	8	101905.41	COMMIT	50250	2665587	1982359	0	0	ABORT	29969	1304714	237704	383209	0	0	45	614	1476	3115	0	7	10	12	0.38	
TPCC	HLOCK	12	110119.52	COMMIT	36328	2147322	1890917	0	0	ABORT	44330	1845858	658008	662077	0	0	66	826	2100	4324	1	8	11	14	0.55	
TPCC	HLOCK	16	111861.79	COMMIT	27727	1676992	1562014	0	0	ABORT	55105	2316442	1096321	876666	0	0	97	1017	2692	4930	1	9	12	15	0.66	
TPCC	HLOCK	20	107891.32	COMMIT	21315	1308040	1229992	0	0	ABORT	56187	2682721	1344822	1124701	0	0	127	1291	3509	6592	2	10	13	17	0.72	
TPCC	HLOCK	24	101867.52	COMMIT	16394	1022373	978601	0	0	ABORT	52471	2970383	1467586	1370512	0	0	164	1576	4335	7957	3	10	14	19	0.76	
TPCC	HLOCK	28	98594.36	COMMIT	13044	804842	752259	0	0	ABORT	50435	3188001	1563866	1603830	0	0	204	1726	4766	9984	3	11	15	22	0.78	
TPCC	HLOCK	32	95617.45	COMMIT	10748	642650	644528	0	0	ABORT	46584	3349459	1628900	1807263	0	0	235	1941	5383	9669	4	11	15	22	0.80	
TPCC	HLOCK	36	93673.93	COMMIT	9149	548554	525153	0	0	ABORT	44056	3442713	1633266	1924586	0	0	266	2155	6081	11118	4	11	16	24	0.81	
TPCC	SILO	1	59310.35	COMMIT	233493	3989841	0	0	0	ABORT	0	0	0	0	0	0	6	143	158	173	0	0	0	0	0.00	
TPCC	SILO	4	95927.71	COMMIT	94918	1767289	0	0	0	ABORT	40667	2212705	0	378094	0	0	11	560	1552	4553	0	5	9	14	0.30	
TPCC	SILO	8	114730.90	COMMIT	56274	1047128	0	0	0	ABORT	44651	2944916	0	1034299	0	0	13	1000	4573	9148	0	8	14	23	0.44	
TPCC	SILO	12	123111.81	COMMIT	40198	739657	0	0	0	ABORT	40225	3254193	0	1490764	0	0	14	1599	7230	13357	0	10	19	31	0.50	
TPCC	SILO	16	124211.63	COMMIT	30841	595313	0	0	0	ABORT	36942	3398347	0	1739051	0	0	15	2451	9294	16936	0	11	23	37	0.55	
TPCC	SILO	20	121823.70	COMMIT	22613	458490	0	0	0	ABORT	31784	3536445	0	2004263	0	0	15	3318	11430	21746	0	13	27	46	0.58	
TPCC	SILO	24	119785.33	COMMIT	19927	419319	0	0	0	ABORT	30904	3575706	0	2119808	0	0	16	3976	13381	25411	0	15	30	52	0.61	
TPCC	SILO	28	120291.00	COMMIT	18215	382018	0	0	0	ABORT	28602	3611362	0	2141819	0	0	16	4861	16981	29184	0	16	36	59	0.62	
TPCC	SILO	32	124030.48	COMMIT	15727	329215	0	0	0	ABORT	27095	3665505	0	2275353	0	0	16	5606	18155	32249	0	17	39	65	0.64	
TPCC	SILO	36	125909.56	COMMIT	14489	306181	0	0	0	ABORT	27196	3686711	0	2325091	0	0	17	6048	20074	35713	0	18	42	71	0.65	
4 WH
TPCC	NO_WAIT	1	44932.30	COMMIT	176948	3992241	0	0	0	ABORT	0	0	0	0	0	0	13	209	234	255	0	0	0	0	0.00	
TPCC	NO_WAIT	4	166352.99	COMMIT	172839	3972481	0	0	0	ABORT	94	2727	0	667	0	0	10	204	233	257	0	0	0	2	0.00	
TPCC	NO_WAIT	8	213404.21	COMMIT	111678	2740012	0	0	0	ABORT	52328	1244358	0	1059757	0	0	20	288	1267	2717	0	7	10	14	0.33	
TPCC	NO_WAIT	12	240037.44	COMMIT	84793	2131396	0	0	0	ABORT	61025	1857215	0	1641850	0	0	22	535	2283	4198	0	8	13	18	0.42	
TPCC	NO_WAIT	16	251764.68	COMMIT	66408	1714314	0	0	0	ABORT	58364	2276473	0	2071846	0	0	24	957	3198	5502	0	9	15	21	0.48	
TPCC	NO_WAIT	20	258910.27	COMMIT	54488	1422673	0	0	0	ABORT	56407	2567483	0	2370090	0	0	25	1293	3854	6659	0	10	17	24	0.51	
TPCC	NO_WAIT	24	262466.80	COMMIT	46347	1271113	0	0	0	ABORT	53114	2716042	0	2520928	0	0	27	1677	4581	7609	0	11	19	27	0.54	
TPCC	NO_WAIT	28	268974.94	COMMIT	40600	1126538	0	0	0	ABORT	51137	2864263	0	2683041	0	0	28	1986	5199	8515	0	12	21	29	0.56	
TPCC	NO_WAIT	32	281255.98	COMMIT	36061	995738	0	0	0	ABORT	48711	2995647	0	2826195	0	0	28	2247	5673	9201	0	13	22	31	0.58	
TPCC	NO_WAIT	36	293477.12	COMMIT	34675	954948	0	0	0	ABORT	48710	3034747	0	2863326	0	0	28	2449	5953	9473	0	14	23	32	0.59	
TPCC	WAIT_DIE	1	44568.27	COMMIT	175434	3992472	0	0	0	ABORT	0	0	0	0	0	0	14	210	235	255	0	0	0	0	0.00	
TPCC	WAIT_DIE	4	163317.27	COMMIT	169894	3976179	46	0	0	ABORT	120	2999	0	1063	0	0	10	204	234	257	0	0	0	2	0.00	
TPCC	WAIT_DIE	8	228914.18	COMMIT	119853	3245733	93503	0	0	ABORT	63726	733229	234	555114	0	0	23	253	429	830	0	6	8	9	0.36	
TPCC	WAIT_DIE	12	278980.37	COMMIT	97262	2833560	211987	0	0	ABORT	98900	1153527	2851	868511	0	0	29	279	499	785	0	7	8	9	0.51	
TPCC	WAIT_DIE	16	299553.72	COMMIT	78944	2570632	332347	0	0	ABORT	109260	1415986	5649	1096040	0	0	35	319	570	933	0	7	8	9	0.59	
TPCC	WAIT_DIE	20	310024.82	COMMIT	63352	2374121	432963	0	0	ABORT	107462	1611857	10292	1271754	0	0	41	376	683	1007	0	8	9	10	0.63	
TPCC	WAIT_DIE	24	319494.49	COMMIT	54662	2237777	525424	0	0	ABORT	108098	1749693	14198	1416637	0	0	47	433	792	1107	1	8	9	10	0.67	
TPCC	WAIT_DIE	28	327527.04	COMMIT	48318	2124512	592416	0	0	ABORT	106505	1861631	17740	1520609	0	0	51	496	895	1187	1	8	9	10	0.69	
TPCC	WAIT_DIE	32	341200.42	COMMIT	44337	2075557	657435	0	0	ABORT	104939	1911505	18107	1580834	0	0	55	532	936	1255	2	8	9	10	0.71	
TPCC	WAIT_DIE	36	355011.50	COMMIT	40799	2008592	722621	0	0	ABORT	103557	1977661	22187	1650592	0	0	57	575	1001	1366	2	8	9	10	0.72	
TPCC	WOUND_WAIT	1	44350.65	COMMIT	174622	3987298	0	0	0	ABORT	0	0	0	0	0	0	14	211	236	257	0	0	0	0	0.00	
TPCC	WOUND_WAIT	4	162333.18	COMMIT	169065	3973762	1842	0	0	ABORT	13	1496	0	23	0	0	10	207	237	262	0	0	0	1	0.00	
TPCC	WOUND_WAIT	8	243851.26	COMMIT	127249	3930562	537086	0	0	ABORT	3277	51939	7812	5670	0	0	23	243	289	373	0	1	2	3	0.03	
TPCC	WOUND_WAIT	12	289566.40	COMMIT	99882	3909142	1173057	0	0	ABORT	3448	77262	22651	10635	0	0	30	255	299	420	0	1	1	4	0.03	
TPCC	WOUND_WAIT	16	298743.73	COMMIT	78152	3942080	1739523	0	0	ABORT	2059	47870	15386	4047	0	0	40	267	322	474	0	1	1	5	0.03	
TPCC	WOUND_WAIT	20	296975.33	COMMIT	62168	3945946	2122837	0	0	ABORT	1400	45980	16743	3026	0	0	51	286	360	562	0	1	2	5	0.02	
TPCC	WOUND_WAIT	24	298712.46	COMMIT	51966	3936253	2386695	0	0	ABORT	1274	57340	23528	3064	0	0	64	299	394	628	0	1	2	5	0.02	
TPCC	WOUND_WAIT	28	297058.90	COMMIT	44052	3932698	2577532	0	0	ABORT	1145	61971	26986	3012	0	0	78	315	420	690	0	1	2	6	0.03	
TPCC	WOUND_WAIT	32	304569.89	COMMIT	39426	3923480	2713711	0	0	ABORT	1131	71577	32821	2684	0	0	89	322	438	758	0	1	2	6	0.03	
TPCC	WOUND_WAIT	36	303059.86	COMMIT	34821	3919233	2812336	0	0	ABORT	1065	73210	32400	3171	0	0	102	342	470	843	0	1	3	6	0.03	
TPCC	DLOCK	1	46376.28	COMMIT	182783	3985726	105643	0	0	ABORT	0	0	0	0	0	0	14	187	212	228	0	0	0	0	0.00	
TPCC	DLOCK	4	170942.52	COMMIT	178067	3982597	84829	0	0	ABORT	17	1533	1	27	0	0	11	179	209	234	0	0	0	1	0.00	
TPCC	DLOCK	8	254533.49	COMMIT	133564	3664745	506925	0	0	ABORT	4858	318668	4362	12746	0	0	21	231	469	708	0	1	3	4	0.04	
TPCC	DLOCK	12	304242.51	COMMIT	104733	3494700	936868	0	0	ABORT	6663	496328	8247	19098	0	0	27	315	637	1077	0	1	4	6	0.07	
TPCC	DLOCK	16	322653.21	COMMIT	83839	3489624	1318387	0	0	ABORT	9349	500346	6654	22381	0	0	35	350	794	1357	0	2	4	7	0.12	
TPCC	DLOCK	20	325248.20	COMMIT	68985	3416130	1586145	0	0	ABORT	12805	571199	15825	34190	0	0	42	407	1007	1847	0	2	5	8	0.18	
TPCC	DLOCK	24	324700.94	COMMIT	54821	3250834	1734048	0	0	ABORT	15562	739701	41072	49094	0	0	51	451	1206	2489	0	2	6	9	0.24	
TPCC	DLOCK	28	324619.65	COMMIT	46192	3154995	1863113	0	0	ABORT	17187	835378	62539	69465	0	0	59	514	1396	2937	0	3	6	10	0.30	
TPCC	DLOCK	32	338001.58	COMMIT	42651	3081720	1940141	0	0	ABORT	20091	908564	87228	86901	0	0	64	552	1551	3204	0	3	7	11	0.34	
TPCC	DLOCK	36	334569.16	COMMIT	37912	3121875	2026139	0	0	ABORT	21213	868157	112978	79811	0	0	75	570	1749	3815	0	4	7	11	0.38	
TPCC	HLOCK	1	44554.27	COMMIT	174815	3989378	377474	0	0	ABORT	0	0	0	0	0	0	15	174	197	216	0	0	0	0	0.00	
TPCC	HLOCK	4	165421.87	COMMIT	169702	3987269	315262	0	0	ABORT	11	1244	0	19	0	0	11	169	195	218	0	0	0	1	0.00	
TPCC	HLOCK	8	249923.09	COMMIT	129593	3649142	614653	0	0	ABORT	8048	333807	1841	31891	0	0	23	214	452	708	0	2	4	6	0.06	
TPCC	HLOCK	12	304518.06	COMMIT	105253	3437476	940375	0	0	ABORT	14185	553824	4588	89348	0	0	28	311	635	1046	0	4	6	8	0.13	
TPCC	HLOCK	16	332929.86	COMMIT	86819	3327284	1297192	0	0	ABORT	17575	663959	5923	128186	0	0	33	356	844	1454	0	4	7	9	0.19	
TPCC	HLOCK	20	341964.87	COMMIT	71170	3197111	1574888	0	0	ABORT	20496	794731	18149	177529	0	0	39	417	1109	2186	0	5	8	10	0.25	
TPCC	HLOCK	24	335546.32	COMMIT	55911	2957133	1737453	0	0	ABORT	22469	1034048	48353	272815	0	0	47	544	1466	3153	0	6	9	11	0.31	
TPCC	HLOCK	28	336139.16	COMMIT	49969	2861306	1858195	0	0	ABORT	25099	1129281	115525	351104	0	0	51	674	1828	3767	0	7	10	12	0.35	
TPCC	HLOCK	32	360307.79	COMMIT	45229	2693060	1889068	0	0	ABORT	27225	1299282	182560	426372	0	0	55	710	1986	4056	0	7	10	13	0.39	
TPCC	HLOCK	36	350555.53	COMMIT	39777	2580498	1833508	0	0	ABORT	28744	1408980	348185	475924	0	0	62	849	2422	5009	0	8	11	14	0.43	
TPCC	SILO	1	55583.47	COMMIT	217644	3990199	0	0	0	ABORT	0	0	0	0	0	0	11	156	174	192	0	0	0	0	0.00	
TPCC	SILO	4	198563.69	COMMIT	206910	3976059	0	0	0	ABORT	40	5055	0	63	0	0	9	155	180	256	0	0	0	1	0.00	
TPCC	SILO	8	267377.15	COMMIT	137280	2796317	0	0	0	ABORT	25344	1182554	0	102278	0	0	11	307	656	1130	0	3	5	7	0.16	
TPCC	SILO	12	296954.88	COMMIT	102729	2211863	0	0	0	ABORT	34833	1777406	0	252625	0	0	12	477	1173	2669	0	5	8	11	0.26	
TPCC	SILO	16	290878.93	COMMIT	73316	1792159	0	0	0	ABORT	35025	2197818	0	466857	0	0	13	719	2081	4773	0	6	10	14	0.33	
TPCC	SILO	20	274127.15	COMMIT	55580	1556185	0	0	0	ABORT	31617	2437010	0	592097	0	0	14	1068	3457	7306	0	7	12	17	0.37	
TPCC	SILO	24	268160.45	COMMIT	44278	1338046	0	0	0	ABORT	29939	2654083	0	735976	0	0	15	1371	4678	8882	0	8	13	19	0.41	
TPCC	SILO	28	258498.67	COMMIT	37930	1203143	0	0	0	ABORT	27617	2789002	0	820311	0	0	15	1787	6468	12730	0	9	15	24	0.43	
TPCC	SILO	32	280167.86	COMMIT	34183	1090774	0	0	0	ABORT	28463	2901165	0	941888	0	0	15	1893	6649	12372	0	9	16	24	0.46	
TPCC	SILO	36	269496.80	COMMIT	28453	981550	0	0	0	ABORT	26033	3012065	0	1035874	0	0	15	2305	7907	14749	0	10	17	26	0.48	
N WH
TPCC	NO_WAIT	1	48878.30	COMMIT	192983	3991561	0	0	0	ABORT	0	0	0	0	0	0	7	190	212	225	0	0	0	0	0.00	
TPCC	NO_WAIT	4	165936.70	COMMIT	170758	3978044	0	0	0	ABORT	90	2089	0	447	0	0	10	204	234	257	0	0	0	2	0.00	
TPCC	NO_WAIT	8	291530.00	COMMIT	152193	3985470	0	0	0	ABORT	100	2721	0	680	0	0	12	234	281	318	0	0	0	2	0.00	
TPCC	NO_WAIT	12	397024.12	COMMIT	141680	3985605	0	0	0	ABORT	117	4049	0	1086	0	0	13	268	331	377	0	0	0	2	0.00	
TPCC	NO_WAIT	16	466760.43	COMMIT	121966	3987307	0	0	0	ABORT	86	4017	0	1459	0	0	15	312	397	458	0	0	0	3	0.00	
TPCC	NO_WAIT	20	507571.12	COMMIT	98941	3989765	0	0	0	ABORT	54	1851	0	197	0	0	19	375	474	542	0	0	0	3	0.00	
TPCC	NO_WAIT	24	556332.26	COMMIT	87284	3990440	0	0	0	ABORT	58	2295	0	379	0	0	21	424	535	612	0	0	0	3	0.00	
TPCC	NO_WAIT	28	574022.43	COMMIT	79660	3990028	0	0	0	ABORT	60	2613	0	575	0	0	25	493	617	699	0	0	0	2	0.00	
TPCC	NO_WAIT	32	639135.41	COMMIT	73801	3989935	0	0	0	ABORT	66	3039	0	712	0	0	25	518	670	764	0	0	0	3	0.00	
TPCC	NO_WAIT	36	680221.66	COMMIT	66080	3987961	0	0	0	ABORT	84	3505	0	708	0	0	26	567	732	837	0	0	0	3	0.00	
TPCC	WAIT_DIE	1	48364.36	COMMIT	190826	3985485	0	0	0	ABORT	0	0	0	0	0	0	7	191	212	225	0	0	0	0	0.00	
TPCC	WAIT_DIE	4	161234.64	COMMIT	167984	3975114	60	0	0	ABORT	104	1984	0	389	0	0	10	205	235	257	0	0	0	2	0.00	
TPCC	WAIT_DIE	8	284464.42	COMMIT	148993	3987216	192	0	0	ABORT	75	2268	0	505	0	0	12	237	283	320	0	0	0	2	0.00	
TPCC	WAIT_DIE	12	394263.06	COMMIT	139963	3988559	493	0	0	ABORT	73	2213	0	576	0	0	13	267	331	375	0	0	0	2	0.00	
TPCC	WAIT_DIE	16	459583.02	COMMIT	118711	3989582	157	0	0	ABORT	56	1557	0	457	0	0	15	314	396	452	0	0	0	2	0.00	
TPCC	WAIT_DIE	20	503698.90	COMMIT	100030	3991429	63	0	0	ABORT	31	1130	0	394	0	0	17	373	472	537	0	0	0	2	0.00	
TPCC	WAIT_DIE	24	540717.28	COMMIT	85343	3990067	139	0	0	ABORT	70	2317	0	795	0	0	22	431	543	619	0	0	0	3	0.00	
TPCC	WAIT_DIE	28	565203.43	COMMIT	82436	3986397	114	0	0	ABORT	112	4638	0	1468	0	0	25	501	622	708	0	0	0	3	0.00	
TPCC	WAIT_DIE	32	636342.92	COMMIT	73041	3989663	12	0	0	ABORT	36	1280	0	175	0	0	25	520	674	778	0	0	0	3	0.00	
TPCC	WAIT_DIE	36	673607.87	COMMIT	66649	3991683	117	0	0	ABORT	30	1081	0	89	0	0	27	572	731	841	0	0	0	3	0.00	
TPCC	WOUND_WAIT	1	48457.27	COMMIT	191259	3985893	0	0	0	ABORT	0	0	0	0	0	0	7	191	213	227	0	0	0	0	0.00	
TPCC	WOUND_WAIT	4	162771.77	COMMIT	168582	3977545	1084	0	0	ABORT	19	2149	0	33	0	0	10	206	237	263	0	0	0	1	0.00	
TPCC	WOUND_WAIT	8	283748.79	COMMIT	149428	3991535	2449	0	0	ABORT	6	366	0	11	0	0	12	238	286	327	0	0	0	0	0.00	
TPCC	WOUND_WAIT	12	397140.93	COMMIT	142239	3987554	1316	0	0	ABORT	6	759	0	11	0	0	13	267	331	375	0	0	0	1	0.00	
TPCC	WOUND_WAIT	16	451487.96	COMMIT	117205	3986250	1709	0	0	ABORT	9	539	43	19	0	0	15	322	406	466	0	0	0	0	0.00	
TPCC	WOUND_WAIT	20	498793.30	COMMIT	97811	3992153	1672	0	0	ABORT	2	90	0	4	0	0	19	380	479	549	0	0	0	1	0.00	
TPCC	WOUND_WAIT	24	543677.98	COMMIT	85201	3992239	1038	0	0	ABORT	10	188	0	23	0	0	22	431	546	625	0	0	0	1	0.00	
TPCC	WOUND_WAIT	28	554692.92	COMMIT	77834	3992003	2314	0	0	ABORT	10	666	0	18	0	0	26	510	638	725	0	0	0	1	0.00	
TPCC	WOUND_WAIT	32	647104.50	COMMIT	77544	3992144	1026	0	0	ABORT	12	223	0	21	0	0	25	518	645	732	0	0	0	1	0.00	
TPCC	WOUND_WAIT	36	672942.46	COMMIT	70524	3988528	2159	0	0	ABORT	13	214	0	23	0	0	27	569	721	819	0	0	0	1	0.00	
TPCC	DLOCK	1	50489.20	COMMIT	199563	3984855	86478	0	0	ABORT	0	0	0	0	0	0	7	165	184	199	0	0	0	0	0.00	
TPCC	DLOCK	4	170829.70	COMMIT	178253	3974746	88011	0	0	ABORT	54	2208	3	100	0	0	11	180	211	235	0	0	0	1	0.00	
TPCC	DLOCK	8	293587.48	COMMIT	155881	3986858	83010	0	0	ABORT	11	1372	0	20	0	0	13	218	269	306	0	0	0	1	0.00	
TPCC	DLOCK	12	407255.17	COMMIT	144664	3989493	80874	0	0	ABORT	9	864	0	16	0	0	13	251	323	371	0	0	0	1	0.00	
TPCC	DLOCK	16	471192.25	COMMIT	122098	3992501	69111	0	0	ABORT	1	214	0	2	0	0	15	302	392	453	0	0	0	1	0.00	
TPCC	DLOCK	20	502264.34	COMMIT	98676	3993393	59333	0	0	ABORT	28	300	1	56	0	0	20	369	475	546	0	0	0	1	0.00	
TPCC	DLOCK	24	550184.75	COMMIT	86399	3991504	56359	0	0	ABORT	16	240	0	35	0	0	22	421	528	604	0	0	0	1	0.00	
TPCC	DLOCK	28	571102.10	COMMIT	78674	3992463	53768	0	0	ABORT	13	314	1	23	0	0	25	489	631	730	0	0	0	1	0.00	
TPCC	DLOCK	32	641228.11	COMMIT	72406	3993848	49527	0	0	ABORT	6	62	0	11	0	0	26	512	663	763	0	0	0	1	0.00	
TPCC	DLOCK	36	654486.67	COMMIT	63447	3992016	49107	0	0	ABORT	5	121	0	9	0	0	28	584	750	855	0	0	0	1	0.00	
TPCC	HLOCK	1	49327.39	COMMIT	193639	3988488	336887	0	0	ABORT	0	0	0	0	0	0	7	154	173	187	0	0	0	0	0.00	
TPCC	HLOCK	4	165819.73	COMMIT	169936	3975999	315737	0	0	ABORT	2	214	0	4	0	0	11	168	194	214	0	0	0	1	0.00	
TPCC	HLOCK	8	289543.54	COMMIT	149524	3980721	291260	0	0	ABORT	9	1555	0	25	0	0	13	199	240	271	0	0	0	1	0.00	
TPCC	HLOCK	12	393662.67	COMMIT	138672	3990231	280663	0	0	ABORT	1	149	0	2	0	0	14	234	295	339	0	0	0	1	0.00	
TPCC	HLOCK	16	466167.47	COMMIT	121142	3990803	255337	0	0	ABORT	1	203	0	2	0	0	17	278	360	416	0	0	0	1	0.00	
TPCC	HLOCK	20	500392.37	COMMIT	98106	3992098	216233	0	0	ABORT	0	0	0	0	0	0	21	343	439	507	0	0	0	1	0.00	
TPCC	HLOCK	24	529172.29	COMMIT	82639	3991908	190553	0	0	ABORT	15	609	0	26	0	0	25	403	511	583	0	0	0	1	0.00	
TPCC	HLOCK	28	548261.33	COMMIT	72156	3992034	171990	0	0	ABORT	15	146	0	29	0	0	28	474	591	667	0	0	0	1	0.00	
TPCC	HLOCK	32	636366.73	COMMIT	73021	3991723	178879	0	0	ABORT	15	142	1	26	0	0	27	478	611	702	0	0	0	1	0.00	
TPCC	HLOCK	36	657250.05	COMMIT	64073	3992108	164874	0	0	ABORT	15	144	0	29	0	0	30	535	683	782	0	0	0	1	0.00	
TPCC	SILO	1	59303.70	COMMIT	233528	3989881	0	0	0	ABORT	0	0	0	0	0	0	6	142	159	171	0	0	0	0	0.00	
TPCC	SILO	4	198580.37	COMMIT	205833	3976827	0	0	0	ABORT	32	3862	0	48	0	0	9	156	180	258	0	0	0	1	0.00	
TPCC	SILO	8	342262.65	COMMIT	178314	3979959	0	0	0	ABORT	32	4705	0	49	0	0	11	186	224	302	0	0	0	1	0.00	
TPCC	SILO	12	456776.98	COMMIT	163050	3985570	0	0	0	ABORT	32	5443	0	51	0	0	12	221	277	350	0	0	0	1	0.00	
TPCC	SILO	16	527656.99	COMMIT	137406	3986868	0	0	0	ABORT	30	6041	0	46	0	0	13	266	338	414	0	0	0	1	0.00	
TPCC	SILO	20	553969.83	COMMIT	109439	3988696	0	0	0	ABORT	14	4305	0	26	0	0	16	333	422	521	0	0	0	1	0.00	
TPCC	SILO	24	580955.44	COMMIT	93701	3988668	0	0	0	ABORT	26	4934	0	42	0	0	19	399	500	620	0	0	0	1	0.00	
TPCC	SILO	28	585435.01	COMMIT	75272	3987304	0	0	0	ABORT	29	7562	0	48	0	0	23	481	605	778	0	0	0	1	0.00	
TPCC	SILO	32	659894.04	COMMIT	72824	3986919	0	0	0	ABORT	19	6355	0	30	0	0	23	504	638	786	0	0	0	1	0.00	
TPCC	SILO	36	692249.27	COMMIT	65884	3982799	0	0	0	ABORT	26	10031	0	45	0	0	25	556	708	864	0	0	0	1	0.00	
