Rd	Wt	Zip	T	CC	TP	P50	P90	P99	P999	Abt
0.00	1.00	0.10	1	WOUND_WAIT	0	249595.33	3	4	4	5	6	0	0	0	0	0	0
0.00	1.00	0.10	4	WOUND_WAIT	0	657145.14	6	6	7	7	12	0	0	0	0	0	0
0.00	1.00	0.10	8	WOUND_WAIT	0	1317500.61	6	6	7	7	12	0	0	0	0	0	0
0.00	1.00	0.10	12	WOUND_WAIT	0	1925664.29	6	7	7	7	13	0	0	0	0	0	0
0.00	1.00	0.10	16	WOUND_WAIT	0	2457538.04	6	7	7	7	14	0	0	0	0	0	0
0.00	1.00	0.10	20	WOUND_WAIT	0	2595516.18	7	8	9	10	15	0	0	0	0	0	1
0.00	1.00	0.10	24	WOUND_WAIT	0	2822759.49	8	9	10	11	15	0	0	0	0	0	1
0.00	1.00	0.10	28	WOUND_WAIT	0	3098071.48	8	10	10	11	15	0	0	0	0	0	2
0.00	1.00	0.10	32	WOUND_WAIT	0	3389005.31	9	10	11	12	16	0	0	0	0	0	7
0.00	1.00	0.10	36	WOUND_WAIT	0	3868962.50	9	10	11	12	16	0	0	0	0	0	3
0.00	1.00	0.10	40	WOUND_WAIT	0	4215521.70	9	11	11	12	17	0	0	0	0	0	10
0.00	1.00	0.10	44	WOUND_WAIT	0	4325220.31	10	12	13	14	18	0	0	0	0	0	9
0.00	1.00	0.10	48	WOUND_WAIT	0	4659763.07	10	13	13	15	19	0	0	0	0	0	11
0.00	1.00	0.10	52	WOUND_WAIT	0	5061296.29	10	13	14	15	19	0	0	0	0	0	16
0.00	1.00	0.10	56	WOUND_WAIT	0	5323568.14	10	13	14	15	20	0	0	0	0	0	18
0.00	1.00	0.10	60	WOUND_WAIT	0	5749067.12	10	13	14	16	19	0	0	0	0	0	17
0.00	1.00	0.10	64	WOUND_WAIT	0	5881904.52	10	15	16	18	21	0	0	0	0	0	25
0.00	1.00	0.10	1	SILO	0	397243.97	2	2	2	4	5	0	0	0	0	0	0
0.00	1.00	0.10	4	SILO	0	834895.33	4	5	6	6	9	0	0	0	0	0	309
0.00	1.00	0.10	8	SILO	0	1695154.79	4	5	6	6	11	0	0	0	0	0	1426
0.00	1.00	0.10	12	SILO	0	2380348.69	5	5	6	6	12	0	0	0	0	0	3315
0.00	1.00	0.10	16	SILO	0	3100677.72	5	6	6	6	13	0	0	0	0	0	6000
0.00	1.00	0.10	20	SILO	0	3408588.72	5	6	7	7	14	0	0	0	0	0	8181
0.00	1.00	0.10	24	SILO	0	3840883.31	6	7	8	8	14	0	0	0	0	0	10915
0.00	1.00	0.10	28	SILO	0	4291761.94	6	7	8	9	14	0	0	0	0	0	14425
0.00	1.00	0.10	32	SILO	0	4660210.79	6	8	8	9	17	0	0	0	0	0	17664
0.00	1.00	0.10	36	SILO	0	5298701.60	6	8	8	9	22	0	0	0	0	0	21895
0.00	1.00	0.10	40	SILO	0	5775776.28	6	8	9	10	26	0	0	0	0	1	26736
0.00	1.00	0.10	44	SILO	0	6131520.85	7	9	9	11	35	0	0	0	0	1	31053
0.00	1.00	0.10	48	SILO	0	6432253.96	7	9	10	11	40	0	0	0	0	1	35237
0.00	1.00	0.10	52	SILO	0	7224594.30	7	9	10	11	46	0	0	0	0	1	43086
0.00	1.00	0.10	56	SILO	0	7514259.48	7	9	10	11	49	0	0	0	0	1	47404
0.00	1.00	0.10	60	SILO	0	8048502.07	7	10	11	12	54	0	0	0	0	1	54508
0.00	1.00	0.10	64	SILO	0	8702031.64	7	11	12	13	59	0	0	0	0	1	62007
0.50	0.50	0.10	1	WOUND_WAIT	0	293352.73	3	3	4	5	6	0	0	0	0	0	0
0.50	0.50	0.10	4	WOUND_WAIT	0	720538.62	5	6	6	6	10	0	0	0	0	0	0
0.50	0.50	0.10	8	WOUND_WAIT	0	1433572.69	5	6	6	6	10	0	0	0	0	0	0
0.50	0.50	0.10	12	WOUND_WAIT	0	2055045.33	5	6	6	7	12	0	0	0	0	0	0
0.50	0.50	0.10	16	WOUND_WAIT	0	2681258.76	5	6	6	6	12	0	0	0	0	0	0
0.50	0.50	0.10	20	WOUND_WAIT	0	2849383.81	6	8	8	9	13	0	0	0	0	0	1
0.50	0.50	0.10	24	WOUND_WAIT	0	3082941.02	7	8	9	10	13	0	0	0	0	0	0
0.50	0.50	0.10	28	WOUND_WAIT	0	3445090.72	8	9	9	10	15	0	0	0	0	0	1
0.50	0.50	0.10	32	WOUND_WAIT	0	3729293.39	8	9	10	11	15	0	0	0	0	0	0
0.50	0.50	0.10	36	WOUND_WAIT	0	4163622.83	8	10	10	11	15	0	0	0	0	0	4
0.50	0.50	0.10	40	WOUND_WAIT	0	4547280.37	8	10	10	12	15	0	0	0	0	0	6
0.50	0.50	0.10	44	WOUND_WAIT	0	4692579.50	9	11	12	13	17	0	0	0	0	0	6
0.50	0.50	0.10	48	WOUND_WAIT	0	5160990.41	9	11	12	13	17	0	0	0	0	0	5
0.50	0.50	0.10	52	WOUND_WAIT	0	5513970.71	9	12	12	14	20	0	0	0	0	0	12
0.50	0.50	0.10	56	WOUND_WAIT	0	5792654.01	9	12	12	14	18	0	0	0	0	0	16
0.50	0.50	0.10	60	WOUND_WAIT	0	6257831.22	9	12	13	14	17	0	0	0	0	0	14
0.50	0.50	0.10	64	WOUND_WAIT	0	6493306.96	9	13	13	15	18	0	0	0	0	0	10
0.50	0.50	0.10	1	SILO	0	405589.66	2	2	2	3	5	0	0	0	0	0	0
0.50	0.50	0.10	4	SILO	0	817095.91	4	5	6	6	10	0	0	0	0	0	156
0.50	0.50	0.10	8	SILO	0	1624532.46	4	5	6	6	10	0	0	0	0	0	745
0.50	0.50	0.10	12	SILO	0	2433198.09	4	5	5	5	12	0	0	0	0	0	1789
0.50	0.50	0.10	16	SILO	0	3056630.95	5	6	6	6	13	0	0	0	0	0	3075
0.50	0.50	0.10	20	SILO	0	3389443.92	5	6	7	8	13	0	0	0	0	0	4103
0.50	0.50	0.10	24	SILO	0	3709376.21	6	7	8	8	13	0	0	0	0	0	5324
0.50	0.50	0.10	28	SILO	0	4111917.21	6	7	8	9	15	0	0	0	0	0	6852
0.50	0.50	0.10	32	SILO	0	4480653.63	7	8	8	9	16	0	0	0	0	0	8623
0.50	0.50	0.10	36	SILO	0	4934444.74	7	8	9	10	15	0	0	0	0	0	10437
0.50	0.50	0.10	40	SILO	0	5450839.04	7	8	9	10	16	0	0	0	0	0	12603
0.50	0.50	0.10	44	SILO	0	5890642.07	7	9	9	10	17	0	0	0	0	0	14940
0.50	0.50	0.10	48	SILO	0	6232180.86	7	9	10	11	17	0	0	0	0	0	17457
0.50	0.50	0.10	52	SILO	0	6745753.53	7	9	9	11	21	0	0	0	0	0	20053
0.50	0.50	0.10	56	SILO	0	7200057.00	7	9	10	11	18	0	0	0	0	0	22773
0.50	0.50	0.10	60	SILO	0	7456423.80	7	10	11	12	20	0	0	0	0	0	25121
0.50	0.50	0.10	64	SILO	0	8222059.30	7	10	11	12	22	0	0	0	0	0	29740
1.00	0.00	0.10	1	WOUND_WAIT	0	437207.42	2	2	2	4	5	0	0	0	0	0	0
1.00	0.00	0.10	4	WOUND_WAIT	0	753780.60	5	6	6	6	9	0	0	0	0	0	0
1.00	0.00	0.10	8	WOUND_WAIT	0	1478687.33	5	6	6	6	11	0	0	0	0	0	0
1.00	0.00	0.10	12	WOUND_WAIT	0	2192215.19	5	6	6	6	12	0	0	0	0	0	0
1.00	0.00	0.10	16	WOUND_WAIT	0	2894244.09	5	6	6	7	12	0	0	0	0	0	0
1.00	0.00	0.10	20	WOUND_WAIT	0	3118894.55	6	7	8	8	12	0	0	0	0	0	0
1.00	0.00	0.10	24	WOUND_WAIT	0	3381198.18	6	8	8	9	13	0	0	0	0	0	0
1.00	0.00	0.10	28	WOUND_WAIT	0	3756225.91	7	8	8	9	14	0	0	0	0	0	0
1.00	0.00	0.10	32	WOUND_WAIT	0	4183019.16	7	8	9	10	14	0	0	0	0	0	0
1.00	0.00	0.10	36	WOUND_WAIT	0	4547443.49	7	9	9	10	15	0	0	0	0	0	0
1.00	0.00	0.10	40	WOUND_WAIT	0	4959196.56	8	9	10	11	14	0	0	0	0	0	0
1.00	0.00	0.10	44	WOUND_WAIT	0	5314148.04	8	10	10	11	15	0	0	0	0	0	0
1.00	0.00	0.10	48	WOUND_WAIT	0	5858815.58	8	9	10	11	15	0	0	0	0	0	0
1.00	0.00	0.10	52	WOUND_WAIT	0	6146937.16	8	10	10	11	19	0	0	0	0	0	0
1.00	0.00	0.10	56	WOUND_WAIT	0	6380889.91	8	11	11	13	16	0	0	0	0	0	0
1.00	0.00	0.10	60	WOUND_WAIT	0	6806211.82	8	10	11	12	15	0	0	0	0	0	0
1.00	0.00	0.10	64	WOUND_WAIT	0	7150056.13	8	11	11	13	16	0	0	0	0	0	0
1.00	0.00	0.10	1	SILO	0	411442.92	2	2	3	4	5	0	0	0	0	0	0
1.00	0.00	0.10	4	SILO	0	858583.73	4	5	5	6	9	0	0	0	0	0	0
1.00	0.00	0.10	8	SILO	0	1735643.97	4	5	5	6	10	0	0	0	0	0	0
1.00	0.00	0.10	12	SILO	0	2550852.25	4	5	5	6	11	0	0	0	0	0	0
1.00	0.00	0.10	16	SILO	0	3396595.55	4	5	5	5	11	0	0	0	0	0	0
1.00	0.00	0.10	20	SILO	0	3759796.53	5	6	7	7	11	0	0	0	0	0	0
1.00	0.00	0.10	24	SILO	0	3931496.06	6	7	7	8	12	0	0	0	0	0	0
1.00	0.00	0.10	28	SILO	0	4294913.32	6	7	8	8	13	0	0	0	0	0	0
1.00	0.00	0.10	32	SILO	0	4716611.49	6	7	8	9	15	0	0	0	0	0	0
1.00	0.00	0.10	36	SILO	0	5430854.03	6	7	8	8	13	0	0	0	0	0	0
1.00	0.00	0.10	40	SILO	0	5963895.41	6	7	8	8	13	0	0	0	0	0	0
1.00	0.00	0.10	44	SILO	0	6343045.02	6	8	8	9	13	0	0	0	0	0	0
1.00	0.00	0.10	48	SILO	0	6753812.95	7	8	9	10	15	0	0	0	0	0	0
1.00	0.00	0.10	52	SILO	0	7531380.07	6	8	9	10	15	0	0	0	0	0	0
1.00	0.00	0.10	56	SILO	0	8044086.05	6	8	8	9	13	0	0	0	0	0	0
1.00	0.00	0.10	60	SILO	0	8464484.36	7	8	9	10	13	0	0	0	0	0	0
1.00	0.00	0.10	64	SILO	0	9087814.74	7	8	9	10	13	0	0	0	0	0	0
0.00	1.00	0.70	1	WOUND_WAIT	0	333449.73	2	3	3	4	6	0	0	0	0	0	0
0.00	1.00	0.70	4	WOUND_WAIT	0	801935.91	4	5	6	6	9	0	0	0	0	0	67
0.00	1.00	0.70	8	WOUND_WAIT	0	1559999.11	5	6	6	7	10	0	0	0	0	0	952
0.00	1.00	0.70	12	WOUND_WAIT	0	2303509.89	5	6	6	7	12	0	0	0	0	0	3543
0.00	1.00	0.70	16	WOUND_WAIT	0	2949203.92	5	6	6	8	15	0	0	0	0	0	8155
0.00	1.00	0.70	20	WOUND_WAIT	0	3093154.15	6	7	8	10	30	0	0	0	0	1	14903
0.00	1.00	0.70	24	WOUND_WAIT	0	3231696.86	7	8	9	13	57	0	0	0	0	1	22839
0.00	1.00	0.70	28	WOUND_WAIT	0	3523033.98	7	9	10	15	78	0	0	0	0	1	35167
0.00	1.00	0.70	32	WOUND_WAIT	0	3906728.57	7	9	10	16	91	0	0	0	0	1	51461
0.00	1.00	0.70	36	WOUND_WAIT	0	4118416.09	8	10	11	20	106	0	0	0	0	1	74036
0.00	1.00	0.70	40	WOUND_WAIT	0	4492437.35	8	10	12	25	117	0	0	0	0	1	103049
0.00	1.00	0.70	44	WOUND_WAIT	0	4696191.46	8	11	13	34	138	0	0	0	0	1	128547
0.00	1.00	0.70	48	WOUND_WAIT	0	4780824.89	9	12	14	50	172	0	0	0	0	1	149019
0.00	1.00	0.70	52	WOUND_WAIT	0	4967839.91	8	12	16	73	201	0	0	0	0	1	161020
0.00	1.00	0.70	56	WOUND_WAIT	0	4875507.78	9	12	18	94	296	0	0	0	0	1	173995
0.00	1.00	0.70	60	WOUND_WAIT	0	4690816.16	9	12	19	122	392	0	0	0	0	2	215846
0.00	1.00	0.70	64	WOUND_WAIT	0	4139756.33	8	12	19	187	662	0	0	0	0	2	324809
0.00	1.00	0.70	1	SILO	0	457292.52	2	2	2	3	5	0	0	0	0	0	0
0.00	1.00	0.70	4	SILO	0	1046077.43	3	4	5	6	90	0	0	0	0	1	25325
0.00	1.00	0.70	8	SILO	0	1947965.97	4	5	5	34	101	0	0	0	1	1	114579
0.00	1.00	0.70	12	SILO	0	2970029.43	4	5	5	62	104	0	0	0	1	1	274985
0.00	1.00	0.70	16	SILO	0	3806764.71	4	5	5	74	107	0	0	0	1	2	479730
0.00	1.00	0.70	20	SILO	0	4179346.65	4	5	6	83	117	0	0	0	1	2	668997
0.00	1.00	0.70	24	SILO	0	4603444.10	5	6	7	88	135	0	0	0	1	2	886122
0.00	1.00	0.70	28	SILO	0	5060787.63	5	7	10	93	146	0	0	0	1	2	1130267
0.00	1.00	0.70	32	SILO	0	5579906.93	5	7	21	96	158	0	0	1	1	2	1421850
0.00	1.00	0.70	36	SILO	0	6181132.53	5	7	32	99	169	0	0	1	1	2	1782447
0.00	1.00	0.70	40	SILO	0	6635022.99	6	8	40	101	177	0	0	1	1	3	2112717
0.00	1.00	0.70	44	SILO	0	7094083.58	6	8	46	103	185	0	0	1	1	3	2460699
0.00	1.00	0.70	48	SILO	0	7520341.20	6	9	52	105	192	0	0	1	1	3	2804755
0.00	1.00	0.70	52	SILO	0	7948732.02	6	9	57	107	203	0	0	1	2	3	3252237
0.00	1.00	0.70	56	SILO	0	8733533.07	6	10	61	109	219	0	0	1	2	3	3838845
0.00	1.00	0.70	60	SILO	0	8870060.89	6	11	65	111	228	0	0	1	2	3	4148912
0.00	1.00	0.70	64	SILO	0	9647564.37	6	14	69	117	253	0	1	1	2	4	4867543
0.50	0.50	0.70	1	WOUND_WAIT	0	444815.48	2	2	2	2	5	0	0	0	0	0	0
0.50	0.50	0.70	4	WOUND_WAIT	0	847262.22	4	5	5	6	9	0	0	0	0	0	32
0.50	0.50	0.70	8	WOUND_WAIT	0	1635128.18	4	5	6	6	9	0	0	0	0	0	587
0.50	0.50	0.70	12	WOUND_WAIT	0	2452989.22	4	5	5	6	10	0	0	0	0	0	2374
0.50	0.50	0.70	16	WOUND_WAIT	0	3148717.98	5	5	6	7	12	0	0	0	0	0	5523
0.50	0.50	0.70	20	WOUND_WAIT	0	3373049.92	5	7	7	9	17	0	0	0	0	0	10082
0.50	0.50	0.70	24	WOUND_WAIT	0	3560743.68	6	8	8	11	29	0	0	0	0	1	16276
0.50	0.50	0.70	28	WOUND_WAIT	0	3894996.90	6	8	9	12	51	0	0	0	0	1	24618
0.50	0.50	0.70	32	WOUND_WAIT	0	4283263.21	7	8	9	14	69	0	0	0	0	1	36131
0.50	0.50	0.70	36	WOUND_WAIT	0	4584357.40	7	9	10	16	86	0	0	0	0	1	52456
0.50	0.50	0.70	40	WOUND_WAIT	0	4754572.10	8	10	11	19	99	0	0	0	0	1	69167
0.50	0.50	0.70	44	WOUND_WAIT	0	5192607.38	8	10	11	21	109	0	0	0	0	1	92409
0.50	0.50	0.70	48	WOUND_WAIT	0	5431155.28	8	10	12	25	124	0	0	0	0	1	122349
0.50	0.50	0.70	52	WOUND_WAIT	0	5585266.93	8	11	13	36	168	0	0	0	0	1	154220
0.50	0.50	0.70	56	WOUND_WAIT	0	5708144.46	8	11	14	57	186	0	0	0	0	1	162857
0.50	0.50	0.70	60	WOUND_WAIT	0	5642118.69	8	12	16	78	236	0	0	0	0	1	162871
0.50	0.50	0.70	64	WOUND_WAIT	0	5871019.66	8	11	17	91	258	0	0	0	0	1	172085
0.50	0.50	0.70	1	SILO	0	478792.01	1	2	2	3	5	0	0	0	0	0	0
0.50	0.50	0.70	4	SILO	0	1019627.64	3	4	5	5	73	0	0	0	0	1	12323
0.50	0.50	0.70	8	SILO	0	2002383.05	3	4	4	5	93	0	0	0	0	1	60589
0.50	0.50	0.70	12	SILO	0	2903734.47	4	5	5	16	99	0	0	0	1	1	135485
0.50	0.50	0.70	16	SILO	0	3767092.63	4	5	5	40	101	0	0	0	1	1	239666
0.50	0.50	0.70	20	SILO	0	4023155.22	4	6	6	55	104	0	0	0	1	1	323946
0.50	0.50	0.70	24	SILO	0	4502898.42	5	6	7	65	106	0	0	0	1	1	438006
0.50	0.50	0.70	28	SILO	0	4922181.79	5	7	7	72	108	0	0	0	1	1	560258
0.50	0.50	0.70	32	SILO	0	5497141.84	5	7	8	78	109	0	0	0	1	2	712034
0.50	0.50	0.70	36	SILO	0	5898446.30	6	7	8	82	111	0	0	0	1	2	861646
0.50	0.50	0.70	40	SILO	0	6449426.17	6	7	8	85	115	0	0	0	1	2	1042477
0.50	0.50	0.70	44	SILO	0	6840981.90	6	8	9	88	124	0	0	0	1	2	1204678
0.50	0.50	0.70	48	SILO	0	7369240.23	6	8	10	91	133	0	0	0	1	2	1408558
0.50	0.50	0.70	52	SILO	0	7709624.61	6	8	11	93	140	0	0	0	1	2	1587381
0.50	0.50	0.70	56	SILO	0	8224014.25	6	9	13	95	147	0	0	1	1	2	1815006
0.50	0.50	0.70	60	SILO	0	8678317.14	6	9	19	97	153	0	0	1	1	2	2038532
0.50	0.50	0.70	64	SILO	0	9379827.47	6	9	24	98	159	0	0	1	1	2	2347061
1.00	0.00	0.70	1	WOUND_WAIT	0	542953.61	1	1	2	2	5	0	0	0	0	0	0
1.00	0.00	0.70	4	WOUND_WAIT	0	936174.23	4	5	5	6	8	0	0	0	0	0	0
1.00	0.00	0.70	8	WOUND_WAIT	0	1774061.21	4	5	5	6	8	0	0	0	0	0	0
1.00	0.00	0.70	12	WOUND_WAIT	0	2708539.10	4	5	5	5	8	0	0	0	0	0	0
1.00	0.00	0.70	16	WOUND_WAIT	0	3416842.14	4	5	5	6	10	0	0	0	0	0	0
1.00	0.00	0.70	20	WOUND_WAIT	0	3721003.77	5	6	7	7	11	0	0	0	0	0	0
1.00	0.00	0.70	24	WOUND_WAIT	0	4019268.90	5	7	7	8	12	0	0	0	0	0	0
1.00	0.00	0.70	28	WOUND_WAIT	0	4447718.93	6	7	7	8	13	0	0	0	0	0	0
1.00	0.00	0.70	32	WOUND_WAIT	0	4946331.87	6	7	8	9	14	0	0	0	0	0	0
1.00	0.00	0.70	36	WOUND_WAIT	0	5269813.22	6	8	8	9	15	0	0	0	0	0	0
1.00	0.00	0.70	40	WOUND_WAIT	0	5536491.52	7	8	9	10	17	0	0	0	0	0	0
1.00	0.00	0.70	44	WOUND_WAIT	0	6013369.03	7	8	9	11	18	0	0	0	0	0	0
1.00	0.00	0.70	48	WOUND_WAIT	0	6300408.11	7	9	10	12	19	0	0	0	0	0	0
1.00	0.00	0.70	52	WOUND_WAIT	0	6675984.55	7	9	10	12	21	0	0	0	0	0	0
1.00	0.00	0.70	56	WOUND_WAIT	0	6976001.53	7	9	10	13	21	0	0	0	0	0	0
1.00	0.00	0.70	60	WOUND_WAIT	0	7440601.91	7	10	11	14	22	0	0	0	0	0	0
1.00	0.00	0.70	64	WOUND_WAIT	0	7424570.77	8	11	12	14	23	0	0	0	0	0	0
1.00	0.00	0.70	1	SILO	0	570787.54	1	1	1	2	5	0	0	0	0	0	0
1.00	0.00	0.70	4	SILO	0	1136068.16	3	4	4	5	7	0	0	0	0	0	0
1.00	0.00	0.70	8	SILO	0	2212013.53	3	4	4	5	7	0	0	0	0	0	0
1.00	0.00	0.70	12	SILO	0	3237652.15	3	4	4	5	8	0	0	0	0	0	0
1.00	0.00	0.70	16	SILO	0	4216878.19	3	4	4	5	10	0	0	0	0	0	0
1.00	0.00	0.70	20	SILO	0	4799234.44	3	5	5	7	9	0	0	0	0	0	0
1.00	0.00	0.70	24	SILO	0	5296862.77	4	5	6	7	10	0	0	0	0	0	0
1.00	0.00	0.70	28	SILO	0	5745564.41	4	6	6	7	10	0	0	0	0	0	0
1.00	0.00	0.70	32	SILO	0	6431003.84	4	6	6	7	11	0	0	0	0	0	0
1.00	0.00	0.70	36	SILO	0	7191530.76	4	6	6	7	11	0	0	0	0	0	0
1.00	0.00	0.70	40	SILO	0	7823255.09	5	6	7	7	11	0	0	0	0	0	0
1.00	0.00	0.70	44	SILO	0	8444281.27	5	6	7	8	11	0	0	0	0	0	0
1.00	0.00	0.70	48	SILO	0	9017140.02	5	6	7	8	11	0	0	0	0	0	0
1.00	0.00	0.70	52	SILO	0	9812262.52	5	6	7	8	13	0	0	0	0	0	0
1.00	0.00	0.70	56	SILO	0	10521089.68	5	6	7	8	11	0	0	0	0	0	0
1.00	0.00	0.70	60	SILO	0	10959319.02	5	7	7	9	11	0	0	0	0	0	0
1.00	0.00	0.70	64	SILO	0	11897437.59	5	7	7	9	11	0	0	0	0	0	0
0.00	1.00	0.75	1	WOUND_WAIT	0	374722.69	2	3	3	3	6	0	0	0	0	0	0
0.00	1.00	0.75	4	WOUND_WAIT	0	829480.22	4	5	6	6	9	0	0	0	0	0	337
0.00	1.00	0.75	8	WOUND_WAIT	0	1649668.92	4	5	5	7	12	0	0	0	0	0	4951
0.00	1.00	0.75	12	WOUND_WAIT	0	2422172.24	4	5	6	8	51	0	0	0	0	1	17600
0.00	1.00	0.75	16	WOUND_WAIT	0	3057103.24	5	6	6	10	81	0	0	0	0	1	41377
0.00	1.00	0.75	20	WOUND_WAIT	0	3073660.41	6	8	9	16	101	0	0	0	0	1	73635
0.00	1.00	0.75	24	WOUND_WAIT	0	3240784.13	6	9	10	27	116	0	0	0	0	1	117411
0.00	1.00	0.75	28	WOUND_WAIT	0	3327477.60	7	10	13	53	157	0	0	0	1	2	168704
0.00	1.00	0.75	32	WOUND_WAIT	0	3500052.25	7	10	16	68	164	0	0	0	1	2	181162
0.00	1.00	0.75	36	WOUND_WAIT	0	3486582.91	7	12	22	94	297	0	0	0	1	2	247626
0.00	1.00	0.75	40	WOUND_WAIT	0	3203942.20	7	12	30	143	475	0	0	0	1	3	346756
0.00	1.00	0.75	44	WOUND_WAIT	0	2904934.05	7	13	37	190	725	0	0	0	1	3	478597
0.00	1.00	0.75	48	WOUND_WAIT	0	2536044.90	7	15	38	198	958	0	0	0	1	4	674796
0.00	1.00	0.75	52	WOUND_WAIT	0	2390490.53	7	15	40	212	1020	0	0	0	1	4	658459
0.00	1.00	0.75	56	WOUND_WAIT	0	2226874.05	7	16	49	214	820	0	0	0	1	3	559715
0.00	1.00	0.75	60	WOUND_WAIT	0	2181250.19	7	17	62	245	779	0	0	0	1	3	513257
0.00	1.00	0.75	64	WOUND_WAIT	0	1969499.55	7	18	62	234	801	0	0	0	1	3	503628
0.00	1.00	0.75	1	SILO	0	474032.95	2	2	2	3	5	0	0	0	0	0	0
0.00	1.00	0.75	4	SILO	0	1041443.71	3	4	5	35	100	0	0	0	1	1	61783
0.00	1.00	0.75	8	SILO	0	2115177.18	3	4	5	78	107	0	0	0	1	2	302446
0.00	1.00	0.75	12	SILO	0	2937900.31	4	5	6	90	141	0	0	0	1	2	645938
0.00	1.00	0.75	16	SILO	0	4025868.20	3	5	31	97	167	0	0	1	1	2	1228655
0.00	1.00	0.75	20	SILO	0	4261092.31	4	6	48	101	183	0	0	1	1	3	1629815
0.00	1.00	0.75	24	SILO	0	4886360.08	4	7	60	105	199	0	0	1	2	3	2224371
0.00	1.00	0.75	28	SILO	0	5182471.97	5	16	68	109	217	0	1	1	2	3	2749149
0.00	1.00	0.75	32	SILO	0	5708357.68	5	28	75	123	242	0	1	1	2	4	3455243
0.00	1.00	0.75	36	SILO	0	6042556.27	5	37	81	139	270	0	1	1	2	4	4119288
0.00	1.00	0.75	40	SILO	0	6653623.61	5	45	86	155	308	0	1	1	2	5	5058623
0.00	1.00	0.75	44	SILO	0	6961867.75	6	52	90	171	360	0	1	1	3	6	5962981
0.00	1.00	0.75	48	SILO	0	7381653.73	6	57	94	186	428	0	1	1	3	7	6923035
0.00	1.00	0.75	52	SILO	0	4712950.46	6	61	107	674	2716	0	1	1	9	38	9720278
0.00	1.00	0.75	56	SILO	0	3747452.17	6	62	156	1260	4175	0	1	2	17	57	11696997
0.00	1.00	0.75	60	SILO	0	3581886.01	6	61	197	1525	4916	0	1	2	20	64	12073067
0.00	1.00	0.75	64	SILO	0	3266669.16	5	58	227	1798	5952	0	1	2	22	72	11970103
0.50	0.50	0.75	1	WOUND_WAIT	0	470351.55	2	2	2	3	5	0	0	0	0	0	0
0.50	0.50	0.75	4	WOUND_WAIT	0	881008.44	4	5	5	6	9	0	0	0	0	0	216
0.50	0.50	0.75	8	WOUND_WAIT	0	1734196.19	4	5	5	6	10	0	0	0	0	0	2901
0.50	0.50	0.75	12	WOUND_WAIT	0	2523455.13	4	5	6	7	20	0	0	0	0	1	11231
0.50	0.50	0.75	16	WOUND_WAIT	0	3271825.43	4	5	6	8	60	0	0	0	0	1	27153
0.50	0.50	0.75	20	WOUND_WAIT	0	3347255.25	5	7	8	13	87	0	0	0	0	1	50292
0.50	0.50	0.75	24	WOUND_WAIT	0	3551301.53	6	8	9	17	103	0	0	0	0	1	82978
0.50	0.50	0.75	28	WOUND_WAIT	0	3749382.93	6	8	11	27	118	0	0	0	0	1	129405
0.50	0.50	0.75	32	WOUND_WAIT	0	4090523.23	7	9	12	45	143	0	0	0	0	2	181033
0.50	0.50	0.75	36	WOUND_WAIT	0	4168985.04	7	10	15	74	204	0	0	0	1	2	234718
0.50	0.50	0.75	40	WOUND_WAIT	0	3954331.94	7	11	20	97	271	0	0	0	1	2	243189
0.50	0.50	0.75	44	WOUND_WAIT	0	3766497.62	7	12	32	130	374	0	0	0	1	2	299932
0.50	0.50	0.75	48	WOUND_WAIT	0	3248874.49	7	13	37	177	626	0	0	0	1	3	472340
0.50	0.50	0.75	52	WOUND_WAIT	0	2903434.55	7	14	39	236	1064	0	0	0	1	4	575323
0.50	0.50	0.75	56	WOUND_WAIT	0	2348090.69	7	16	46	237	1101	0	0	0	1	4	677487
0.50	0.50	0.75	60	WOUND_WAIT	0	2169166.36	7	17	51	234	1025	0	0	0	1	3	595417
0.50	0.50	0.75	64	WOUND_WAIT	0	2262549.57	7	15	48	224	1043	0	0	0	1	3	476537
0.50	0.50	0.75	1	SILO	0	493326.29	1	2	2	3	5	0	0	0	0	0	0
0.50	0.50	0.75	4	SILO	0	1057729.31	3	4	5	6	93	0	0	0	0	1	31402
0.50	0.50	0.75	8	SILO	0	2082337.21	3	4	5	47	102	0	0	0	1	1	147719
0.50	0.50	0.75	12	SILO	0	3141013.80	3	4	4	69	105	0	0	0	1	1	357787
0.50	0.50	0.75	16	SILO	0	4060446.00	3	4	5	80	107	0	0	0	1	2	619200
0.50	0.50	0.75	20	SILO	0	4222906.10	4	6	7	87	124	0	0	0	1	2	812662
0.50	0.50	0.75	24	SILO	0	4646462.45	5	6	12	92	141	0	0	1	1	2	1077234
0.50	0.50	0.75	28	SILO	0	5287862.54	5	7	25	96	154	0	0	1	1	2	1413216
0.50	0.50	0.75	32	SILO	0	5630476.94	5	7	36	99	162	0	0	1	1	2	1729412
0.50	0.50	0.75	36	SILO	0	6361703.15	5	7	45	101	174	0	0	1	1	2	2172861
0.50	0.50	0.75	40	SILO	0	6553542.41	6	8	52	104	181	0	0	1	1	3	2484913
0.50	0.50	0.75	44	SILO	0	6959998.70	6	9	58	105	188	0	0	1	1	3	2873298
0.50	0.50	0.75	48	SILO	0	7504245.06	6	9	62	107	196	0	0	1	2	3	3367814
0.50	0.50	0.75	52	SILO	0	7764714.86	6	14	67	109	205	0	1	1	2	3	3767530
0.50	0.50	0.75	56	SILO	0	8483362.77	6	20	71	112	220	0	1	1	2	3	4448014
0.50	0.50	0.75	60	SILO	0	8756949.48	6	26	75	116	232	0	1	1	2	4	4906166
0.50	0.50	0.75	64	SILO	0	9339095.26	6	31	78	125	247	0	1	1	2	4	5556529
1.00	0.00	0.75	1	WOUND_WAIT	0	557237.78	1	1	1	2	4	0	0	0	0	0	0
1.00	0.00	0.75	4	WOUND_WAIT	0	967701.44	4	4	5	5	7	0	0	0	0	0	0
1.00	0.00	0.75	8	WOUND_WAIT	0	1886329.90	4	5	5	5	8	0	0	0	0	0	0
1.00	0.00	0.75	12	WOUND_WAIT	0	2771108.76	4	5	5	5	8	0	0	0	0	0	0
1.00	0.00	0.75	16	WOUND_WAIT	0	3691389.20	4	5	5	5	9	0	0	0	0	0	0
1.00	0.00	0.75	20	WOUND_WAIT	0	3757679.81	5	6	6	7	12	0	0	0	0	0	0
1.00	0.00	0.75	24	WOUND_WAIT	0	4110387.90	5	6	7	8	14	0	0	0	0	0	0
1.00	0.00	0.75	28	WOUND_WAIT	0	4435695.87	6	7	7	10	15	0	0	0	0	0	0
1.00	0.00	0.75	32	WOUND_WAIT	0	4989029.84	6	7	8	10	16	0	0	0	0	0	0
1.00	0.00	0.75	36	WOUND_WAIT	0	5293052.76	6	8	8	12	18	0	0	0	0	0	0
1.00	0.00	0.75	40	WOUND_WAIT	0	5733318.35	6	8	9	13	20	0	0	0	0	0	0
1.00	0.00	0.75	44	WOUND_WAIT	0	6007643.36	7	9	9	14	23	0	0	0	0	0	0
1.00	0.00	0.75	48	WOUND_WAIT	0	6373797.69	7	9	10	16	26	0	0	0	0	0	0
1.00	0.00	0.75	52	WOUND_WAIT	0	6652893.56	7	9	11	18	34	0	0	0	0	0	0
1.00	0.00	0.75	56	WOUND_WAIT	0	6778095.99	7	10	11	20	42	0	0	0	0	0	0
1.00	0.00	0.75	60	WOUND_WAIT	0	6937321.74	8	10	12	25	56	0	0	0	0	0	0
1.00	0.00	0.75	64	WOUND_WAIT	0	7189721.65	8	10	14	33	78	0	0	0	0	0	0
1.00	0.00	0.75	1	SILO	0	573479.05	1	1	1	2	4	0	0	0	0	0	0
1.00	0.00	0.75	4	SILO	0	1220440.28	3	4	4	5	6	0	0	0	0	0	0
1.00	0.00	0.75	8	SILO	0	2373906.69	3	4	4	5	6	0	0	0	0	0	0
1.00	0.00	0.75	12	SILO	0	3450561.34	3	4	4	5	8	0	0	0	0	0	0
1.00	0.00	0.75	16	SILO	0	4538898.04	3	4	4	5	8	0	0	0	0	0	0
1.00	0.00	0.75	20	SILO	0	5126894.87	3	5	5	6	9	0	0	0	0	0	0
1.00	0.00	0.75	24	SILO	0	5607310.15	4	5	5	6	10	0	0	0	0	0	0
1.00	0.00	0.75	28	SILO	0	6314884.60	4	5	6	7	9	0	0	0	0	0	0
1.00	0.00	0.75	32	SILO	0	6958681.92	4	5	6	7	10	0	0	0	0	0	0
1.00	0.00	0.75	36	SILO	0	7764979.67	4	6	6	7	10	0	0	0	0	0	0
1.00	0.00	0.75	40	SILO	0	8542231.11	4	6	6	7	11	0	0	0	0	0	0
1.00	0.00	0.75	44	SILO	0	9122348.37	4	6	6	7	11	0	0	0	0	0	0
1.00	0.00	0.75	48	SILO	0	9866014.09	4	6	6	7	12	0	0	0	0	0	0
1.00	0.00	0.75	52	SILO	0	10653208.34	4	6	6	8	12	0	0	0	0	0	0
1.00	0.00	0.75	56	SILO	0	11405573.42	4	6	6	7	10	0	0	0	0	0	0
1.00	0.00	0.75	60	SILO	0	11955300.53	5	6	7	8	11	0	0	0	0	0	0
1.00	0.00	0.75	64	SILO	0	12926141.06	4	6	7	8	10	0	0	0	0	0	0
0.00	1.00	0.80	1	WOUND_WAIT	0	412301.57	2	2	2	4	6	0	0	0	0	0	0
0.00	1.00	0.80	4	WOUND_WAIT	0	869181.69	4	5	5	7	10	0	0	0	0	0	1784
0.00	1.00	0.80	8	WOUND_WAIT	0	1666889.15	4	5	6	9	79	0	0	0	0	1	21970
0.00	1.00	0.80	12	WOUND_WAIT	0	2385098.74	4	6	7	14	101	0	0	0	0	1	76742
0.00	1.00	0.80	16	WOUND_WAIT	0	2979257.90	4	6	8	42	117	0	0	0	1	2	182531
0.00	1.00	0.80	20	WOUND_WAIT	0	2758809.18	5	9	15	81	189	0	0	0	1	2	273072
0.00	1.00	0.80	24	WOUND_WAIT	0	2528519.23	6	13	30	115	318	0	0	0	1	3	346728
0.00	1.00	0.80	28	WOUND_WAIT	0	2339321.83	6	18	51	145	479	0	0	0	1	3	417504
0.00	1.00	0.80	32	WOUND_WAIT	0	2035793.79	6	20	60	181	1033	0	0	0	1	4	701766
0.00	1.00	0.80	36	WOUND_WAIT	0	1994869.11	6	22	66	182	836	0	0	0	1	4	758394
0.00	1.00	0.80	40	WOUND_WAIT	0	1772603.21	6	24	74	215	939	0	0	0	1	4	780851
0.00	1.00	0.80	44	WOUND_WAIT	0	1518347.34	7	30	87	231	1148	0	0	0	1	4	745010
0.00	1.00	0.80	48	WOUND_WAIT	0	1509363.07	6	29	86	231	1434	0	0	0	1	5	760911
0.00	1.00	0.80	52	WOUND_WAIT	0	1382830.83	6	31	91	247	1904	0	0	0	1	5	762991
0.00	1.00	0.80	56	WOUND_WAIT	0	1367770.63	6	34	97	243	1783	0	0	0	1	5	699816
0.00	1.00	0.80	60	WOUND_WAIT	0	1382913.64	7	44	116	255	723	0	0	0	1	3	506853
0.00	1.00	0.80	64	WOUND_WAIT	0	1187649.34	7	54	135	293	872	0	0	0	1	4	532235
0.00	1.00	0.80	1	SILO	0	481649.87	2	2	2	3	5	0	0	0	0	0	0
0.00	1.00	0.80	4	SILO	0	1154837.70	3	4	5	77	106	0	0	0	1	2	161568
0.00	1.00	0.80	8	SILO	0	2221782.81	3	4	39	97	168	0	0	1	1	2	741790
0.00	1.00	0.80	12	SILO	0	3150581.13	3	12	65	105	201	0	1	1	2	3	1624182
0.00	1.00	0.80	16	SILO	0	3957089.28	3	36	78	131	248	0	1	1	2	4	2777571
0.00	1.00	0.80	20	SILO	0	4218776.11	4	52	88	157	302	0	1	1	2	5	3687585
0.00	1.00	0.80	24	SILO	0	4548808.43	4	63	95	178	376	0	1	1	3	6	4764517
0.00	1.00	0.80	28	SILO	0	4863447.74	5	71	101	209	612	0	1	2	3	7	5983227
0.00	1.00	0.80	32	SILO	0	5070304.06	5	77	105	244	1457	0	1	2	4	9	7069503
0.00	1.00	0.80	36	SILO	0	5070880.46	5	82	112	302	3968	0	1	2	5	12	8043733
0.00	1.00	0.80	40	SILO	0	4765413.43	5	87	135	447	6211	0	1	2	6	19	9151051
0.00	1.00	0.80	44	SILO	0	2676745.56	5	118	403	1545	5021	0	1	5	21	66	12069096
0.00	1.00	0.80	48	SILO	0	2393985.77	5	130	497	1841	5535	0	1	6	24	74	11870202
0.00	1.00	0.80	52	SILO	0	2045690.01	5	139	596	2359	7222	0	1	7	28	90	11516445
0.00	1.00	0.80	56	SILO	0	1988726.61	5	151	645	2523	8182	0	1	7	29	98	11704322
0.00	1.00	0.80	60	SILO	0	1878109.79	5	166	759	2844	8865	0	1	8	32	105	11983688
0.00	1.00	0.80	64	SILO	0	1846001.91	5	172	793	3077	9927	0	1	8	33	113	12247243
0.50	0.50	0.80	1	WOUND_WAIT	0	512273.19	1	2	2	3	5	0	0	0	0	0	0
0.50	0.50	0.80	4	WOUND_WAIT	0	934661.21	4	5	5	6	10	0	0	0	0	0	1139
0.50	0.50	0.80	8	WOUND_WAIT	0	1778467.43	4	5	5	7	56	0	0	0	0	1	14151
0.50	0.50	0.80	12	WOUND_WAIT	0	2589350.42	4	5	6	10	92	0	0	0	0	1	52980
0.50	0.50	0.80	16	WOUND_WAIT	0	3312950.98	4	5	7	17	106	0	0	0	0	1	134595
0.50	0.50	0.80	20	WOUND_WAIT	0	3201532.75	5	8	11	56	137	0	0	0	1	2	223309
0.50	0.50	0.80	24	WOUND_WAIT	0	2974131.23	6	10	18	92	223	0	0	0	1	2	306596
0.50	0.50	0.80	28	WOUND_WAIT	0	2854299.35	6	14	34	117	325	0	0	0	1	3	342548
0.50	0.50	0.80	32	WOUND_WAIT	0	2733358.94	6	20	51	138	364	0	0	0	1	3	378367
0.50	0.50	0.80	36	WOUND_WAIT	0	2192814.79	6	21	65	217	1119	0	0	0	1	5	748716
0.50	0.50	0.80	40	WOUND_WAIT	0	2061027.30	6	23	68	215	1204	0	0	0	1	5	836983
0.50	0.50	0.80	44	WOUND_WAIT	0	1810806.11	6	25	73	246	1597	0	0	0	1	5	787923
0.50	0.50	0.80	48	WOUND_WAIT	0	1669241.66	6	29	81	247	1658	0	0	0	1	5	794274
0.50	0.50	0.80	52	WOUND_WAIT	0	1431700.57	6	32	91	290	2303	0	0	0	1	6	780376
0.50	0.50	0.80	56	WOUND_WAIT	0	1375399.14	6	39	105	293	1512	0	0	0	1	5	748370
0.50	0.50	0.80	60	WOUND_WAIT	0	1294271.34	6	42	112	290	1372	0	0	0	1	4	585745
0.50	0.50	0.80	64	WOUND_WAIT	0	1305532.24	6	47	124	305	1107	0	0	0	1	4	574379
0.50	0.50	0.80	1	SILO	0	508112.51	1	2	2	3	5	0	0	0	0	0	0
0.50	0.50	0.80	4	SILO	0	1140246.75	3	4	4	45	101	0	0	0	1	1	78923
0.50	0.50	0.80	8	SILO	0	2164370.61	3	4	5	82	107	0	0	0	1	2	357401
0.50	0.50	0.80	12	SILO	0	3275828.60	3	4	20	93	147	0	0	1	1	2	865641
0.50	0.50	0.80	16	SILO	0	4115034.64	3	5	43	98	167	0	0	1	1	2	1438907
0.50	0.50	0.80	20	SILO	0	4401989.94	4	6	58	103	184	0	0	1	1	3	1964273
0.50	0.50	0.80	24	SILO	0	4786377.60	4	18	68	106	196	0	1	1	2	3	2541896
0.50	0.50	0.80	28	SILO	0	5370756.62	5	31	75	114	216	0	1	1	2	3	3333923
0.50	0.50	0.80	32	SILO	0	5841679.95	5	41	81	128	237	0	1	1	2	4	4104965
0.50	0.50	0.80	36	SILO	0	6171277.15	5	50	87	145	266	0	1	1	2	4	4951632
0.50	0.50	0.80	40	SILO	0	6599239.36	5	57	91	159	294	0	1	1	2	5	5852784
0.50	0.50	0.80	44	SILO	0	6941798.55	6	63	95	172	327	0	1	1	3	5	6786585
0.50	0.50	0.80	48	SILO	0	7402146.86	6	68	98	186	373	0	1	1	3	6	7922404
0.50	0.50	0.80	52	SILO	0	7512837.87	6	75	104	215	483	0	1	2	3	8	9269071
0.50	0.50	0.80	56	SILO	0	7614796.50	6	80	109	262	702	0	1	2	4	11	10841316
0.50	0.50	0.80	60	SILO	0	6319262.26	6	88	140	487	1910	0	1	2	7	26	13134257
0.50	0.50	0.80	64	SILO	0	5695334.03	6	96	186	756	3050	0	1	3	11	40	15830403
1.00	0.00	0.80	1	WOUND_WAIT	0	592915.16	1	1	1	2	4	0	0	0	0	0	0
1.00	0.00	0.80	4	WOUND_WAIT	0	1036927.72	3	4	4	5	7	0	0	0	0	0	0
1.00	0.00	0.80	8	WOUND_WAIT	0	1984607.10	4	4	5	5	8	0	0	0	0	0	0
1.00	0.00	0.80	12	WOUND_WAIT	0	2882998.13	4	5	5	5	9	0	0	0	0	0	0
1.00	0.00	0.80	16	WOUND_WAIT	0	3794674.10	4	5	5	5	10	0	0	0	0	0	0
1.00	0.00	0.80	20	WOUND_WAIT	0	3945094.70	4	6	6	9	13	0	0	0	0	0	0
1.00	0.00	0.80	24	WOUND_WAIT	0	4224203.83	5	6	7	11	16	0	0	0	0	0	0
1.00	0.00	0.80	28	WOUND_WAIT	0	4478818.89	5	7	8	13	20	0	0	0	0	0	0
1.00	0.00	0.80	32	WOUND_WAIT	0	4917204.24	6	7	9	14	23	0	0	0	0	0	0
1.00	0.00	0.80	36	WOUND_WAIT	0	5075395.28	6	8	11	20	36	0	0	0	0	0	0
1.00	0.00	0.80	40	WOUND_WAIT	0	5174117.51	6	9	13	27	49	0	0	0	0	0	0
1.00	0.00	0.80	44	WOUND_WAIT	0	5184723.02	6	11	18	40	70	0	0	0	0	0	0
1.00	0.00	0.80	48	WOUND_WAIT	0	5036716.78	6	12	27	60	100	0	0	0	0	0	0
1.00	0.00	0.80	52	WOUND_WAIT	0	4640384.14	7	15	44	88	140	0	0	0	0	0	0
1.00	0.00	0.80	56	WOUND_WAIT	0	4313877.69	6	15	62	118	184	0	0	0	0	0	0
1.00	0.00	0.80	60	WOUND_WAIT	0	4116172.38	6	16	78	143	222	0	0	0	0	0	0
1.00	0.00	0.80	64	WOUND_WAIT	0	3960881.09	6	15	93	169	262	0	0	0	0	0	0
1.00	0.00	0.80	1	SILO	0	602551.32	1	1	1	1	4	0	0	0	0	0	0
1.00	0.00	0.80	4	SILO	0	1317681.96	3	3	4	4	6	0	0	0	0	0	0
1.00	0.00	0.80	8	SILO	0	2554914.19	3	4	4	4	6	0	0	0	0	0	0
1.00	0.00	0.80	12	SILO	0	3711386.39	3	4	4	4	6	0	0	0	0	0	0
1.00	0.00	0.80	16	SILO	0	4903270.08	3	4	4	5	6	0	0	0	0	0	0
1.00	0.00	0.80	20	SILO	0	5346483.68	3	4	5	6	9	0	0	0	0	0	0
1.00	0.00	0.80	24	SILO	0	6134168.02	3	5	5	6	8	0	0	0	0	0	0
1.00	0.00	0.80	28	SILO	0	6780027.26	4	5	5	6	9	0	0	0	0	0	0
1.00	0.00	0.80	32	SILO	0	7606164.63	4	5	6	7	10	0	0	0	0	0	0
1.00	0.00	0.80	36	SILO	0	8454287.59	4	5	6	6	10	0	0	0	0	0	0
1.00	0.00	0.80	40	SILO	0	9225779.22	4	5	6	7	9	0	0	0	0	0	0
1.00	0.00	0.80	44	SILO	0	9951548.03	4	5	6	7	11	0	0	0	0	0	0
1.00	0.00	0.80	48	SILO	0	10666696.75	4	6	6	7	10	0	0	0	0	0	0
1.00	0.00	0.80	52	SILO	0	11583723.05	4	6	6	7	11	0	0	0	0	0	0
1.00	0.00	0.80	56	SILO	0	12329138.75	4	6	6	7	10	0	0	0	0	0	0
1.00	0.00	0.80	60	SILO	0	13138685.64	4	6	6	7	10	0	0	0	0	0	0
1.00	0.00	0.80	64	SILO	0	14075670.38	4	6	6	8	10	0	0	0	0	0	0
0.00	1.00	0.85	1	WOUND_WAIT	0	463819.06	2	2	2	3	5	0	0	0	0	0	0
0.00	1.00	0.85	4	WOUND_WAIT	0	916224.41	4	5	5	7	62	0	0	0	0	1	8098
0.00	1.00	0.85	8	WOUND_WAIT	0	1682690.61	4	6	7	31	108	0	0	0	1	1	94322
0.00	1.00	0.85	12	WOUND_WAIT	0	2216292.17	4	7	12	79	145	0	0	0	1	2	262377
0.00	1.00	0.85	16	WOUND_WAIT	0	2441057.80	4	12	24	97	199	0	0	0	1	2	419131
0.00	1.00	0.85	20	WOUND_WAIT	0	1901761.19	5	24	55	150	851	0	0	0	1	5	662564
0.00	1.00	0.85	24	WOUND_WAIT	0	1476552.62	6	35	83	216	1788	0	0	1	2	7	976356
0.00	1.00	0.85	28	WOUND_WAIT	0	1279035.75	6	46	101	257	1623	0	0	1	2	6	1045202
0.00	1.00	0.85	32	WOUND_WAIT	0	1118102.01	6	61	112	254	996	0	0	1	2	5	960672
0.00	1.00	0.85	36	WOUND_WAIT	0	1188310.42	6	63	113	254	909	0	0	1	2	5	779914
0.00	1.00	0.85	40	WOUND_WAIT	0	1079033.60	6	64	122	279	1556	0	0	1	2	6	826674
0.00	1.00	0.85	44	WOUND_WAIT	0	986773.26	6	72	131	282	1245	0	0	1	2	5	729052
0.00	1.00	0.85	48	WOUND_WAIT	0	865362.02	7	97	163	348	1352	0	0	1	2	5	761663
0.00	1.00	0.85	52	WOUND_WAIT	0	908732.29	6	94	167	330	1278	0	0	1	2	5	691735
0.00	1.00	0.85	56	WOUND_WAIT	0	737945.40	7	114	202	403	2064	0	0	1	2	6	695588
0.00	1.00	0.85	60	WOUND_WAIT	0	743383.40	7	125	218	406	1576	0	0	1	2	5	635396
0.00	1.00	0.85	64	WOUND_WAIT	0	641951.62	8	159	261	473	1750	0	0	1	2	5	615692
0.00	1.00	0.85	1	SILO	0	471465.35	2	2	2	3	5	0	0	0	0	0	0
0.00	1.00	0.85	4	SILO	0	1229249.31	3	4	35	95	157	0	0	1	1	2	382801
0.00	1.00	0.85	8	SILO	0	2089026.33	3	40	79	125	235	0	1	1	2	4	1485415
0.00	1.00	0.85	12	SILO	0	2605600.40	3	58	90	161	2208	0	1	1	2	4	2510097
0.00	1.00	0.85	16	SILO	0	2877880.29	3	67	95	186	5526	0	1	1	3	5	3220293
0.00	1.00	0.85	20	SILO	0	2922394.74	4	76	102	234	7142	0	1	2	3	6	3904138
0.00	1.00	0.85	24	SILO	0	2973159.12	4	84	109	295	8564	0	1	2	4	8	4593533
0.00	1.00	0.85	28	SILO	0	3027546.19	4	88	122	385	9657	0	1	2	4	8	5125082
0.00	1.00	0.85	32	SILO	0	3113403.66	5	91	131	616	10638	0	1	2	4	9	5560576
0.00	1.00	0.85	36	SILO	0	3038819.93	5	95	147	1371	12021	0	1	2	5	11	5933708
0.00	1.00	0.85	40	SILO	0	2974423.22	5	99	165	2094	13072	0	1	2	6	14	6464370
0.00	1.00	0.85	44	SILO	0	1464341.15	5	370	895	2643	7814	0	4	10	33	100	11689522
0.00	1.00	0.85	48	SILO	0	1363218.17	5	426	1032	3018	8825	0	4	11	36	111	11741251
0.00	1.00	0.85	52	SILO	0	1295597.44	5	404	1103	3622	11552	0	4	11	40	137	11982018
0.00	1.00	0.85	56	SILO	0	1141510.48	5	546	1345	4007	12009	0	5	13	43	140	11608133
0.00	1.00	0.85	60	SILO	0	1114364.78	5	591	1443	4366	13554	0	5	13	45	153	11853637
0.00	1.00	0.85	64	SILO	0	1077597.97	5	631	1559	4793	15189	0	5	14	48	166	12070696
0.50	0.50	0.85	1	WOUND_WAIT	0	531428.51	1	1	2	2	5	0	0	0	0	0	0
0.50	0.50	0.85	4	WOUND_WAIT	0	993483.26	3	4	5	6	27	0	0	0	0	1	5231
0.50	0.50	0.85	8	WOUND_WAIT	0	1834094.90	4	5	6	12	100	0	0	0	0	1	62239
0.50	0.50	0.85	12	WOUND_WAIT	0	2483161.76	4	6	8	60	125	0	0	0	1	2	207641
0.50	0.50	0.85	16	WOUND_WAIT	0	2868310.30	4	8	15	85	162	0	0	0	1	2	375590
0.50	0.50	0.85	20	WOUND_WAIT	0	2263660.44	5	17	41	132	532	0	0	0	1	4	593469
0.50	0.50	0.85	24	WOUND_WAIT	0	1821925.31	5	28	73	206	1194	0	0	0	2	6	717116
0.50	0.50	0.85	28	WOUND_WAIT	0	1522483.33	6	42	95	242	1665	0	0	1	2	6	918723
0.50	0.50	0.85	32	WOUND_WAIT	0	1304615.05	6	49	105	268	1822	0	0	1	2	6	963767
0.50	0.50	0.85	36	WOUND_WAIT	0	1239090.27	6	53	112	302	2373	0	0	1	2	7	964291
0.50	0.50	0.85	40	WOUND_WAIT	0	1158459.09	6	62	118	291	2081	0	0	1	2	6	900124
0.50	0.50	0.85	44	WOUND_WAIT	0	1024088.08	6	73	136	356	2437	0	0	1	2	7	919299
0.50	0.50	0.85	48	WOUND_WAIT	0	1024411.44	6	77	138	333	2157	0	0	1	2	6	822967
0.50	0.50	0.85	52	WOUND_WAIT	0	1070187.38	6	82	143	293	1178	0	0	1	2	5	612455
0.50	0.50	0.85	56	WOUND_WAIT	0	972160.33	6	102	169	352	1243	0	0	1	2	5	603466
0.50	0.50	0.85	60	WOUND_WAIT	0	839431.60	6	121	198	411	1582	0	0	1	2	5	599243
0.50	0.50	0.85	64	WOUND_WAIT	0	835422.84	7	127	204	374	912	0	0	1	2	4	512930
0.50	0.50	0.85	1	SILO	0	520764.14	1	1	2	2	4	0	0	0	0	0	0
0.50	0.50	0.85	4	SILO	0	1184351.41	3	4	4	79	105	0	0	0	1	2	182479
0.50	0.50	0.85	8	SILO	0	2275936.18	3	4	46	98	165	0	0	1	1	2	836169
0.50	0.50	0.85	12	SILO	0	3228100.65	3	23	69	105	194	0	1	1	2	3	1841686
0.50	0.50	0.85	16	SILO	0	4084040.19	3	44	81	127	239	0	1	1	2	4	3072563
0.50	0.50	0.85	20	SILO	0	4277951.09	4	59	90	155	297	0	1	1	2	4	4064884
0.50	0.50	0.85	24	SILO	0	4561812.47	4	69	96	174	390	0	1	1	3	5	5138071
0.50	0.50	0.85	28	SILO	0	4818282.60	5	76	101	192	1018	0	1	2	3	6	6180970
0.50	0.50	0.85	32	SILO	0	5060092.69	5	81	104	213	2735	0	1	2	3	6	7162989
0.50	0.50	0.85	36	SILO	0	5091433.81	5	86	110	253	4435	0	1	2	4	8	8080978
0.50	0.50	0.85	40	SILO	0	5151519.41	5	90	123	292	5715	0	1	2	4	9	8931888
0.50	0.50	0.85	44	SILO	0	5202429.08	5	93	133	335	6815	0	1	2	5	10	9680444
0.50	0.50	0.85	48	SILO	0	5218092.40	6	96	145	396	7704	0	1	2	5	12	10476723
0.50	0.50	0.85	52	SILO	0	4997708.07	6	101	165	555	8894	0	1	3	6	17	11345663
0.50	0.50	0.85	56	SILO	0	3534102.23	6	144	321	1459	8765	0	2	4	16	63	14687767
0.50	0.50	0.85	60	SILO	0	2565992.78	6	229	538	1877	7506	0	3	7	24	96	15554183
0.50	0.50	0.85	64	SILO	0	2525110.49	6	236	547	2025	9184	0	3	6	25	119	16395748
1.00	0.00	0.85	1	WOUND_WAIT	0	612202.97	1	1	1	1	4	0	0	0	0	0	0
1.00	0.00	0.85	4	WOUND_WAIT	0	1089496.66	3	4	4	5	7	0	0	0	0	0	0
1.00	0.00	0.85	8	WOUND_WAIT	0	2087513.54	3	4	4	5	9	0	0	0	0	0	0
1.00	0.00	0.85	12	WOUND_WAIT	0	3019243.19	3	4	5	5	9	0	0	0	0	0	0
1.00	0.00	0.85	16	WOUND_WAIT	0	3913347.32	3	4	5	7	10	0	0	0	0	0	0
1.00	0.00	0.85	20	WOUND_WAIT	0	3813826.35	4	6	7	12	19	0	0	0	0	0	0
1.00	0.00	0.85	24	WOUND_WAIT	0	3992037.50	5	7	10	17	28	0	0	0	0	0	0
1.00	0.00	0.85	28	WOUND_WAIT	0	3951228.75	5	10	14	25	41	0	0	0	0	0	0
1.00	0.00	0.85	32	WOUND_WAIT	0	4007099.96	6	13	20	37	58	0	0	0	0	0	0
1.00	0.00	0.85	36	WOUND_WAIT	0	3611021.19	6	21	35	59	89	0	0	0	0	0	0
1.00	0.00	0.85	40	WOUND_WAIT	0	3244742.68	6	33	52	84	125	0	0	0	0	0	0
1.00	0.00	0.85	44	WOUND_WAIT	0	3077769.12	6	43	67	106	156	0	0	0	0	0	0
1.00	0.00	0.85	48	WOUND_WAIT	0	2931116.64	6	54	82	130	191	0	0	0	0	0	0
1.00	0.00	0.85	52	WOUND_WAIT	0	2666793.72	6	69	105	166	245	0	0	0	0	0	0
1.00	0.00	0.85	56	WOUND_WAIT	0	2539954.26	6	82	124	196	289	0	0	0	0	0	0
1.00	0.00	0.85	60	WOUND_WAIT	0	2416108.50	6	95	145	230	340	0	0	0	0	0	0
1.00	0.00	0.85	64	WOUND_WAIT	0	2383497.70	6	106	161	253	376	0	0	0	0	0	0
1.00	0.00	0.85	1	SILO	0	616480.83	1	1	1	2	4	0	0	0	0	0	0
1.00	0.00	0.85	4	SILO	0	1490228.94	2	3	3	4	5	0	0	0	0	0	0
1.00	0.00	0.85	8	SILO	0	2788246.05	2	3	4	4	5	0	0	0	0	0	0
1.00	0.00	0.85	12	SILO	0	4104187.89	2	3	4	4	5	0	0	0	0	0	0
1.00	0.00	0.85	16	SILO	0	5434684.00	2	3	4	4	5	0	0	0	0	0	0
1.00	0.00	0.85	20	SILO	0	6099937.19	3	4	4	5	7	0	0	0	0	0	0
1.00	0.00	0.85	24	SILO	0	6889043.05	3	4	5	6	8	0	0	0	0	0	0
1.00	0.00	0.85	28	SILO	0	7660156.78	3	4	5	6	8	0	0	0	0	0	0
1.00	0.00	0.85	32	SILO	0	8436699.17	3	5	5	6	9	0	0	0	0	0	0
1.00	0.00	0.85	36	SILO	0	9485124.29	3	5	5	6	8	0	0	0	0	0	0
1.00	0.00	0.85	40	SILO	0	10332963.26	3	5	5	6	9	0	0	0	0	0	0
1.00	0.00	0.85	44	SILO	0	11083331.39	3	5	5	6	9	0	0	0	0	0	0
1.00	0.00	0.85	48	SILO	0	11909152.52	3	5	6	7	9	0	0	0	0	0	0
1.00	0.00	0.85	52	SILO	0	12864906.15	3	5	6	7	11	0	0	0	0	0	0
1.00	0.00	0.85	56	SILO	0	13807157.90	4	5	6	7	9	0	0	0	0	0	0
1.00	0.00	0.85	60	SILO	0	14636182.71	4	5	6	7	9	0	0	0	0	0	0
1.00	0.00	0.85	64	SILO	0	15684739.81	4	5	6	7	9	0	0	0	0	0	0
0.00	1.00	0.90	1	WOUND_WAIT	0	464883.90	2	2	2	2	5	0	0	0	0	0	0
0.00	1.00	0.90	4	WOUND_WAIT	0	938921.78	4	5	6	10	99	0	0	0	0	1	32106
0.00	1.00	0.90	8	WOUND_WAIT	0	1525135.14	4	8	14	93	170	0	0	0	1	2	274631
0.00	1.00	0.90	12	WOUND_WAIT	0	1690032.73	4	19	54	129	344	0	0	1	2	5	634916
0.00	1.00	0.90	16	WOUND_WAIT	0	1651122.45	4	36	82	165	534	0	0	1	2	6	848553
0.00	1.00	0.90	20	WOUND_WAIT	0	1188270.72	5	61	110	221	1040	0	1	1	2	6	1258632
0.00	1.00	0.90	24	WOUND_WAIT	0	995231.32	5	72	123	262	1487	0	1	1	3	8	1373847
0.00	1.00	0.90	28	WOUND_WAIT	0	773655.07	6	88	146	334	2904	0	1	1	3	9	1230869
0.00	1.00	0.90	32	WOUND_WAIT	0	724647.57	7	103	158	320	2097	0	1	1	3	7	1131974
0.00	1.00	0.90	36	WOUND_WAIT	0	738960.38	7	113	168	329	1754	0	1	1	2	7	999873
0.00	1.00	0.90	40	WOUND_WAIT	0	659417.91	7	126	190	367	2865	0	1	1	3	8	954452
0.00	1.00	0.90	44	WOUND_WAIT	0	601318.78	7	156	230	441	2791	0	1	1	3	9	935963
0.00	1.00	0.90	48	WOUND_WAIT	0	587144.75	8	167	247	440	1970	0	1	1	3	7	822412
0.00	1.00	0.90	52	WOUND_WAIT	0	579111.72	8	187	284	498	2318	0	1	1	3	7	792758
0.00	1.00	0.90	56	WOUND_WAIT	0	481773.23	9	254	355	641	5473	0	1	1	3	10	881702
0.00	1.00	0.90	60	WOUND_WAIT	0	478784.28	9	280	383	638	1993	0	1	1	3	6	698840
0.00	1.00	0.90	64	WOUND_WAIT	0	476655.68	10	314	429	725	4815	0	1	1	3	7	747167
0.00	1.00	0.90	1	SILO	0	507386.38	1	2	2	2	4	0	0	0	0	0	0
0.00	1.00	0.90	4	SILO	0	1190904.97	3	31	73	107	213	0	1	1	2	3	765418
0.00	1.00	0.90	8	SILO	0	1496023.85	3	60	90	167	5904	0	1	1	2	4	1474699
0.00	1.00	0.90	12	SILO	0	1645321.50	3	68	96	229	8981	0	1	1	3	5	1868760
0.00	1.00	0.90	16	SILO	0	1739313.00	3	73	99	1071	10875	0	1	1	3	5	2154384
0.00	1.00	0.90	20	SILO	0	1756132.13	3	82	106	2263	12143	0	1	2	3	6	2556597
0.00	1.00	0.90	24	SILO	0	1757783.39	4	91	133	3163	13032	0	1	2	4	7	3064075
0.00	1.00	0.90	28	SILO	0	1784134.77	4	96	151	3940	13882	0	1	2	4	8	3418924
0.00	1.00	0.90	32	SILO	0	1815091.61	4	98	162	4609	14806	0	1	2	4	8	3613854
0.00	1.00	0.90	36	SILO	0	1801365.24	5	103	183	5349	15872	0	2	2	5	10	3953062
0.00	1.00	0.90	40	SILO	0	1763858.63	5	110	214	6071	17038	0	2	3	5	12	4338603
0.00	1.00	0.90	44	SILO	0	897176.49	6	760	1452	4097	11644	0	8	16	49	147	11685934
0.00	1.00	0.90	48	SILO	0	859992.47	6	848	1616	4511	12701	0	8	17	52	155	11833374
0.00	1.00	0.90	52	SILO	0	768527.94	6	899	1853	5580	17276	0	8	17	58	196	11454631
0.00	1.00	0.90	56	SILO	0	702932.06	6	1053	2091	6171	18744	0	9	19	62	205	11259295
0.00	1.00	0.90	60	SILO	0	676260.18	6	1197	2328	6689	19682	0	10	20	67	216	11595401
0.00	1.00	0.90	64	SILO	0	652469.42	6	1256	2465	7333	22294	0	10	21	70	235	11584808
0.50	0.50	0.90	1	WOUND_WAIT	0	546167.69	1	2	2	2	4	0	0	0	0	0	0
0.50	0.50	0.90	4	WOUND_WAIT	0	1017482.90	3	4	5	8	87	0	0	0	0	1	19956
0.50	0.50	0.90	8	WOUND_WAIT	0	1722557.06	4	6	9	75	124	0	0	0	1	2	193620
0.50	0.50	0.90	12	WOUND_WAIT	0	2029435.24	4	11	27	105	218	0	0	0	1	3	512074
0.50	0.50	0.90	16	WOUND_WAIT	0	2064529.34	4	23	52	115	223	0	0	1	1	3	660478
0.50	0.50	0.90	20	WOUND_WAIT	0	1367724.30	5	52	104	223	1318	0	0	1	2	7	1065337
0.50	0.50	0.90	24	WOUND_WAIT	0	1083377.48	5	69	124	282	2215	0	1	1	3	8	1304267
0.50	0.50	0.90	28	WOUND_WAIT	0	878396.67	6	83	147	380	3736	0	1	1	3	11	1380170
0.50	0.50	0.90	32	WOUND_WAIT	0	772777.39	7	99	163	356	1939	0	1	1	3	7	1124403
0.50	0.50	0.90	36	WOUND_WAIT	0	782335.78	6	109	171	364	2170	0	1	1	3	7	1089057
0.50	0.50	0.90	40	WOUND_WAIT	0	705362.54	7	118	181	401	3268	0	1	1	3	8	1034525
0.50	0.50	0.90	44	WOUND_WAIT	0	706991.87	6	125	190	398	3153	0	1	1	3	8	813925
0.50	0.50	0.90	48	WOUND_WAIT	0	573181.86	7	162	235	473	3017	0	1	1	3	8	828706
0.50	0.50	0.90	52	WOUND_WAIT	0	626736.17	7	174	249	453	2076	0	1	1	2	6	687371
0.50	0.50	0.90	56	WOUND_WAIT	0	611176.85	7	185	271	491	3555	0	1	1	3	7	724848
0.50	0.50	0.90	60	WOUND_WAIT	0	514116.95	8	235	320	558	2454	0	1	1	2	6	623977
0.50	0.50	0.90	64	WOUND_WAIT	0	534271.32	8	250	345	590	2704	0	1	1	3	6	624384
0.50	0.50	0.90	1	SILO	0	536870.79	1	1	2	2	4	0	0	0	0	0	0
0.50	0.50	0.90	4	SILO	0	1322046.63	2	4	38	95	151	0	0	1	1	2	436171
0.50	0.50	0.90	8	SILO	0	2212808.34	3	41	78	116	226	0	1	1	2	3	1586489
0.50	0.50	0.90	12	SILO	0	2654999.40	3	57	87	150	3413	0	1	1	2	4	2450289
0.50	0.50	0.90	16	SILO	0	2911049.21	3	64	92	172	6219	0	1	1	2	4	3061592
0.50	0.50	0.90	20	SILO	0	2911477.18	4	75	100	212	7584	0	1	1	3	5	3755736
0.50	0.50	0.90	24	SILO	0	3005275.58	4	84	106	257	8436	0	1	2	3	6	4535097
0.50	0.50	0.90	28	SILO	0	3065380.63	4	87	110	342	9746	0	1	2	3	6	4968195
0.50	0.50	0.90	32	SILO	0	3161321.61	4	90	120	707	10243	0	1	2	4	7	5441823
0.50	0.50	0.90	36	SILO	0	3133856.51	5	95	138	1441	11266	0	1	2	4	8	5967210
0.50	0.50	0.90	40	SILO	0	3142964.48	5	99	152	2063	11683	0	1	2	4	9	6505368
0.50	0.50	0.90	44	SILO	0	3156171.97	5	102	163	2625	12352	0	2	2	5	10	6916812
0.50	0.50	0.90	48	SILO	0	3154620.38	5	104	173	3161	13392	0	2	2	5	11	7243744
0.50	0.50	0.90	52	SILO	0	3090399.78	5	108	190	3747	14030	0	2	3	6	13	7671056
0.50	0.50	0.90	56	SILO	0	1566341.37	6	376	762	3227	14930	0	4	8	37	187	15549790
0.50	0.50	0.90	60	SILO	0	1413462.37	7	437	888	3694	16666	0	4	9	43	212	15637697
0.50	0.50	0.90	64	SILO	0	1379556.20	6	459	944	4035	18679	0	4	9	46	231	15957057
1.00	0.00	0.90	1	WOUND_WAIT	0	637892.87	1	1	1	1	4	0	0	0	0	0	0
1.00	0.00	0.90	4	WOUND_WAIT	0	1207685.96	3	3	4	4	7	0	0	0	0	0	0
1.00	0.00	0.90	8	WOUND_WAIT	0	2196586.24	3	4	4	5	9	0	0	0	0	0	0
1.00	0.00	0.90	12	WOUND_WAIT	0	3056239.03	3	4	5	7	10	0	0	0	0	0	0
1.00	0.00	0.90	16	WOUND_WAIT	0	3877518.98	3	5	6	9	14	0	0	0	0	0	0
1.00	0.00	0.90	20	WOUND_WAIT	0	3293975.15	4	9	13	21	31	0	0	0	0	0	0
1.00	0.00	0.90	24	WOUND_WAIT	0	2962971.07	5	16	22	35	52	0	0	0	0	0	0
1.00	0.00	0.90	28	WOUND_WAIT	0	2698206.05	5	25	35	53	77	0	0	0	0	0	0
1.00	0.00	0.90	32	WOUND_WAIT	0	2551720.39	5	34	46	69	100	0	0	0	0	0	0
1.00	0.00	0.90	36	WOUND_WAIT	0	2176375.93	6	52	70	104	148	0	0	0	0	0	0
1.00	0.00	0.90	40	WOUND_WAIT	0	2077720.10	6	64	85	126	180	0	0	0	0	0	0
1.00	0.00	0.90	44	WOUND_WAIT	0	1965252.04	6	78	103	152	217	0	0	0	0	0	0
1.00	0.00	0.90	48	WOUND_WAIT	0	1891856.69	6	91	120	178	255	0	0	0	0	0	0
1.00	0.00	0.90	52	WOUND_WAIT	0	1737918.16	6	111	146	217	312	0	0	0	0	0	0
1.00	0.00	0.90	56	WOUND_WAIT	0	1642280.05	6	128	170	254	366	0	0	0	0	0	0
1.00	0.00	0.90	60	WOUND_WAIT	0	1581737.47	6	144	193	287	415	0	0	0	0	0	0
1.00	0.00	0.90	64	WOUND_WAIT	0	1576138.97	6	156	208	309	446	0	0	0	0	0	0
1.00	0.00	0.90	1	SILO	0	633367.77	1	1	1	1	4	0	0	0	0	0	0
1.00	0.00	0.90	4	SILO	0	1698094.07	2	3	3	4	5	0	0	0	0	0	0
1.00	0.00	0.90	8	SILO	0	3228542.26	2	3	3	4	5	0	0	0	0	0	0
1.00	0.00	0.90	12	SILO	0	4571368.32	2	3	3	4	5	0	0	0	0	0	0
1.00	0.00	0.90	16	SILO	0	6058462.36	2	3	3	4	5	0	0	0	0	0	0
1.00	0.00	0.90	20	SILO	0	7061081.48	2	3	4	5	7	0	0	0	0	0	0
1.00	0.00	0.90	24	SILO	0	7555944.16	3	4	4	5	7	0	0	0	0	0	0
1.00	0.00	0.90	28	SILO	0	8571152.31	3	4	5	5	7	0	0	0	0	0	0
1.00	0.00	0.90	32	SILO	0	9566929.51	3	4	5	6	8	0	0	0	0	0	0
1.00	0.00	0.90	36	SILO	0	10784595.97	3	4	5	6	8	0	0	0	0	0	0
1.00	0.00	0.90	40	SILO	0	11551533.68	3	4	5	6	8	0	0	0	0	0	0
1.00	0.00	0.90	44	SILO	0	12517620.30	3	4	5	6	9	0	0	0	0	0	0
1.00	0.00	0.90	48	SILO	0	13397354.11	3	5	5	6	8	0	0	0	0	0	0
1.00	0.00	0.90	52	SILO	0	14514657.91	3	5	5	6	10	0	0	0	0	0	0
1.00	0.00	0.90	56	SILO	0	15659584.97	3	5	5	6	8	0	0	0	0	0	0
1.00	0.00	0.90	60	SILO	0	16518319.25	3	5	5	6	8	0	0	0	0	0	0
1.00	0.00	0.90	64	SILO	0	17641058.54	3	5	5	7	9	0	0	0	0	0	0
SPIN-WOUND
0.00	1.00	0.10	1	WOUND_WAIT	0	307074.58	3	3	4	5	6	0	0	0	0	0	0
0.00	1.00	0.10	4	WOUND_WAIT	0	712351.53	5	6	6	7	10	0	0	0	0	0	0
0.00	1.00	0.10	8	WOUND_WAIT	0	1412419.07	5	6	6	7	10	0	0	0	0	0	0
0.00	1.00	0.10	12	WOUND_WAIT	0	2035959.31	5	6	6	7	11	0	0	0	0	0	0
0.00	1.00	0.10	16	WOUND_WAIT	0	2668721.49	5	6	6	7	12	0	0	0	0	0	3
0.00	1.00	0.10	20	WOUND_WAIT	0	2806274.84	6	8	8	9	13	0	0	0	0	0	1
0.00	1.00	0.10	24	WOUND_WAIT	0	3104229.10	7	8	9	10	14	0	0	0	0	0	1
0.00	1.00	0.10	28	WOUND_WAIT	0	3359925.91	8	9	9	10	15	0	0	0	0	0	2
0.00	1.00	0.10	32	WOUND_WAIT	0	3631742.77	8	10	10	11	15	0	0	0	0	0	5
0.00	1.00	0.10	36	WOUND_WAIT	0	4135849.89	8	10	10	11	15	0	0	0	0	0	8
0.00	1.00	0.10	40	WOUND_WAIT	0	4528020.26	8	10	10	11	16	0	0	0	0	0	9
0.00	1.00	0.10	44	WOUND_WAIT	0	4775065.28	9	11	12	13	17	0	0	0	0	0	9
0.00	1.00	0.10	48	WOUND_WAIT	0	5147787.99	9	11	12	13	17	0	0	0	0	0	9
0.00	1.00	0.10	52	WOUND_WAIT	0	5462744.68	9	12	13	14	20	0	0	0	0	0	15
0.00	1.00	0.10	56	WOUND_WAIT	0	5887634.41	9	12	12	13	18	0	0	0	0	0	19
0.00	1.00	0.10	60	WOUND_WAIT	0	6171545.38	9	13	14	15	18	0	0	0	0	0	33
0.00	1.00	0.10	64	WOUND_WAIT	0	6569793.28	9	13	13	15	18	0	0	0	0	0	29
0.50	0.50	0.10	1	WOUND_WAIT	0	404602.65	2	2	3	5	6	0	0	0	0	0	0
0.50	0.50	0.10	4	WOUND_WAIT	0	778559.70	5	5	6	6	10	0	0	0	0	0	0
0.50	0.50	0.10	8	WOUND_WAIT	0	1559034.53	5	5	5	5	9	0	0	0	0	0	0
0.50	0.50	0.10	12	WOUND_WAIT	0	2222182.24	5	6	6	6	11	0	0	0	0	0	0
0.50	0.50	0.10	16	WOUND_WAIT	0	2960265.56	5	5	6	6	12	0	0	0	0	0	2
0.50	0.50	0.10	20	WOUND_WAIT	0	3126646.40	6	7	8	8	13	0	0	0	0	0	0
0.50	0.50	0.10	24	WOUND_WAIT	0	3438744.85	6	8	8	8	13	0	0	0	0	0	3
0.50	0.50	0.10	28	WOUND_WAIT	0	3696398.30	7	8	8	9	14	0	0	0	0	0	2
0.50	0.50	0.10	32	WOUND_WAIT	0	4125813.63	7	8	9	10	14	0	0	0	0	0	4
0.50	0.50	0.10	36	WOUND_WAIT	0	4566635.49	7	9	9	10	14	0	0	0	0	0	5
0.50	0.50	0.10	40	WOUND_WAIT	0	5028930.61	7	9	9	10	15	0	0	0	0	0	5
0.50	0.50	0.10	44	WOUND_WAIT	0	5300573.45	8	10	10	11	15	0	0	0	0	0	6
0.50	0.50	0.10	48	WOUND_WAIT	0	5733977.92	8	10	11	12	16	0	0	0	0	0	8
0.50	0.50	0.10	52	WOUND_WAIT	0	6159744.83	8	10	10	11	18	0	0	0	0	0	6
0.50	0.50	0.10	56	WOUND_WAIT	0	6416634.08	8	10	11	12	15	0	0	0	0	0	15
0.50	0.50	0.10	60	WOUND_WAIT	0	6851702.91	8	11	11	12	16	0	0	0	0	0	13
0.50	0.50	0.10	64	WOUND_WAIT	0	7029148.39	8	12	13	14	17	0	0	0	0	0	20
1.00	0.00	0.10	1	WOUND_WAIT	0	619161.04	1	1	1	2	4	0	0	0	0	0	0
1.00	0.00	0.10	4	WOUND_WAIT	0	885219.70	4	4	5	5	8	0	0	0	0	0	0
1.00	0.00	0.10	8	WOUND_WAIT	0	1700030.22	4	5	5	6	9	0	0	0	0	0	0
1.00	0.00	0.10	12	WOUND_WAIT	0	2465572.82	4	5	5	6	11	0	0	0	0	0	0
1.00	0.00	0.10	16	WOUND_WAIT	0	3326442.36	4	5	5	5	11	0	0	0	0	0	0
1.00	0.00	0.10	20	WOUND_WAIT	0	3574217.20	5	6	6	7	11	0	0	0	0	0	0
1.00	0.00	0.10	24	WOUND_WAIT	0	3912309.41	6	7	7	8	12	0	0	0	0	0	0
1.00	0.00	0.10	28	WOUND_WAIT	0	4223901.37	6	7	7	8	12	0	0	0	0	0	0
1.00	0.00	0.10	32	WOUND_WAIT	0	4731866.65	6	7	8	8	14	0	0	0	0	0	0
1.00	0.00	0.10	36	WOUND_WAIT	0	5228654.70	6	8	8	9	13	0	0	0	0	0	0
1.00	0.00	0.10	40	WOUND_WAIT	0	5626303.48	7	8	8	9	13	0	0	0	0	0	0
1.00	0.00	0.10	44	WOUND_WAIT	0	6016521.87	7	8	9	10	14	0	0	0	0	0	0
1.00	0.00	0.10	48	WOUND_WAIT	0	6516279.25	7	8	9	10	15	0	0	0	0	0	0
1.00	0.00	0.10	52	WOUND_WAIT	0	6930193.48	7	9	10	11	17	0	0	0	0	0	0
1.00	0.00	0.10	56	WOUND_WAIT	0	7203910.20	7	9	9	10	14	0	0	0	0	0	0
1.00	0.00	0.10	60	WOUND_WAIT	0	7726923.80	7	9	9	10	14	0	0	0	0	0	0
1.00	0.00	0.10	64	WOUND_WAIT	0	7916501.50	8	9	10	11	14	0	0	0	0	0	0
0.00	1.00	0.70	1	WOUND_WAIT	0	416616.69	2	2	2	4	6	0	0	0	0	0	0
0.00	1.00	0.70	4	WOUND_WAIT	0	877667.36	4	5	5	6	9	0	0	0	0	0	76
0.00	1.00	0.70	8	WOUND_WAIT	0	1711152.66	4	5	5	6	10	0	0	0	0	0	1011
0.00	1.00	0.70	12	WOUND_WAIT	0	2552794.13	4	5	5	6	10	0	0	0	0	0	3736
0.00	1.00	0.70	16	WOUND_WAIT	0	3311521.44	4	5	5	7	13	0	0	0	0	0	9109
0.00	1.00	0.70	20	WOUND_WAIT	0	3426614.52	5	7	7	9	26	0	0	0	0	1	15868
0.00	1.00	0.70	24	WOUND_WAIT	0	3639391.23	6	8	8	11	52	0	0	0	0	1	24506
0.00	1.00	0.70	28	WOUND_WAIT	0	3962855.34	6	8	9	12	72	0	0	0	0	1	37362
0.00	1.00	0.70	32	WOUND_WAIT	0	4349058.68	7	9	9	14	85	0	0	0	0	1	53597
0.00	1.00	0.70	36	WOUND_WAIT	0	4633714.41	7	9	10	16	98	0	0	0	0	1	76194
0.00	1.00	0.70	40	WOUND_WAIT	0	5029590.15	7	9	10	19	108	0	0	0	0	1	104209
0.00	1.00	0.70	44	WOUND_WAIT	0	5336694.73	7	10	11	24	119	0	0	0	0	1	137052
0.00	1.00	0.70	48	WOUND_WAIT	0	5398884.48	8	10	12	35	146	0	0	0	0	1	163783
0.00	1.00	0.70	52	WOUND_WAIT	0	5622083.52	8	10	13	52	150	0	0	0	0	1	169897
0.00	1.00	0.70	56	WOUND_WAIT	0	5681777.85	8	11	14	67	168	0	0	0	0	1	170765
0.00	1.00	0.70	60	WOUND_WAIT	0	5575330.58	8	11	15	90	258	0	0	0	0	1	209913
0.00	1.00	0.70	64	WOUND_WAIT	0	5452012.50	8	11	16	112	335	0	0	0	0	2	262283
0.50	0.50	0.70	1	WOUND_WAIT	0	522556.76	1	2	2	2	5	0	0	0	0	0	0
0.50	0.50	0.70	4	WOUND_WAIT	0	955471.12	4	5	5	6	8	0	0	0	0	0	45
0.50	0.50	0.70	8	WOUND_WAIT	0	1854257.39	4	5	5	6	9	0	0	0	0	0	632
0.50	0.50	0.70	12	WOUND_WAIT	0	2722104.41	4	5	5	6	10	0	0	0	0	0	2370
0.50	0.50	0.70	16	WOUND_WAIT	0	3511674.46	4	5	5	6	12	0	0	0	0	0	5797
0.50	0.50	0.70	20	WOUND_WAIT	0	3773131.19	5	6	6	8	14	0	0	0	0	0	10471
0.50	0.50	0.70	24	WOUND_WAIT	0	4069405.18	5	7	7	9	22	0	0	0	0	0	17021
0.50	0.50	0.70	28	WOUND_WAIT	0	4541514.73	6	7	7	10	41	0	0	0	0	1	26028
0.50	0.50	0.70	32	WOUND_WAIT	0	4809951.04	6	8	8	11	60	0	0	0	0	1	36314
0.50	0.50	0.70	36	WOUND_WAIT	0	5240051.26	6	8	8	12	76	0	0	0	0	1	53186
0.50	0.50	0.70	40	WOUND_WAIT	0	5535482.73	7	8	9	14	88	0	0	0	0	1	70969
0.50	0.50	0.70	44	WOUND_WAIT	0	5821390.96	7	9	10	16	98	0	0	0	0	1	91116
0.50	0.50	0.70	48	WOUND_WAIT	0	6229118.57	7	9	10	18	105	0	0	0	0	1	117331
0.50	0.50	0.70	52	WOUND_WAIT	0	6533811.28	7	9	10	22	119	0	0	0	0	1	152901
0.50	0.50	0.70	56	WOUND_WAIT	0	6787045.81	7	9	11	32	147	0	0	0	0	1	187007
0.50	0.50	0.70	60	WOUND_WAIT	0	6845298.15	7	10	12	47	153	0	0	0	0	1	181766
0.50	0.50	0.70	64	WOUND_WAIT	0	6823503.22	8	10	13	64	195	0	0	0	0	1	194423
1.00	0.00	0.70	1	WOUND_WAIT	0	675919.56	1	1	1	1	4	0	0	0	0	0	0
1.00	0.00	0.70	4	WOUND_WAIT	0	1074064.97	3	4	4	5	8	0	0	0	0	0	0
1.00	0.00	0.70	8	WOUND_WAIT	0	2121660.29	3	4	4	5	7	0	0	0	0	0	0
1.00	0.00	0.70	12	WOUND_WAIT	0	3010223.04	3	4	4	5	9	0	0	0	0	0	0
1.00	0.00	0.70	16	WOUND_WAIT	0	4101150.99	3	4	4	5	9	0	0	0	0	0	0
1.00	0.00	0.70	20	WOUND_WAIT	0	4326357.20	4	5	5	6	9	0	0	0	0	0	0
1.00	0.00	0.70	24	WOUND_WAIT	0	4777330.66	4	6	6	7	10	0	0	0	0	0	0
1.00	0.00	0.70	28	WOUND_WAIT	0	5181776.74	5	6	6	7	10	0	0	0	0	0	0
1.00	0.00	0.70	32	WOUND_WAIT	0	5666531.39	5	6	7	7	10	0	0	0	0	0	0
1.00	0.00	0.70	36	WOUND_WAIT	0	6157845.00	5	7	7	8	11	0	0	0	0	0	0
1.00	0.00	0.70	40	WOUND_WAIT	0	6512932.44	6	7	7	8	12	0	0	0	0	0	0
1.00	0.00	0.70	44	WOUND_WAIT	0	6926613.41	6	7	8	9	12	0	0	0	0	0	0
1.00	0.00	0.70	48	WOUND_WAIT	0	7297021.72	6	8	8	9	14	0	0	0	0	0	0
1.00	0.00	0.70	52	WOUND_WAIT	0	7783653.80	6	8	8	9	16	0	0	0	0	0	0
1.00	0.00	0.70	56	WOUND_WAIT	0	7884147.45	7	8	9	10	15	0	0	0	0	0	0
1.00	0.00	0.70	60	WOUND_WAIT	0	8124768.63	7	8	9	11	60	0	0	0	0	0	0
1.00	0.00	0.70	64	WOUND_WAIT	0	7454527.81	7	9	10	28	212	0	0	0	0	0	0
0.00	1.00	0.75	1	WOUND_WAIT	0	446298.99	2	2	2	4	6	0	0	0	0	0	0
0.00	1.00	0.75	4	WOUND_WAIT	0	916184.57	4	5	5	6	9	0	0	0	0	0	409
0.00	1.00	0.75	8	WOUND_WAIT	0	1786710.43	4	5	5	7	12	0	0	0	0	0	4922
0.00	1.00	0.75	12	WOUND_WAIT	0	2565375.80	4	5	6	7	47	0	0	0	0	1	17399
0.00	1.00	0.75	16	WOUND_WAIT	0	3397907.61	4	5	6	8	78	0	0	0	0	1	44674
0.00	1.00	0.75	20	WOUND_WAIT	0	3438835.36	5	7	8	13	98	0	0	0	0	1	77269
0.00	1.00	0.75	24	WOUND_WAIT	0	3600258.41	6	8	9	22	111	0	0	0	0	1	123529
0.00	1.00	0.75	28	WOUND_WAIT	0	3817436.04	6	8	10	42	145	0	0	0	0	2	188490
0.00	1.00	0.75	32	WOUND_WAIT	0	4006653.99	6	9	13	55	140	0	0	0	1	2	198886
0.00	1.00	0.75	36	WOUND_WAIT	0	4008185.11	7	10	16	87	275	0	0	0	1	2	296234
0.00	1.00	0.75	40	WOUND_WAIT	0	3895179.30	7	11	26	106	304	0	0	0	1	2	328279
0.00	1.00	0.75	44	WOUND_WAIT	0	3582961.15	7	11	32	130	415	0	0	0	1	3	515937
0.00	1.00	0.75	48	WOUND_WAIT	0	3146012.37	7	12	37	167	533	0	0	0	1	3	741399
0.00	1.00	0.75	52	WOUND_WAIT	0	2626358.26	7	13	39	167	702	0	0	0	1	3	865473
0.00	1.00	0.75	56	WOUND_WAIT	0	2480852.43	7	13	34	187	1177	0	0	0	1	4	802065
0.00	1.00	0.75	60	WOUND_WAIT	0	2514126.88	7	13	36	190	879	0	0	0	1	3	662577
0.00	1.00	0.75	64	WOUND_WAIT	0	2256480.61	7	15	47	191	742	0	0	0	1	3	758909
0.50	0.50	0.75	1	WOUND_WAIT	0	556463.78	1	1	1	3	5	0	0	0	0	0	0
0.50	0.50	0.75	4	WOUND_WAIT	0	988712.40	4	4	5	5	8	0	0	0	0	0	228
0.50	0.50	0.75	8	WOUND_WAIT	0	1949175.80	4	5	5	6	10	0	0	0	0	0	3108
0.50	0.50	0.75	12	WOUND_WAIT	0	2793430.91	4	5	5	6	15	0	0	0	0	0	11269
0.50	0.50	0.75	16	WOUND_WAIT	0	3695093.99	4	5	5	7	56	0	0	0	0	1	29179
0.50	0.50	0.75	20	WOUND_WAIT	0	3860079.38	4	6	7	10	83	0	0	0	0	1	53705
0.50	0.50	0.75	24	WOUND_WAIT	0	4151110.31	5	7	8	13	97	0	0	0	0	1	86020
0.50	0.50	0.75	28	WOUND_WAIT	0	4344858.64	6	7	9	19	108	0	0	0	0	1	132239
0.50	0.50	0.75	32	WOUND_WAIT	0	4716704.91	6	8	10	32	124	0	0	0	0	2	191641
0.50	0.50	0.75	36	WOUND_WAIT	0	4901520.18	6	8	11	52	152	0	0	0	0	2	241010
0.50	0.50	0.75	40	WOUND_WAIT	0	4827640.19	6	9	15	72	183	0	0	0	1	2	259720
0.50	0.50	0.75	44	WOUND_WAIT	0	4718207.05	6	10	23	85	223	0	0	0	1	2	270202
0.50	0.50	0.75	48	WOUND_WAIT	0	4215655.27	6	10	29	125	420	0	0	0	1	2	440880
0.50	0.50	0.75	52	WOUND_WAIT	0	2954955.05	6	13	41	183	673	0	0	0	1	3	749546
0.50	0.50	0.75	56	WOUND_WAIT	0	2794657.39	6	13	39	183	781	0	0	0	1	3	648396
0.50	0.50	0.75	60	WOUND_WAIT	0	2781972.00	6	12	40	183	914	0	0	0	1	3	624526
0.50	0.50	0.75	64	WOUND_WAIT	0	2329371.59	6	15	48	219	935	0	0	0	1	3	710082
1.00	0.00	0.75	1	WOUND_WAIT	0	687395.51	1	1	1	1	4	0	0	0	0	0	0
1.00	0.00	0.75	4	WOUND_WAIT	0	1123210.94	3	4	4	5	7	0	0	0	0	0	0
1.00	0.00	0.75	8	WOUND_WAIT	0	2154633.67	3	4	4	5	8	0	0	0	0	0	0
1.00	0.00	0.75	12	WOUND_WAIT	0	3285230.97	3	4	4	4	7	0	0	0	0	0	0
1.00	0.00	0.75	16	WOUND_WAIT	0	4361570.05	3	4	4	5	9	0	0	0	0	0	0
1.00	0.00	0.75	20	WOUND_WAIT	0	4606581.16	4	5	5	6	10	0	0	0	0	0	0
1.00	0.00	0.75	24	WOUND_WAIT	0	4878671.32	4	5	6	7	10	0	0	0	0	0	0
1.00	0.00	0.75	28	WOUND_WAIT	0	5316558.05	5	6	6	7	10	0	0	0	0	0	0
1.00	0.00	0.75	32	WOUND_WAIT	0	5856133.14	5	6	6	7	12	0	0	0	0	0	0
1.00	0.00	0.75	36	WOUND_WAIT	0	6390890.49	5	6	7	9	22	0	0	0	0	0	0
1.00	0.00	0.75	40	WOUND_WAIT	0	6491844.14	5	7	7	12	43	0	0	0	0	0	0
1.00	0.00	0.75	44	WOUND_WAIT	0	5839806.49	6	8	10	41	138	0	0	0	0	0	0
1.00	0.00	0.75	48	WOUND_WAIT	0	4792288.94	6	9	18	98	240	0	0	0	0	0	0
1.00	0.00	0.75	52	WOUND_WAIT	0	3713714.85	6	15	41	202	445	0	0	0	0	0	0
1.00	0.00	0.75	56	WOUND_WAIT	0	3262273.01	6	17	59	276	601	0	0	0	0	0	0
1.00	0.00	0.75	60	WOUND_WAIT	0	3147602.38	6	18	69	322	679	0	0	0	0	0	0
1.00	0.00	0.75	64	WOUND_WAIT	0	2916648.94	6	19	82	400	828	0	0	0	0	0	0
0.00	1.00	0.80	1	WOUND_WAIT	0	470378.37	2	2	2	3	5	0	0	0	0	0	0
0.00	1.00	0.80	4	WOUND_WAIT	0	968897.98	4	5	5	6	9	0	0	0	0	0	1908
0.00	1.00	0.80	8	WOUND_WAIT	0	1835392.05	4	5	5	8	76	0	0	0	0	1	23060
0.00	1.00	0.80	12	WOUND_WAIT	0	2596965.27	4	5	6	12	100	0	0	0	0	1	83511
0.00	1.00	0.80	16	WOUND_WAIT	0	3243535.69	4	6	7	39	118	0	0	0	1	2	198758
0.00	1.00	0.80	20	WOUND_WAIT	0	3222816.76	5	8	12	76	181	0	0	0	1	2	321888
0.00	1.00	0.80	24	WOUND_WAIT	0	2949086.62	5	11	24	100	235	0	0	0	1	3	353772
0.00	1.00	0.80	28	WOUND_WAIT	0	2713409.36	6	14	42	126	402	0	0	0	1	3	422349
0.00	1.00	0.80	32	WOUND_WAIT	0	2469787.16	6	17	55	150	498	0	0	0	1	3	791131
0.00	1.00	0.80	36	WOUND_WAIT	0	2227379.01	6	21	63	164	521	0	0	0	1	3	904364
0.00	1.00	0.80	40	WOUND_WAIT	0	2164900.54	6	20	62	164	592	0	0	0	1	3	851960
0.00	1.00	0.80	44	WOUND_WAIT	0	1912164.28	6	22	73	196	746	0	0	0	1	4	783283
0.00	1.00	0.80	48	WOUND_WAIT	0	1677763.04	6	22	75	229	1460	0	0	0	1	5	973605
0.00	1.00	0.80	52	WOUND_WAIT	0	1794078.44	6	25	81	197	675	0	0	0	1	3	667100
0.00	1.00	0.80	56	WOUND_WAIT	0	1631629.64	6	31	92	216	697	0	0	0	1	3	689257
0.00	1.00	0.80	60	WOUND_WAIT	0	1454572.73	6	36	102	233	804	0	0	0	1	4	708810
0.00	1.00	0.80	64	WOUND_WAIT	0	1442006.12	6	36	105	239	829	0	0	0	1	4	692845
0.50	0.50	0.80	1	WOUND_WAIT	0	579746.04	1	1	1	2	4	0	0	0	0	0	0
0.50	0.50	0.80	4	WOUND_WAIT	0	1086818.99	3	4	4	5	8	0	0	0	0	0	1248
0.50	0.50	0.80	8	WOUND_WAIT	0	2006399.55	3	4	5	7	54	0	0	0	0	1	15371
0.50	0.50	0.80	12	WOUND_WAIT	0	2905506.46	4	5	5	8	89	0	0	0	0	1	55869
0.50	0.50	0.80	16	WOUND_WAIT	0	3705038.87	4	5	6	14	102	0	0	0	0	1	135868
0.50	0.50	0.80	20	WOUND_WAIT	0	3692087.16	4	7	8	49	137	0	0	0	1	2	248475
0.50	0.50	0.80	24	WOUND_WAIT	0	3566635.42	5	8	13	78	186	0	0	0	1	2	332576
0.50	0.50	0.80	28	WOUND_WAIT	0	3486496.44	5	11	25	91	223	0	0	0	1	2	349740
0.50	0.50	0.80	32	WOUND_WAIT	0	3326527.40	5	14	37	114	376	0	0	0	1	3	435849
0.50	0.50	0.80	36	WOUND_WAIT	0	2598269.91	5	18	53	157	771	0	0	0	1	4	834961
0.50	0.50	0.80	40	WOUND_WAIT	0	2279179.24	5	21	63	189	888	0	0	0	1	4	862296
0.50	0.50	0.80	44	WOUND_WAIT	0	1914020.38	6	22	65	225	1562	0	0	0	1	5	951971
0.50	0.50	0.80	48	WOUND_WAIT	0	2023799.38	6	25	73	199	761	0	0	0	1	4	687770
0.50	0.50	0.80	52	WOUND_WAIT	0	1679925.69	6	29	83	244	1474	0	0	0	1	5	854009
0.50	0.50	0.80	56	WOUND_WAIT	0	1493043.50	6	32	89	260	1439	0	0	0	1	5	852483
0.50	0.50	0.80	60	WOUND_WAIT	0	1492427.29	6	33	95	262	1372	0	0	0	1	4	695781
0.50	0.50	0.80	64	WOUND_WAIT	0	1496151.36	6	37	105	271	1120	0	0	0	1	4	705549
1.00	0.00	0.80	1	WOUND_WAIT	0	712119.42	1	1	1	1	3	0	0	0	0	0	0
1.00	0.00	0.80	4	WOUND_WAIT	0	1238100.38	3	3	4	4	5	0	0	0	0	0	0
1.00	0.00	0.80	8	WOUND_WAIT	0	2285139.20	3	4	4	4	6	0	0	0	0	0	0
1.00	0.00	0.80	12	WOUND_WAIT	0	3422117.84	3	4	4	5	7	0	0	0	0	0	0
1.00	0.00	0.80	16	WOUND_WAIT	0	4382661.51	3	4	4	5	8	0	0	0	0	0	0
1.00	0.00	0.80	20	WOUND_WAIT	0	4731269.25	4	5	5	6	10	0	0	0	0	0	0
1.00	0.00	0.80	24	WOUND_WAIT	0	4917049.67	4	5	6	8	17	0	0	0	0	0	0
1.00	0.00	0.80	28	WOUND_WAIT	0	5046193.16	5	6	7	16	44	0	0	0	0	0	0
1.00	0.00	0.80	32	WOUND_WAIT	0	4762251.14	5	7	12	37	81	0	0	0	0	0	0
1.00	0.00	0.80	36	WOUND_WAIT	0	2909653.22	5	20	47	132	250	0	0	0	0	0	0
1.00	0.00	0.80	40	WOUND_WAIT	0	2588188.90	5	26	68	189	371	0	0	0	0	0	0
1.00	0.00	0.80	44	WOUND_WAIT	0	2362366.98	5	32	96	237	439	0	0	0	0	0	0
1.00	0.00	0.80	48	WOUND_WAIT	0	2083533.68	5	39	129	323	587	0	0	0	0	0	0
1.00	0.00	0.80	52	WOUND_WAIT	0	1893895.56	5	39	144	443	863	0	0	0	0	0	0
1.00	0.00	0.80	56	WOUND_WAIT	0	1932689.83	6	41	158	466	936	0	0	0	0	0	0
1.00	0.00	0.80	60	WOUND_WAIT	0	1681010.04	6	50	221	572	1058	0	0	0	0	0	0
1.00	0.00	0.80	64	WOUND_WAIT	0	1714282.87	6	50	231	611	1151	0	0	0	0	0	0
0.00	1.00	0.85	1	WOUND_WAIT	0	499351.26	1	2	2	3	5	0	0	0	0	0	0
0.00	1.00	0.85	4	WOUND_WAIT	0	1025601.78	3	4	5	7	59	0	0	0	0	1	8824
0.00	1.00	0.85	8	WOUND_WAIT	0	1835445.66	4	5	6	25	106	0	0	0	1	1	95772
0.00	1.00	0.85	12	WOUND_WAIT	0	2445488.88	4	6	10	81	165	0	0	0	1	2	311622
0.00	1.00	0.85	16	WOUND_WAIT	0	2774027.98	4	10	21	97	205	0	0	0	1	3	495709
0.00	1.00	0.85	20	WOUND_WAIT	0	2177423.29	5	17	47	156	1037	0	0	0	2	7	790666
0.00	1.00	0.85	24	WOUND_WAIT	0	1756830.63	5	29	66	165	1346	0	0	1	2	5	1073013
0.00	1.00	0.85	28	WOUND_WAIT	0	1463279.50	6	37	86	218	1446	0	0	1	2	6	1227656
0.00	1.00	0.85	32	WOUND_WAIT	0	1356834.55	6	43	88	207	1146	0	0	1	2	5	1189701
0.00	1.00	0.85	36	WOUND_WAIT	0	1281805.14	6	46	94	217	1176	0	0	1	2	5	1146675
0.00	1.00	0.85	40	WOUND_WAIT	0	1196948.52	6	53	103	234	1473	0	0	1	2	5	940414
0.00	1.00	0.85	44	WOUND_WAIT	0	1157154.75	6	64	116	250	969	0	0	1	2	5	793337
0.00	1.00	0.85	48	WOUND_WAIT	0	963197.67	7	69	129	274	1625	0	0	1	2	6	997446
0.00	1.00	0.85	52	WOUND_WAIT	0	1061521.75	6	79	140	277	878	0	0	1	2	4	811152
0.00	1.00	0.85	56	WOUND_WAIT	0	876636.28	7	89	157	296	1289	0	0	1	2	4	846980
0.00	1.00	0.85	60	WOUND_WAIT	0	933623.76	7	91	162	292	873	0	0	1	2	4	739427
0.00	1.00	0.85	64	WOUND_WAIT	0	871656.33	7	98	183	332	1346	0	0	1	2	5	775981
0.50	0.50	0.85	1	WOUND_WAIT	0	584890.15	1	1	1	2	4	0	0	0	0	0	0
0.50	0.50	0.85	4	WOUND_WAIT	0	1128133.65	3	4	4	6	20	0	0	0	0	1	5423
0.50	0.50	0.85	8	WOUND_WAIT	0	2081547.82	3	4	5	10	98	0	0	0	0	1	66246
0.50	0.50	0.85	12	WOUND_WAIT	0	2946594.36	3	5	6	55	116	0	0	0	1	2	236869
0.50	0.50	0.85	16	WOUND_WAIT	0	3366666.38	4	6	11	80	151	0	0	0	1	2	421580
0.50	0.50	0.85	20	WOUND_WAIT	0	2733704.43	4	12	32	122	453	0	0	0	1	5	686677
0.50	0.50	0.85	24	WOUND_WAIT	0	2229301.39	5	23	54	155	945	0	0	0	1	5	786833
0.50	0.50	0.85	28	WOUND_WAIT	0	1832603.88	5	34	77	197	1253	0	0	1	2	5	1037023
0.50	0.50	0.85	32	WOUND_WAIT	0	1592730.64	5	42	92	229	1429	0	0	1	2	5	1198044
0.50	0.50	0.85	36	WOUND_WAIT	0	1360654.37	5	36	82	226	2262	0	0	1	2	7	1088036
0.50	0.50	0.85	40	WOUND_WAIT	0	1196278.07	6	55	108	268	1787	0	0	1	2	6	1079613
0.50	0.50	0.85	44	WOUND_WAIT	0	1142267.67	6	57	111	277	2021	0	0	1	2	6	999192
0.50	0.50	0.85	48	WOUND_WAIT	0	931335.64	6	81	139	337	2105	0	0	1	2	6	1067152
0.50	0.50	0.85	52	WOUND_WAIT	0	1004184.34	6	64	123	299	2621	0	0	1	2	7	811124
0.50	0.50	0.85	56	WOUND_WAIT	0	997612.35	6	80	142	328	2386	0	0	1	2	6	758241
0.50	0.50	0.85	60	WOUND_WAIT	0	939917.85	6	90	156	334	1785	0	0	1	2	5	730296
0.50	0.50	0.85	64	WOUND_WAIT	0	841628.03	6	96	168	359	3275	0	0	1	2	7	880319
1.00	0.00	0.85	1	WOUND_WAIT	0	667429.84	1	1	1	1	4	0	0	0	0	0	0
1.00	0.00	0.85	4	WOUND_WAIT	0	1375097.65	2	3	3	4	5	0	0	0	0	0	0
1.00	0.00	0.85	8	WOUND_WAIT	0	2585199.94	3	3	3	4	5	0	0	0	0	0	0
1.00	0.00	0.85	12	WOUND_WAIT	0	3545978.00	3	4	4	5	6	0	0	0	0	0	0
1.00	0.00	0.85	16	WOUND_WAIT	0	4881627.53	3	3	4	4	6	0	0	0	0	0	0
1.00	0.00	0.85	20	WOUND_WAIT	0	4466754.85	4	5	7	13	28	0	0	0	0	0	0
1.00	0.00	0.85	24	WOUND_WAIT	0	2921314.84	4	13	23	55	106	0	0	0	0	0	0
1.00	0.00	0.85	28	WOUND_WAIT	0	2231860.92	5	30	52	103	176	0	0	0	0	0	0
1.00	0.00	0.85	32	WOUND_WAIT	0	2045541.99	5	41	74	139	225	0	0	0	0	0	0
1.00	0.00	0.85	36	WOUND_WAIT	0	1714519.96	5	47	108	245	435	0	0	0	0	0	0
1.00	0.00	0.85	40	WOUND_WAIT	0	1413531.00	5	77	154	333	598	0	0	0	0	0	0
1.00	0.00	0.85	44	WOUND_WAIT	0	1390994.15	5	94	182	361	620	0	0	0	0	0	0
1.00	0.00	0.85	48	WOUND_WAIT	0	1369516.70	5	106	206	416	711	0	0	0	0	0	0
1.00	0.00	0.85	52	WOUND_WAIT	0	1227625.50	5	106	257	580	1034	0	0	0	0	0	0
1.00	0.00	0.85	56	WOUND_WAIT	0	1131037.09	6	148	304	650	1166	0	0	0	0	0	0
1.00	0.00	0.85	60	WOUND_WAIT	0	1103371.11	6	169	343	708	1235	0	0	0	0	0	0
1.00	0.00	0.85	64	WOUND_WAIT	0	1143387.78	6	173	355	739	1294	0	0	0	0	0	0
0.00	1.00	0.90	1	WOUND_WAIT	0	515643.60	1	1	2	3	5	0	0	0	0	0	0
0.00	1.00	0.90	4	WOUND_WAIT	0	1081304.02	3	4	5	9	96	0	0	0	0	1	35241
0.00	1.00	0.90	8	WOUND_WAIT	0	1753029.92	3	6	11	92	179	0	0	0	1	3	324150
0.00	1.00	0.90	12	WOUND_WAIT	0	1944548.85	4	16	51	126	333	0	0	1	2	4	738549
0.00	1.00	0.90	16	WOUND_WAIT	0	1914543.85	4	31	79	171	633	0	0	1	2	7	1094670
0.00	1.00	0.90	20	WOUND_WAIT	0	1402062.05	4	41	93	203	2153	0	0	1	2	10	1687541
0.00	1.00	0.90	24	WOUND_WAIT	0	1126841.70	5	50	99	203	2688	0	0	1	2	9	1686873
0.00	1.00	0.90	28	WOUND_WAIT	0	965527.01	6	74	122	242	1356	0	1	1	2	6	1405260
0.00	1.00	0.90	32	WOUND_WAIT	0	898304.56	7	87	135	272	1338	0	1	1	2	6	1327089
0.00	1.00	0.90	36	WOUND_WAIT	0	850200.97	6	89	139	301	2346	0	1	1	3	9	1182569
0.00	1.00	0.90	40	WOUND_WAIT	0	792931.47	7	105	158	311	2156	0	1	1	2	7	1254334
0.00	1.00	0.90	44	WOUND_WAIT	0	709136.65	7	118	177	330	1808	0	1	1	2	7	1136771
0.00	1.00	0.90	48	WOUND_WAIT	0	596241.46	8	133	202	378	5375	0	1	1	3	8	1017921
0.00	1.00	0.90	52	WOUND_WAIT	0	574186.22	8	156	235	417	2984	0	1	1	2	7	1022547
0.00	1.00	0.90	56	WOUND_WAIT	0	603455.84	8	163	261	453	3625	0	1	1	3	7	1000288
0.00	1.00	0.90	60	WOUND_WAIT	0	588502.46	8	200	304	522	3175	0	1	1	3	7	920262
0.00	1.00	0.90	64	WOUND_WAIT	0	563911.64	8	222	336	559	4403	0	1	1	3	6	824762
0.50	0.50	0.90	1	WOUND_WAIT	0	612364.82	1	1	1	1	4	0	0	0	0	0	0
0.50	0.50	0.90	4	WOUND_WAIT	0	1196271.83	3	4	4	6	85	0	0	0	0	1	22377
0.50	0.50	0.90	8	WOUND_WAIT	0	2052453.79	3	5	7	74	137	0	0	0	1	2	238253
0.50	0.50	0.90	12	WOUND_WAIT	0	2461599.37	3	9	21	101	203	0	0	0	1	3	599532
0.50	0.50	0.90	16	WOUND_WAIT	0	2499685.89	4	18	56	135	453	0	0	1	2	5	1026483
0.50	0.50	0.90	20	WOUND_WAIT	0	1547563.63	4	36	92	235	2304	0	0	1	2	13	1556725
0.50	0.50	0.90	24	WOUND_WAIT	0	1222482.40	5	49	107	264	2320	0	0	1	3	10	1647870
0.50	0.50	0.90	28	WOUND_WAIT	0	1032543.85	6	70	125	284	1972	0	0	1	3	8	1407445
0.50	0.50	0.90	32	WOUND_WAIT	0	903878.30	6	75	136	359	3616	0	0	1	3	11	1436025
0.50	0.50	0.90	36	WOUND_WAIT	0	886885.25	6	89	142	298	1730	0	0	1	2	6	1207105
0.50	0.50	0.90	40	WOUND_WAIT	0	721289.72	7	101	156	365	6120	0	1	1	3	11	1138802
0.50	0.50	0.90	44	WOUND_WAIT	0	779849.65	6	103	156	339	3452	0	1	1	3	9	1229834
0.50	0.50	0.90	48	WOUND_WAIT	0	723253.22	7	126	183	366	2612	0	1	1	2	7	1007734
0.50	0.50	0.90	52	WOUND_WAIT	0	675274.65	7	141	205	405	2822	0	1	1	3	8	1009041
0.50	0.50	0.90	56	WOUND_WAIT	0	673774.76	7	155	224	415	2083	0	1	1	2	7	853214
0.50	0.50	0.90	60	WOUND_WAIT	0	572941.96	7	174	261	629	7379	0	1	1	3	16	938305
0.50	0.50	0.90	64	WOUND_WAIT	0	611419.03	7	205	282	499	2191	0	1	1	3	7	823202
1.00	0.00	0.90	1	WOUND_WAIT	0	749937.14	1	1	1	1	3	0	0	0	0	0	0
1.00	0.00	0.90	4	WOUND_WAIT	0	1511245.98	2	3	3	4	5	0	0	0	0	0	0
1.00	0.00	0.90	8	WOUND_WAIT	0	2583850.44	3	3	4	4	5	0	0	0	0	0	0
1.00	0.00	0.90	12	WOUND_WAIT	0	3755367.96	3	3	4	4	6	0	0	0	0	0	0
1.00	0.00	0.90	16	WOUND_WAIT	0	4794713.06	3	4	4	5	10	0	0	0	0	0	0
1.00	0.00	0.90	20	WOUND_WAIT	0	2364538.21	4	16	26	53	89	0	0	0	0	0	0
1.00	0.00	0.90	24	WOUND_WAIT	0	1735840.85	5	33	54	107	177	0	0	0	0	0	0
1.00	0.00	0.90	28	WOUND_WAIT	0	1433089.26	5	57	86	148	234	0	0	0	0	0	0
1.00	0.00	0.90	32	WOUND_WAIT	0	1292703.45	5	77	116	199	310	0	0	0	0	0	0
1.00	0.00	0.90	36	WOUND_WAIT	0	1086323.20	5	95	176	350	605	0	0	0	0	0	0
1.00	0.00	0.90	40	WOUND_WAIT	0	1002136.17	6	125	204	393	682	0	0	0	0	0	0
1.00	0.00	0.90	44	WOUND_WAIT	0	845696.36	6	177	278	495	813	0	0	0	0	0	0
1.00	0.00	0.90	48	WOUND_WAIT	0	891900.02	6	184	290	522	858	0	0	0	0	0	0
1.00	0.00	0.90	52	WOUND_WAIT	0	775168.95	6	219	381	748	1284	0	0	0	0	0	0
1.00	0.00	0.90	56	WOUND_WAIT	0	753838.85	6	256	414	781	1339	0	0	0	0	0	0
1.00	0.00	0.90	60	WOUND_WAIT	0	746813.85	6	283	452	829	1394	0	0	0	0	0	0
1.00	0.00	0.90	64	WOUND_WAIT	0	763634.48	6	295	476	880	1487	0	0	0	0	0	0
MUTEX-SILO
0.00	1.00	0.10	1	SILO	0	283796.04	3	3	4	5	6	0	0	0	0	0	0
0.00	1.00	0.10	4	SILO	0	699216.89	5	6	6	7	11	0	0	0	0	0	277
0.00	1.00	0.10	8	SILO	0	1424250.92	5	6	6	7	12	0	0	0	0	0	1275
0.00	1.00	0.10	12	SILO	0	2065029.06	5	6	6	7	13	0	0	0	0	0	2949
0.00	1.00	0.10	16	SILO	0	2674590.65	5	6	6	7	14	0	0	0	0	0	5238
0.00	1.00	0.10	20	SILO	0	2903135.28	6	7	8	9	14	0	0	0	0	0	6860
0.00	1.00	0.10	24	SILO	0	3180803.86	7	8	8	9	15	0	0	0	0	0	9331
0.00	1.00	0.10	28	SILO	0	3562541.61	7	9	9	10	17	0	0	0	0	0	12128
0.00	1.00	0.10	32	SILO	0	3943505.72	8	9	10	11	21	0	0	0	0	0	15420
0.00	1.00	0.10	36	SILO	0	4383877.70	8	9	10	11	25	0	0	0	0	1	18920
0.00	1.00	0.10	40	SILO	0	4852122.75	8	10	10	12	31	0	0	0	0	1	22851
0.00	1.00	0.10	44	SILO	0	5050894.61	8	10	11	12	39	0	0	0	0	1	26179
0.00	1.00	0.10	48	SILO	0	5383272.96	8	11	12	13	44	0	0	0	0	1	30051
0.00	1.00	0.10	52	SILO	0	5800090.47	8	11	12	13	50	0	0	0	0	1	35111
0.00	1.00	0.10	56	SILO	0	6535438.86	8	11	12	13	54	0	0	0	0	1	42345
0.00	1.00	0.10	60	SILO	0	6777463.34	8	12	12	14	59	0	0	0	0	1	46961
0.00	1.00	0.10	64	SILO	0	7124763.95	8	12	13	14	63	0	0	0	0	1	52118
0.50	0.50	0.10	1	SILO	0	299764.77	3	3	3	4	6	0	0	0	0	0	0
0.50	0.50	0.10	4	SILO	0	723272.23	5	6	6	6	9	0	0	0	0	0	138
0.50	0.50	0.10	8	SILO	0	1470304.29	5	5	6	6	11	0	0	0	0	0	735
0.50	0.50	0.10	12	SILO	0	2158787.74	5	6	6	6	11	0	0	0	0	0	1596
0.50	0.50	0.10	16	SILO	0	2749439.82	5	6	6	7	14	0	0	0	0	0	2784
0.50	0.50	0.10	20	SILO	0	2963991.88	6	7	8	8	14	0	0	0	0	0	3674
0.50	0.50	0.10	24	SILO	0	3238324.71	7	8	8	9	14	0	0	0	0	0	4829
0.50	0.50	0.10	28	SILO	0	3607843.41	7	9	9	10	15	0	0	0	0	0	6071
0.50	0.50	0.10	32	SILO	0	3975333.58	8	9	9	10	16	0	0	0	0	0	7790
0.50	0.50	0.10	36	SILO	0	4487398.58	8	9	9	10	16	0	0	0	0	0	9547
0.50	0.50	0.10	40	SILO	0	4839634.06	8	10	10	11	17	0	0	0	0	0	11729
0.50	0.50	0.10	44	SILO	0	5245432.88	8	10	11	12	19	0	0	0	0	0	13786
0.50	0.50	0.10	48	SILO	0	5676558.15	8	10	11	12	19	0	0	0	0	0	16159
0.50	0.50	0.10	52	SILO	0	6109944.06	8	10	11	12	22	0	0	0	0	0	18736
0.50	0.50	0.10	56	SILO	0	6473643.20	8	11	11	12	22	0	0	0	0	0	21506
0.50	0.50	0.10	60	SILO	0	6725519.08	8	11	12	13	23	0	0	0	0	0	23329
0.50	0.50	0.10	64	SILO	0	7290433.36	8	11	12	14	25	0	0	0	0	0	26950
1.00	0.00	0.10	1	SILO	0	319133.20	3	3	3	5	6	0	0	0	0	0	0
1.00	0.00	0.10	4	SILO	0	760274.06	5	6	6	7	10	0	0	0	0	0	4
1.00	0.00	0.10	8	SILO	0	1573708.55	5	5	5	6	9	0	0	0	0	0	17
1.00	0.00	0.10	12	SILO	0	2216962.52	5	6	6	6	11	0	0	0	0	0	47
1.00	0.00	0.10	16	SILO	0	2891767.97	5	6	6	7	11	0	0	0	0	0	71
1.00	0.00	0.10	20	SILO	0	3199072.72	6	7	8	8	13	0	0	0	0	0	119
1.00	0.00	0.10	24	SILO	0	3465091.39	6	8	8	9	12	0	0	0	0	0	155
1.00	0.00	0.10	28	SILO	0	3780753.01	7	8	9	9	12	0	0	0	0	0	204
1.00	0.00	0.10	32	SILO	0	4158154.37	7	9	9	10	14	0	0	0	0	0	270
1.00	0.00	0.10	36	SILO	0	4749648.53	7	9	9	10	14	0	0	0	0	0	326
1.00	0.00	0.10	40	SILO	0	5102424.49	7	9	9	10	14	0	0	0	0	0	391
1.00	0.00	0.10	44	SILO	0	5547531.98	7	9	9	10	15	0	0	0	0	0	496
1.00	0.00	0.10	48	SILO	0	5860570.43	8	10	10	11	15	0	0	0	0	0	596
1.00	0.00	0.10	52	SILO	0	6381064.32	8	10	10	11	17	0	0	0	0	0	824
1.00	0.00	0.10	56	SILO	0	6809266.59	8	10	10	11	15	0	0	0	0	0	1075
1.00	0.00	0.10	60	SILO	0	7397566.50	8	10	11	12	15	0	0	0	0	0	1145
1.00	0.00	0.10	64	SILO	0	7719272.60	8	11	11	13	15	0	0	0	0	0	1179
0.00	1.00	0.70	1	SILO	0	394184.26	2	2	2	3	5	0	0	0	0	0	0
0.00	1.00	0.70	4	SILO	0	859667.80	4	5	6	7	92	0	0	0	0	1	21544
0.00	1.00	0.70	8	SILO	0	1653419.44	4	5	6	38	103	0	0	0	1	1	100390
0.00	1.00	0.70	12	SILO	0	2516259.94	4	5	5	64	106	0	0	0	1	1	244987
0.00	1.00	0.70	16	SILO	0	3300485.95	4	5	6	77	109	0	0	0	1	2	434923
0.00	1.00	0.70	20	SILO	0	3474643.55	5	7	7	85	126	0	0	0	1	2	573760
0.00	1.00	0.70	24	SILO	0	3895114.31	6	7	9	92	151	0	0	0	1	2	777626
0.00	1.00	0.70	28	SILO	0	4237868.54	6	8	14	95	156	0	0	1	1	2	981936
0.00	1.00	0.70	32	SILO	0	4689656.60	6	8	25	99	168	0	0	1	1	2	1239348
0.00	1.00	0.70	36	SILO	0	5140855.50	6	9	36	102	178	0	0	1	1	3	1542170
0.00	1.00	0.70	40	SILO	0	5559198.94	7	9	44	105	189	0	0	1	1	3	1844835
0.00	1.00	0.70	44	SILO	0	5980315.36	7	10	51	107	198	0	0	1	1	3	2167470
0.00	1.00	0.70	48	SILO	0	6273363.32	7	11	57	109	209	0	0	1	2	3	2460071
0.00	1.00	0.70	52	SILO	0	6601586.26	7	11	62	112	233	0	0	1	2	3	2865521
0.00	1.00	0.70	56	SILO	0	7074365.25	7	12	67	116	251	0	0	1	2	4	3306055
0.00	1.00	0.70	60	SILO	0	7523101.43	7	15	72	128	285	0	0	1	2	4	3825091
0.00	1.00	0.70	64	SILO	0	7549415.99	7	21	78	156	419	0	1	1	2	6	4396956
0.50	0.50	0.70	1	SILO	0	406297.21	2	2	2	3	5	0	0	0	0	0	0
0.50	0.50	0.70	4	SILO	0	866696.09	4	5	5	6	76	0	0	0	0	1	10915
0.50	0.50	0.70	8	SILO	0	1673690.06	4	5	5	6	95	0	0	0	0	1	51444
0.50	0.50	0.70	12	SILO	0	2553411.48	4	5	6	20	100	0	0	0	1	1	123008
0.50	0.50	0.70	16	SILO	0	3226157.64	4	5	6	44	104	0	0	0	1	1	213360
0.50	0.50	0.70	20	SILO	0	3586203.69	5	6	7	58	106	0	0	0	1	1	299258
0.50	0.50	0.70	24	SILO	0	3995490.26	5	7	8	68	108	0	0	0	1	1	399651
0.50	0.50	0.70	28	SILO	0	4303187.13	6	7	8	75	110	0	0	0	1	2	509247
0.50	0.50	0.70	32	SILO	0	4802096.78	6	8	8	81	112	0	0	0	1	2	645071
0.50	0.50	0.70	36	SILO	0	5226610.36	6	8	9	85	121	0	0	0	1	2	794407
0.50	0.50	0.70	40	SILO	0	5541441.53	7	9	10	89	128	0	0	0	1	2	928162
0.50	0.50	0.70	44	SILO	0	5960639.09	7	9	11	92	142	0	0	0	1	2	1109769
0.50	0.50	0.70	48	SILO	0	6580109.28	7	9	12	94	148	0	0	0	1	2	1317631
0.50	0.50	0.70	52	SILO	0	6963453.43	7	10	15	97	157	0	0	0	1	2	1524105
0.50	0.50	0.70	56	SILO	0	7081765.61	7	10	20	99	165	0	0	1	1	2	1666902
0.50	0.50	0.70	60	SILO	0	7784694.06	7	10	25	101	174	0	0	1	1	2	1980593
0.50	0.50	0.70	64	SILO	0	8066645.56	7	12	31	103	178	0	0	1	1	2	2155805
1.00	0.00	0.70	1	SILO	0	438438.64	2	2	2	4	5	0	0	0	0	0	0
1.00	0.00	0.70	4	SILO	0	927832.69	4	5	5	6	9	0	0	0	0	0	393
1.00	0.00	0.70	8	SILO	0	1822452.33	4	5	5	6	10	0	0	0	0	0	2038
1.00	0.00	0.70	12	SILO	0	2706340.51	4	5	5	6	10	0	0	0	0	0	4820
1.00	0.00	0.70	16	SILO	0	3511637.10	4	5	5	6	13	0	0	0	0	0	8760
1.00	0.00	0.70	20	SILO	0	3976741.55	4	6	6	7	12	0	0	0	0	0	9862
1.00	0.00	0.70	24	SILO	0	4356274.44	5	6	7	8	12	0	0	0	0	0	12050
1.00	0.00	0.70	28	SILO	0	4828223.87	5	7	7	8	13	0	0	0	0	0	14072
1.00	0.00	0.70	32	SILO	0	5352340.50	5	7	7	8	14	0	0	0	0	0	16901
1.00	0.00	0.70	36	SILO	0	5970644.46	6	7	8	9	14	0	0	0	0	0	19635
1.00	0.00	0.70	40	SILO	0	6460602.59	6	7	8	9	16	0	0	0	0	0	22806
1.00	0.00	0.70	44	SILO	0	6969833.92	6	8	8	9	18	0	0	0	0	0	25822
1.00	0.00	0.70	48	SILO	0	7503137.25	6	8	8	10	20	0	0	0	0	0	29962
1.00	0.00	0.70	52	SILO	0	8145027.75	6	8	8	9	22	0	0	0	0	0	33611
1.00	0.00	0.70	56	SILO	0	8642530.09	6	8	8	10	25	0	0	0	0	1	38337
1.00	0.00	0.70	60	SILO	0	9232689.03	6	8	9	10	27	0	0	0	0	1	42014
1.00	0.00	0.70	64	SILO	0	9757512.43	6	8	9	10	32	0	0	0	0	1	48477
0.00	1.00	0.75	1	SILO	0	414206.25	2	2	2	2	5	0	0	0	0	0	0
0.00	1.00	0.75	4	SILO	0	822211.17	4	5	6	38	103	0	0	0	1	1	49895
0.00	1.00	0.75	8	SILO	0	1705003.30	4	5	6	80	112	0	0	0	1	2	249957
0.00	1.00	0.75	12	SILO	0	2594753.28	4	5	9	92	153	0	0	1	1	2	603501
0.00	1.00	0.75	16	SILO	0	3359870.33	4	6	35	99	177	0	0	1	1	3	1058877
0.00	1.00	0.75	20	SILO	0	3617530.85	5	7	52	105	194	0	0	1	2	3	1435987
0.00	1.00	0.75	24	SILO	0	3907051.97	5	9	65	110	218	0	0	1	2	3	1898408
0.00	1.00	0.75	28	SILO	0	4278892.59	6	21	73	121	244	0	1	1	2	4	2400956
0.00	1.00	0.75	32	SILO	0	4589777.78	6	33	81	143	284	0	1	1	2	4	2987124
0.00	1.00	0.75	36	SILO	0	4976707.28	6	44	87	164	335	0	1	1	2	5	3744269
0.00	1.00	0.75	40	SILO	0	5251051.78	7	52	94	191	444	0	1	1	3	7	4586265
0.00	1.00	0.75	44	SILO	0	4691618.23	7	60	104	304	879	0	1	1	4	12	5358160
0.00	1.00	0.75	48	SILO	0	4409679.39	7	66	112	413	1112	0	1	1	5	15	5735404
0.00	1.00	0.75	52	SILO	0	4055986.20	6	71	138	574	1409	0	1	2	7	17	5741713
0.00	1.00	0.75	56	SILO	0	4002435.86	7	75	149	619	1514	0	1	2	7	17	5717512
0.00	1.00	0.75	60	SILO	0	3897908.81	7	78	161	677	1649	0	1	2	7	17	5557339
0.00	1.00	0.75	64	SILO	0	4013052.50	7	82	169	696	1715	0	1	2	7	17	5792771
0.50	0.50	0.75	1	SILO	0	429364.66	2	2	2	2	5	0	0	0	0	0	0
0.50	0.50	0.75	4	SILO	0	840583.93	4	5	5	6	95	0	0	0	0	1	25829
0.50	0.50	0.75	8	SILO	0	1816775.81	4	5	5	50	103	0	0	0	1	1	135551
0.50	0.50	0.75	12	SILO	0	2601995.39	4	5	5	72	107	0	0	0	1	2	303884
0.50	0.50	0.75	16	SILO	0	3477206.60	4	5	6	83	118	0	0	0	1	2	548339
0.50	0.50	0.75	20	SILO	0	3704492.35	5	6	8	90	138	0	0	0	1	2	745884
0.50	0.50	0.75	24	SILO	0	4039087.29	5	7	16	96	157	0	0	1	1	2	992475
0.50	0.50	0.75	28	SILO	0	4478378.11	6	7	31	99	168	0	0	1	1	2	1286449
0.50	0.50	0.75	32	SILO	0	4749938.66	6	8	43	103	184	0	0	1	1	3	1579914
0.50	0.50	0.75	36	SILO	0	5244913.04	6	9	51	106	193	0	0	1	1	3	1951864
0.50	0.50	0.75	40	SILO	0	5579283.53	7	10	59	109	207	0	0	1	2	3	2329563
0.50	0.50	0.75	44	SILO	0	6051626.83	7	11	65	112	222	0	0	1	2	3	2789665
0.50	0.50	0.75	48	SILO	0	6527446.57	7	15	70	118	245	0	1	1	2	4	3280909
0.50	0.50	0.75	52	SILO	0	6623226.71	7	24	78	144	314	0	1	1	2	5	3837758
0.50	0.50	0.75	56	SILO	0	5960169.53	7	32	90	243	749	0	1	1	3	10	4703442
0.50	0.50	0.75	60	SILO	0	5479133.44	7	37	99	351	989	0	1	1	4	12	5229525
0.50	0.50	0.75	64	SILO	0	5634805.35	7	41	105	391	1037	0	1	1	5	13	5677816
1.00	0.00	0.75	1	SILO	0	467821.24	2	2	2	3	5	0	0	0	0	0	0
1.00	0.00	0.75	4	SILO	0	982387.94	4	5	5	6	9	0	0	0	0	0	1244
1.00	0.00	0.75	8	SILO	0	1952069.04	4	5	5	5	10	0	0	0	0	0	6123
1.00	0.00	0.75	12	SILO	0	2849741.55	4	5	5	6	26	0	0	0	0	1	14561
1.00	0.00	0.75	16	SILO	0	3881136.75	4	4	5	5	53	0	0	0	0	1	30212
1.00	0.00	0.75	20	SILO	0	4206816.57	4	6	6	7	49	0	0	0	0	1	29654
1.00	0.00	0.75	24	SILO	0	4563762.83	5	6	7	8	53	0	0	0	0	1	34588
1.00	0.00	0.75	28	SILO	0	5206646.24	5	6	7	8	62	0	0	0	0	1	46006
1.00	0.00	0.75	32	SILO	0	5633387.55	5	7	7	8	68	0	0	0	0	1	56491
1.00	0.00	0.75	36	SILO	0	6355459.34	5	7	7	8	68	0	0	0	0	1	63942
1.00	0.00	0.75	40	SILO	0	6809900.57	5	7	7	9	69	0	0	0	0	1	69241
1.00	0.00	0.75	44	SILO	0	7299401.78	6	7	8	9	75	0	0	0	0	1	84744
1.00	0.00	0.75	48	SILO	0	7904013.99	6	7	8	9	76	0	0	0	0	1	93450
1.00	0.00	0.75	52	SILO	0	8417577.92	6	7	8	10	80	0	0	0	0	1	110473
1.00	0.00	0.75	56	SILO	0	9233966.19	6	7	8	9	82	0	0	0	0	1	130889
1.00	0.00	0.75	60	SILO	0	9559634.03	6	8	9	10	84	0	0	0	0	1	140388
1.00	0.00	0.75	64	SILO	0	10207219.30	6	8	8	10	86	0	0	0	0	1	162909
0.00	1.00	0.80	1	SILO	0	436760.77	2	2	2	3	5	0	0	0	0	0	0
0.00	1.00	0.80	4	SILO	0	886060.92	4	5	6	81	110	0	0	0	1	2	129585
0.00	1.00	0.80	8	SILO	0	1830528.43	4	5	43	100	176	0	0	1	1	3	636664
0.00	1.00	0.80	12	SILO	0	2654345.95	4	17	69	111	220	0	1	1	2	3	1451051
0.00	1.00	0.80	16	SILO	0	3420218.81	4	41	83	147	279	0	1	1	2	4	2549226
0.00	1.00	0.80	20	SILO	0	3509048.92	5	59	95	183	375	0	1	1	3	6	3453501
0.00	1.00	0.80	24	SILO	0	3652814.63	5	73	104	226	503	0	1	2	4	8	4523300
0.00	1.00	0.80	28	SILO	0	3473740.06	6	86	132	354	859	0	1	2	5	13	5757934
0.00	1.00	0.80	32	SILO	0	2990368.51	6	99	189	571	1339	0	1	3	8	19	6405241
0.00	1.00	0.80	36	SILO	0	2694624.14	6	107	228	705	1586	0	1	3	9	21	6049044
0.00	1.00	0.80	40	SILO	0	2478933.76	6	116	261	814	1828	0	1	3	9	22	5636722
0.00	1.00	0.80	44	SILO	0	2522720.25	6	123	273	833	1916	0	1	3	9	21	5747544
0.00	1.00	0.80	48	SILO	0	2535533.03	6	131	286	859	1987	0	1	3	9	21	5673011
0.00	1.00	0.80	52	SILO	0	2270483.41	6	143	340	1057	2410	0	1	3	10	22	5313430
0.00	1.00	0.80	56	SILO	0	2255738.55	6	156	358	1085	2555	0	1	3	9	22	5258327
0.00	1.00	0.80	60	SILO	0	2338690.06	6	165	362	1071	2597	0	1	3	9	22	5403348
0.00	1.00	0.80	64	SILO	0	2232638.13	6	177	406	1227	2980	0	1	3	10	24	5465546
0.50	0.50	0.80	1	SILO	0	448223.07	2	2	2	3	5	0	0	0	0	0	0
0.50	0.50	0.80	4	SILO	0	909450.55	4	5	5	50	104	0	0	0	1	1	66391
0.50	0.50	0.80	8	SILO	0	1892080.42	4	5	5	85	122	0	0	0	1	2	333245
0.50	0.50	0.80	12	SILO	0	2747855.83	4	5	26	96	161	0	0	1	1	2	763894
0.50	0.50	0.80	16	SILO	0	3594438.71	4	5	49	102	183	0	0	1	1	3	1365548
0.50	0.50	0.80	20	SILO	0	3826042.92	5	9	64	107	203	0	0	1	2	3	1841349
0.50	0.50	0.80	24	SILO	0	4080594.33	5	26	75	122	235	0	1	1	2	4	2418635
0.50	0.50	0.80	28	SILO	0	4422909.29	6	41	84	146	277	0	1	1	2	4	3144730
0.50	0.50	0.80	32	SILO	0	4701317.98	6	53	92	172	337	0	1	1	3	5	3973612
0.50	0.50	0.80	36	SILO	0	4549355.27	6	66	104	247	579	0	1	1	4	9	5057766
0.50	0.50	0.80	40	SILO	0	3707388.63	6	82	148	472	1068	0	1	2	6	15	5809212
0.50	0.50	0.80	44	SILO	0	3411652.22	6	90	184	596	1317	0	1	2	7	17	5848807
0.50	0.50	0.80	48	SILO	0	3323008.32	6	94	207	685	1511	0	1	2	8	18	5920597
0.50	0.50	0.80	52	SILO	0	3363770.13	6	98	212	686	1506	0	1	2	7	17	5728705
0.50	0.50	0.80	56	SILO	0	3079654.91	6	104	250	843	1873	0	1	2	8	19	5655941
0.50	0.50	0.80	60	SILO	0	3090351.33	6	107	261	873	1932	0	1	2	8	18	5538374
0.50	0.50	0.80	64	SILO	0	3114231.11	6	112	272	901	2007	0	1	2	8	18	5570788
1.00	0.00	0.80	1	SILO	0	469275.85	2	2	2	3	5	0	0	0	0	0	0
1.00	0.00	0.80	4	SILO	0	1027014.99	3	4	5	5	10	0	0	0	0	0	3518
1.00	0.00	0.80	8	SILO	0	2070953.38	3	4	5	5	56	0	0	0	0	1	16797
1.00	0.00	0.80	12	SILO	0	2982070.87	4	4	5	5	79	0	0	0	0	1	44027
1.00	0.00	0.80	16	SILO	0	3941299.58	4	5	5	6	87	0	0	0	0	1	82201
1.00	0.00	0.80	20	SILO	0	4441716.25	4	5	6	7	89	0	0	0	0	1	96651
1.00	0.00	0.80	24	SILO	0	4967884.56	4	6	6	8	90	0	0	0	0	1	112459
1.00	0.00	0.80	28	SILO	0	5496694.10	4	6	7	8	94	0	0	0	0	1	147620
1.00	0.00	0.80	32	SILO	0	5974896.94	5	6	7	9	98	0	0	0	0	1	196715
1.00	0.00	0.80	36	SILO	0	6675907.62	5	6	7	9	98	0	0	0	0	1	223002
1.00	0.00	0.80	40	SILO	0	7275695.47	5	7	7	11	100	0	0	0	0	1	266795
1.00	0.00	0.80	44	SILO	0	7763201.31	5	7	7	13	101	0	0	0	0	1	312467
1.00	0.00	0.80	48	SILO	0	8289950.46	5	7	8	16	102	0	0	0	1	1	359793
1.00	0.00	0.80	52	SILO	0	8898039.47	5	7	8	25	104	0	0	0	1	1	445784
1.00	0.00	0.80	56	SILO	0	9463911.82	5	7	8	44	107	0	0	0	1	1	602601
1.00	0.00	0.80	60	SILO	0	10110207.55	5	8	8	50	109	0	0	0	1	1	701105
1.00	0.00	0.80	64	SILO	0	10539793.75	6	8	9	59	111	0	0	0	1	2	844652
0.00	1.00	0.85	1	SILO	0	459581.74	2	2	2	2	5	0	0	0	0	0	0
0.00	1.00	0.85	4	SILO	0	985641.17	3	5	40	98	166	0	0	1	1	2	328408
0.00	1.00	0.85	8	SILO	0	1782242.60	4	46	84	141	258	0	1	1	2	4	1373585
0.00	1.00	0.85	12	SILO	0	2302243.21	4	68	97	189	1253	0	1	1	3	6	2593600
0.00	1.00	0.85	16	SILO	0	2516207.12	4	78	105	239	4803	0	1	2	4	7	3483935
0.00	1.00	0.85	20	SILO	0	2498953.45	5	92	135	340	6406	0	1	2	5	10	4479235
0.00	1.00	0.85	24	SILO	0	1972607.38	5	140	273	732	2774	0	2	4	10	24	6127035
0.00	1.00	0.85	28	SILO	0	1755128.67	5	179	360	907	2045	0	2	5	12	27	6184674
0.00	1.00	0.85	32	SILO	0	1637647.22	5	203	415	1037	2255	0	2	5	12	27	5904123
0.00	1.00	0.85	36	SILO	0	1582743.61	6	221	443	1103	2434	0	2	5	12	27	5628918
0.00	1.00	0.85	40	SILO	0	1473297.22	6	247	494	1229	2787	0	2	5	12	28	5287339
0.00	1.00	0.85	44	SILO	0	1413665.55	6	274	549	1378	3202	0	2	5	13	30	5317979
0.00	1.00	0.85	48	SILO	0	1378686.08	6	297	591	1489	3588	0	2	5	13	32	5258515
0.00	1.00	0.85	52	SILO	0	1284278.78	6	330	669	1705	4145	0	2	5	14	33	5060530
0.00	1.00	0.85	56	SILO	0	1222909.45	6	360	723	1850	4605	0	2	5	14	34	4808159
0.00	1.00	0.85	60	SILO	0	1207853.71	6	388	765	1969	5301	0	3	5	14	37	4914113
0.00	1.00	0.85	64	SILO	0	1157701.43	6	419	835	2168	5875	0	3	5	14	38	4820829
0.50	0.50	0.85	1	SILO	0	467439.13	2	2	2	3	5	0	0	0	0	0	0
0.50	0.50	0.85	4	SILO	0	949550.26	4	5	5	84	111	0	0	0	1	2	160539
0.50	0.50	0.85	8	SILO	0	1972360.77	3	5	51	101	179	0	0	1	1	3	776531
0.50	0.50	0.85	12	SILO	0	2764280.45	4	31	75	121	226	0	1	1	2	4	1747798
0.50	0.50	0.85	16	SILO	0	3503208.47	4	52	88	156	291	0	1	1	2	5	3020827
0.50	0.50	0.85	20	SILO	0	3482513.12	4	71	101	198	406	0	1	2	3	6	4055174
0.50	0.50	0.85	24	SILO	0	3244696.98	5	89	131	307	715	0	1	2	5	10	5355941
0.50	0.50	0.85	28	SILO	0	2599173.95	5	112	217	559	1225	0	2	3	8	17	6164227
0.50	0.50	0.85	32	SILO	0	2479225.35	5	126	259	659	1376	0	2	3	9	19	6286123
0.50	0.50	0.85	36	SILO	0	2054713.69	6	156	344	888	1825	0	2	4	11	22	5784185
0.50	0.50	0.85	40	SILO	0	2079586.82	6	165	358	915	1887	0	2	4	10	21	5740630
0.50	0.50	0.85	44	SILO	0	2011109.83	6	183	401	1028	2115	0	2	4	11	23	5800253
0.50	0.50	0.85	48	SILO	0	1968606.92	6	198	436	1115	2317	0	2	4	11	23	5755484
0.50	0.50	0.85	52	SILO	0	1929437.83	6	213	465	1200	2514	0	2	4	11	23	5675502
0.50	0.50	0.85	56	SILO	0	1913285.23	6	225	483	1233	2592	0	2	4	10	23	5474697
0.50	0.50	0.85	60	SILO	0	1807503.12	6	246	537	1380	2892	0	2	4	11	23	5248087
0.50	0.50	0.85	64	SILO	0	1766875.73	6	264	583	1503	3188	0	2	4	11	24	5288078
1.00	0.00	0.85	1	SILO	0	521534.31	1	2	2	3	4	0	0	0	0	0	0
1.00	0.00	0.85	4	SILO	0	1099799.80	3	4	4	5	59	0	0	0	0	1	9750
1.00	0.00	0.85	8	SILO	0	2147489.87	3	4	4	5	87	0	0	0	0	1	45030
1.00	0.00	0.85	12	SILO	0	3254018.02	3	4	4	8	97	0	0	0	0	1	130403
1.00	0.00	0.85	16	SILO	0	4185061.17	3	4	5	32	101	0	0	0	1	1	240883
1.00	0.00	0.85	20	SILO	0	4787245.87	4	5	6	44	103	0	0	0	1	1	328237
1.00	0.00	0.85	24	SILO	0	5163643.92	4	5	6	49	105	0	0	0	1	1	378420
1.00	0.00	0.85	28	SILO	0	5866109.27	4	6	6	70	110	0	0	0	1	2	629357
1.00	0.00	0.85	32	SILO	0	6311949.51	4	6	7	77	125	0	0	0	1	2	806253
1.00	0.00	0.85	36	SILO	0	6813824.43	5	7	8	88	153	0	0	0	1	2	1139944
1.00	0.00	0.85	40	SILO	0	7119001.85	5	7	12	97	182	0	0	0	1	3	1569736
1.00	0.00	0.85	44	SILO	0	7003177.01	5	8	40	117	254	0	0	1	2	4	2396847
1.00	0.00	0.85	48	SILO	0	7227420.45	5	9	45	122	262	0	0	1	2	4	2611014
1.00	0.00	0.85	52	SILO	0	6044513.76	5	26	87	203	402	0	0	1	2	5	3398655
1.00	0.00	0.85	56	SILO	0	6173866.95	5	31	92	212	416	0	0	1	3	5	3608092
1.00	0.00	0.85	60	SILO	0	5945657.30	5	38	101	235	460	0	0	1	3	5	3479369
1.00	0.00	0.85	64	SILO	0	5848411.07	5	43	108	259	505	0	0	1	3	5	3523515
0.00	1.00	0.90	1	SILO	0	469166.68	2	2	2	2	4	0	0	0	0	0	0
0.00	1.00	0.90	4	SILO	0	918284.14	4	41	80	127	226	0	1	1	2	3	656343
0.00	1.00	0.90	8	SILO	0	1353281.76	4	72	98	192	5266	0	1	1	3	5	1622262
0.00	1.00	0.90	12	SILO	0	1507236.45	4	80	105	272	8639	0	1	2	3	6	2135424
0.00	1.00	0.90	16	SILO	0	1589081.76	4	86	115	987	10531	0	1	2	3	7	2511684
0.00	1.00	0.90	20	SILO	0	1562929.63	5	101	163	2044	11629	0	1	2	5	10	3309330
0.00	1.00	0.90	24	SILO	0	1124123.92	5	297	527	1231	3208	0	4	7	16	35	5983766
0.00	1.00	0.90	28	SILO	0	1015057.25	6	354	624	1437	3347	0	4	7	17	40	5784730
0.00	1.00	0.90	32	SILO	0	1020890.67	6	371	644	1493	3580	0	4	7	16	40	5724368
0.00	1.00	0.90	36	SILO	0	885743.69	6	438	765	1789	4378	0	4	7	17	43	5124097
0.00	1.00	0.90	40	SILO	0	823625.26	6	504	886	2093	5256	0	4	8	19	48	5106994
0.00	1.00	0.90	44	SILO	0	800092.68	7	530	920	2241	5895	0	4	7	18	49	4858522
0.00	1.00	0.90	48	SILO	0	763046.13	7	594	1037	2572	7111	0	4	8	20	55	4953079
0.00	1.00	0.90	52	SILO	0	712350.56	7	656	1146	2942	8417	0	4	8	21	61	4814132
0.00	1.00	0.90	56	SILO	0	662273.32	7	729	1287	3304	9517	0	4	8	22	63	4558027
0.00	1.00	0.90	60	SILO	0	642275.01	7	784	1379	3731	11358	0	4	8	23	72	4670802
0.00	1.00	0.90	64	SILO	0	601134.17	7	871	1530	4294	13430	0	5	9	25	79	4607290
0.50	0.50	0.90	1	SILO	0	481306.36	2	2	2	3	5	0	0	0	0	0	0
0.50	0.50	0.90	4	SILO	0	973387.14	3	5	45	99	167	0	0	1	1	2	343383
0.50	0.50	0.90	8	SILO	0	1880717.27	3	50	85	141	261	0	1	1	2	4	1531193
0.50	0.50	0.90	12	SILO	0	2297002.56	3	68	97	183	3297	0	1	1	3	5	2589742
0.50	0.50	0.90	16	SILO	0	2473910.38	4	77	103	220	6174	0	1	2	3	6	3297929
0.50	0.50	0.90	20	SILO	0	2241994.16	4	100	159	408	7001	0	1	2	5	11	4577750
0.50	0.50	0.90	24	SILO	0	1679919.16	5	193	345	806	2076	0	3	5	11	23	6235117
0.50	0.50	0.90	28	SILO	0	1473037.07	5	238	432	963	1939	0	3	5	12	24	5849728
0.50	0.50	0.90	32	SILO	0	1442536.00	6	263	476	1050	2107	0	3	5	12	25	5890659
0.50	0.50	0.90	36	SILO	0	1286193.07	6	310	565	1250	2513	0	3	6	13	27	5498788
0.50	0.50	0.90	40	SILO	0	1262833.68	6	339	613	1360	2755	0	3	6	14	28	5534952
0.50	0.50	0.90	44	SILO	0	1238416.99	6	367	664	1475	3023	0	3	6	14	29	5555857
0.50	0.50	0.90	48	SILO	0	1170125.95	6	409	744	1655	3439	0	3	6	14	30	5393648
0.50	0.50	0.90	52	SILO	0	1089689.98	6	463	848	1902	3941	0	3	6	15	32	5227406
0.50	0.50	0.90	56	SILO	0	1090595.22	6	478	870	1954	4124	0	3	6	15	31	5140998
0.50	0.50	0.90	60	SILO	0	1057601.58	6	522	950	2138	4548	0	3	6	15	33	5157805
0.50	0.50	0.90	64	SILO	0	1056518.45	6	542	986	2229	4771	0	3	6	15	32	5008495
1.00	0.00	0.90	1	SILO	0	541895.32	1	1	1	2	4	0	0	0	0	0	0
1.00	0.00	0.90	4	SILO	0	1172748.35	3	4	4	5	89	0	0	0	0	1	27933
1.00	0.00	0.90	8	SILO	0	2278896.33	3	4	4	28	100	0	0	0	1	1	125098
1.00	0.00	0.90	12	SILO	0	3491115.55	3	4	4	68	105	0	0	0	1	2	378637
1.00	0.00	0.90	16	SILO	0	4524446.17	3	4	5	84	132	0	0	0	1	2	768254
1.00	0.00	0.90	20	SILO	0	4955382.17	3	5	9	93	160	0	0	0	1	2	1127670
1.00	0.00	0.90	24	SILO	0	5038937.68	4	8	55	112	225	0	0	1	2	3	2169662
1.00	0.00	0.90	28	SILO	0	4568913.90	4	35	89	182	344	0	1	1	3	5	3344356
1.00	0.00	0.90	32	SILO	0	4275444.39	5	58	106	226	424	0	1	1	3	6	3960463
1.00	0.00	0.90	36	SILO	0	3804711.78	5	73	125	273	507	0	1	2	3	7	3816680
1.00	0.00	0.90	40	SILO	0	3796480.36	5	77	131	283	527	0	1	1	3	6	3724418
1.00	0.00	0.90	44	SILO	0	3656209.93	5	86	148	319	590	0	1	2	4	7	3715360
1.00	0.00	0.90	48	SILO	0	3613086.05	5	92	159	341	628	0	1	2	3	7	3664192
1.00	0.00	0.90	52	SILO	0	3633571.33	5	97	168	358	663	0	1	2	3	7	3678556
1.00	0.00	0.90	56	SILO	0	3381481.97	5	107	191	411	755	0	1	2	4	7	3534998
1.00	0.00	0.90	60	SILO	0	3587639.84	5	102	185	395	726	0	1	1	3	6	3320837
1.00	0.00	0.90	64	SILO	0	3567697.79	5	109	199	424	779	0	1	1	3	6	3376590
