Rd	Wt	Zip	T	CC	TP	P50	P90	P99	P999	Abt
0.95	0.05	0.50	1	NO_WAIT	18	180776.65	COMMIT	719840	3960748	0	0	3533734	231123	ABORT	0	0	0	0	0	0	0	4	17	18	22	0	0	0	0	0.00	
0.95	0.05	0.50	4	NO_WAIT	18	603179.52	COMMIT	679247	3961387	0	0	3586118	219906	ABORT	0	0	0	0	0	0	0	5	23	25	29	0	0	0	0	0.00	
0.95	0.05	0.50	8	NO_WAIT	18	1177723.11	COMMIT	663669	3961361	0	0	3591285	217007	ABORT	2	20	0	0	7	5	3	5	23	26	30	0	0	0	0	0.00	
0.95	0.05	0.50	12	NO_WAIT	18	1725879.84	COMMIT	650097	3962005	0	0	3612925	211039	ABORT	2	17	0	0	4	6	0	5	24	26	31	0	0	0	0	0.00	
0.95	0.05	0.50	16	NO_WAIT	18	2234966.48	COMMIT	623045	3963218	0	0	3577979	203575	ABORT	7	49	0	0	17	21	1	5	25	27	33	0	0	0	0	0.00	
0.95	0.05	0.50	20	NO_WAIT	18	2795237.77	COMMIT	628913	3962671	0	0	3606102	205920	ABORT	17	134	0	0	47	65	7	5	24	27	34	0	0	0	0	0.00	
0.95	0.05	0.50	24	NO_WAIT	18	3305809.81	COMMIT	618221	3960902	0	0	3606746	203126	ABORT	12	100	0	0	40	45	5	5	25	28	36	0	0	0	0	0.00	
0.95	0.05	0.50	28	NO_WAIT	18	3783906.68	COMMIT	609354	3963495	0	0	3616502	200748	ABORT	24	144	0	0	67	54	7	5	25	28	38	0	0	0	0	0.00	
0.95	0.05	0.50	32	NO_WAIT	18	4225670.83	COMMIT	593832	3962460	0	0	3617828	196052	ABORT	18	137	0	0	50	66	6	5	26	29	40	0	0	0	0	0.00	
0.95	0.05	0.50	36	NO_WAIT	18	4630260.73	COMMIT	579316	3964114	0	0	3630271	192446	ABORT	20	211	0	0	34	142	10	6	27	31	43	0	0	0	0	0.00	
0.95	0.05	0.50	1	WAIT_DIE	18	177895.00	COMMIT	706325	3962072	0	0	3530739	230622	ABORT	0	0	0	0	0	0	0	4	17	19	22	0	0	0	0	0.00	
0.95	0.05	0.50	4	WAIT_DIE	18	587298.32	COMMIT	657335	3963056	0	0	3536601	217329	ABORT	3	26	0	0	14	7	0	5	23	26	30	0	0	0	0	0.00	
0.95	0.05	0.50	8	WAIT_DIE	18	1142675.42	COMMIT	642182	3963476	1	0	3545844	212285	ABORT	0	0	0	0	0	0	0	5	24	26	30	0	0	0	0	0.00	
0.95	0.05	0.50	12	WAIT_DIE	18	1680045.91	COMMIT	628833	3963681	0	0	3548343	208235	ABORT	11	58	0	0	22	24	3	5	24	27	32	0	0	0	0	0.00	
0.95	0.05	0.50	16	WAIT_DIE	18	2197081.81	COMMIT	603243	3964986	19	0	3485904	199841	ABORT	10	61	0	0	35	14	1	5	25	28	33	0	0	0	0	0.00	
0.95	0.05	0.50	20	WAIT_DIE	18	2709804.54	COMMIT	607145	3964539	12	1	3559827	200618	ABORT	5	35	0	0	13	12	1	5	25	28	35	0	0	0	0	0.00	
0.95	0.05	0.50	24	WAIT_DIE	18	3214939.79	COMMIT	598721	3963242	73	0	3562111	198045	ABORT	11	67	0	0	39	16	2	5	26	29	36	0	0	0	0	0.00	
0.95	0.05	0.50	28	WAIT_DIE	18	3677539.09	COMMIT	589267	3965088	30	0	3569060	194061	ABORT	11	79	0	0	25	40	4	5	26	29	39	0	0	0	0	0.00	
0.95	0.05	0.50	32	WAIT_DIE	18	4119758.32	COMMIT	575941	3963649	12	2	3568269	192040	ABORT	7	58	0	0	17	27	4	6	27	30	41	0	0	0	0	0.00	
0.95	0.05	0.50	36	WAIT_DIE	18	4516180.92	COMMIT	562793	3966010	21	0	3580710	189388	ABORT	18	138	0	0	67	53	4	6	28	31	43	0	0	0	0	0.00	
0.95	0.05	0.50	1	WOUND_WAIT	18	180176.77	COMMIT	714532	3961827	0	0	3516256	233762	ABORT	0	0	0	0	0	0	0	4	17	18	22	0	0	0	0	0.00	
0.95	0.05	0.50	4	WOUND_WAIT	18	599774.14	COMMIT	670280	3962754	2	0	3539042	220930	ABORT	1	9	0	0	2	2	0	5	23	25	29	0	0	0	0	0.00	
0.95	0.05	0.50	8	WOUND_WAIT	18	1169220.66	COMMIT	655465	3962487	11	0	3551158	215790	ABORT	0	0	0	0	0	0	0	5	23	26	30	0	0	0	0	0.00	
0.95	0.05	0.50	12	WOUND_WAIT	18	1703833.24	COMMIT	637353	3964231	6	1	3565507	209089	ABORT	2	30	0	0	4	17	3	5	24	26	31	0	0	0	0	0.00	
0.95	0.05	0.50	16	WOUND_WAIT	18	2217457.00	COMMIT	607267	3965273	28	0	3493815	201093	ABORT	2	21	0	0	4	6	2	5	25	27	33	0	0	0	0	0.00	
0.95	0.05	0.50	20	WOUND_WAIT	18	2780394.85	COMMIT	620226	3963867	57	0	3561796	204987	ABORT	1	20	0	0	2	10	2	5	24	27	34	0	0	0	0	0.00	
0.95	0.05	0.50	24	WOUND_WAIT	18	3288187.22	COMMIT	610827	3963886	21	0	3563314	202301	ABORT	3	31	0	0	6	13	6	5	25	28	36	0	0	0	0	0.00	
0.95	0.05	0.50	28	WOUND_WAIT	18	3759435.26	COMMIT	601623	3965548	86	0	3571655	199158	ABORT	3	52	0	0	6	36	4	5	26	29	38	0	0	0	0	0.00	
0.95	0.05	0.50	32	WOUND_WAIT	18	4206733.83	COMMIT	587183	3964597	59	3	3573764	195811	ABORT	1	23	0	0	2	15	1	5	26	29	41	0	0	0	0	0.00	
0.95	0.05	0.50	36	WOUND_WAIT	18	4595704.31	COMMIT	571597	3965051	86	0	3578933	190545	ABORT	6	102	0	0	11	67	13	6	27	31	44	0	0	0	0	0.00	
0.95	0.05	0.50	1	DLOCK	18	163017.37	COMMIT	647073	3964795	76550	0	3523864	258686	ABORT	0	0	0	0	0	0	0	4	19	20	23	0	0	0	0	0.00	
0.95	0.05	0.50	4	DLOCK	18	557570.35	COMMIT	623319	3965665	76778	0	3509998	256463	ABORT	0	0	0	0	0	0	0	5	25	27	31	0	0	0	0	0.00	
0.95	0.05	0.50	8	DLOCK	18	1107637.77	COMMIT	621049	3965115	77047	0	3521809	257947	ABORT	1	14	0	0	2	6	0	5	25	27	32	0	0	0	0	0.00	
0.95	0.05	0.50	12	DLOCK	18	1633313.03	COMMIT	607300	3954815	75532	0	3509522	255906	ABORT	1	10	0	0	2	3	0	5	25	28	33	0	0	0	0	0.00	
0.95	0.05	0.50	16	DLOCK	18	2177850.97	COMMIT	596933	3965720	74753	9	3467538	254016	ABORT	1	17	0	0	2	8	0	5	25	28	34	0	0	0	0	0.00	
0.95	0.05	0.50	20	DLOCK	18	2697381.17	COMMIT	602433	3965332	76056	0	3512262	256967	ABORT	1	8	0	0	2	1	0	5	25	28	36	0	0	0	0	0.00	
0.95	0.05	0.50	24	DLOCK	18	3207856.98	COMMIT	594736	3956330	75343	0	3495837	254975	ABORT	2	22	0	0	4	12	0	5	26	28	37	0	0	0	0	0.00	
0.95	0.05	0.50	28	DLOCK	18	3687303.50	COMMIT	584278	3954795	74933	0	3491460	253651	ABORT	2	30	0	0	4	20	0	5	26	29	38	0	0	0	0	0.00	
0.95	0.05	0.50	32	DLOCK	18	4162801.61	COMMIT	576942	3956204	73487	2	3497605	249684	ABORT	0	0	0	0	0	0	0	6	27	30	41	0	0	0	0	0.00	
0.95	0.05	0.50	36	DLOCK	18	4585346.60	COMMIT	563817	3957077	73737	0	3496426	249228	ABORT	2	46	0	0	4	35	2	6	27	31	45	0	0	0	0	0.00	
0.95	0.05	0.50	1	HLOCK	18	174129.76	COMMIT	691281	3962576	0	10579	3480999	295089	ABORT	0	0	0	0	0	0	0	4	18	19	23	0	0	0	0	0.00	
0.95	0.05	0.50	4	HLOCK	18	583085.08	COMMIT	645154	3961246	0	12835	3473177	292266	ABORT	0	0	0	0	0	0	0	5	23	26	30	0	0	0	0	0.00	
0.95	0.05	0.50	8	HLOCK	18	1143500.08	COMMIT	630435	3899758	0	13459	3419150	286008	ABORT	0	0	0	0	0	0	0	5	24	26	31	0	0	0	0	0.00	
0.95	0.05	0.50	12	HLOCK	18	1703278.48	COMMIT	620119	3928365	1	13477	3403698	289794	ABORT	0	0	0	0	0	0	0	5	24	27	32	0	0	0	0	0.00	
0.95	0.05	0.50	16	HLOCK	18	2244060.68	COMMIT	608921	3965201	3	13349	3401025	280755	ABORT	1	21	0	0	2	12	1	5	24	27	33	0	0	0	0	0.00	
0.95	0.05	0.50	20	HLOCK	18	2776012.55	COMMIT	602005	3935117	9	13506	3398215	293011	ABORT	1	27	0	0	2	18	1	5	24	27	35	0	0	0	0	0.00	
0.95	0.05	0.50	24	HLOCK	18	3248814.56	COMMIT	584119	3916312	21	13241	3322678	336091	ABORT	0	0	0	0	0	0	0	5	25	28	37	0	0	0	0	0.00	
0.95	0.05	0.50	28	HLOCK	18	3773317.03	COMMIT	585450	3951916	3	13272	3385902	288249	ABORT	1	23	0	0	2	12	1	5	25	29	39	0	0	0	0	0.00	
0.95	0.05	0.50	32	HLOCK	18	4244507.00	COMMIT	576539	3958566	1	13187	3413199	289668	ABORT	0	0	0	0	0	0	0	5	26	30	43	0	0	0	0	0.00	
0.95	0.05	0.50	36	HLOCK	18	4669699.46	COMMIT	576167	3964861	37	13481	3487641	281824	ABORT	0	0	0	0	0	0	0	6	27	31	47	0	0	0	0	0.00	
0.95	0.05	0.50	1	SILO	18	163247.08	COMMIT	647796	3964685	0	0	3657608	158867	ABORT	0	0	0	0	0	0	0	4	19	21	24	0	0	0	0	0.00	
0.95	0.05	0.50	4	SILO	18	545185.01	COMMIT	623405	3965463	0	0	3660310	158697	ABORT	0	0	0	0	0	0	0	5	26	29	32	0	0	0	0	0.00	
0.95	0.05	0.50	8	SILO	18	1047643.47	COMMIT	600499	3966097	0	0	3663956	160944	ABORT	0	0	0	0	0	0	0	6	27	30	34	0	0	0	0	0.00	
0.95	0.05	0.50	12	SILO	18	1502468.88	COMMIT	571817	3965715	0	0	3665901	159104	ABORT	2	45	0	0	4	35	0	6	28	31	35	0	0	0	0	0.00	
0.95	0.05	0.50	16	SILO	18	1948079.19	COMMIT	543444	3967915	0	0	3596831	154276	ABORT	2	52	0	0	4	41	1	6	29	32	38	0	0	0	0	0.00	
0.95	0.05	0.50	20	SILO	18	2346216.76	COMMIT	531324	3968402	0	0	3683086	152950	ABORT	5	106	0	0	9	86	1	6	31	34	40	0	0	0	0	0.00	
0.95	0.05	0.50	24	SILO	18	2651598.84	COMMIT	493521	3969281	0	0	3689386	149641	ABORT	4	83	0	0	8	65	1	7	33	37	44	0	0	0	0	0.00	
0.95	0.05	0.50	28	SILO	18	2876311.60	COMMIT	455046	3972095	0	0	3710765	141386	ABORT	6	147	0	0	12	122	3	7	36	40	48	0	0	0	0	0.00	
0.95	0.05	0.50	32	SILO	18	3043667.81	COMMIT	411476	3972251	0	0	3716611	139792	ABORT	5	143	0	0	9	118	3	8	39	44	53	0	0	0	0	0.00	
0.95	0.05	0.50	36	SILO	18	3138946.31	COMMIT	376039	3975878	0	0	3737752	129376	ABORT	8	246	0	0	14	208	6	9	42	48	60	0	0	0	0	0.00	
0.95	0.05	0.50	1	MOCC	18	167385.26	COMMIT	664728	3964474	0	0	3640078	176034	ABORT	0	0	0	0	0	0	0	4	18	20	23	0	0	0	0	0.00	
0.95	0.05	0.50	4	MOCC	18	564903.06	COMMIT	647883	3963813	0	0	3649371	179288	ABORT	0	0	0	0	0	0	0	5	25	28	32	0	0	0	0	0.00	
0.95	0.05	0.50	8	MOCC	18	1086531.01	COMMIT	622780	3964339	0	0	3652683	178578	ABORT	1	24	0	0	2	15	2	5	26	29	33	0	0	0	0	0.00	
0.95	0.05	0.50	12	MOCC	18	1561919.78	COMMIT	597442	3966467	0	0	3655719	174320	ABORT	4	96	0	0	8	76	4	6	27	30	35	0	0	0	0	0.00	
0.95	0.05	0.50	16	MOCC	18	2020294.44	COMMIT	562892	3967594	0	0	3581435	169462	ABORT	2	52	0	0	4	37	4	6	29	31	37	0	0	0	0	0.00	
0.95	0.05	0.50	20	MOCC	18	2414070.51	COMMIT	547015	3967949	0	0	3679240	171994	ABORT	4	84	0	0	8	63	7	6	30	33	40	0	0	0	0	0.00	
0.95	0.05	0.50	24	MOCC	18	2727854.53	COMMIT	508452	3969393	0	0	3689052	164539	ABORT	10	216	0	0	18	164	17	7	32	36	44	0	0	0	0	0.00	
0.95	0.05	0.50	28	MOCC	18	2959702.14	COMMIT	468429	3971989	0	0	3713369	155855	ABORT	4	99	0	0	8	77	5	7	35	39	48	0	0	0	0	0.00	
0.95	0.05	0.50	32	MOCC	18	3126700.15	COMMIT	425739	3972979	0	0	3727540	149381	ABORT	6	136	0	0	11	99	13	8	38	43	53	0	0	0	0	0.00	
0.95	0.05	0.50	36	MOCC	18	3200849.83	COMMIT	383507	3975607	0	0	3704070	141181	ABORT	3	103	0	0	5	80	8	9	41	47	59	0	0	0	0	0.00	
