Rd	Wt	Zip	T	CC	TP	P50	P90	P99	P999	Abt
0.10	0.90	0.50	1	WAIT_DIE	159539.97	6	7	7	8	9	|	0	0	0	0	0	|	0
0.10	0.90	0.50	4	WAIT_DIE	723456.98	5	6	6	7	9	|	0	0	0	0	0	|	75
0.10	0.90	0.50	8	WAIT_DIE	1278250.47	6	7	7	8	10	|	0	0	0	0	0	|	419
0.10	0.90	0.50	12	WAIT_DIE	1911008.21	6	7	7	8	11	|	0	0	0	0	0	|	996
0.10	0.90	0.50	16	WAIT_DIE	2507544.60	6	7	7	8	14	|	0	0	0	0	0	|	1636
0.10	0.90	0.50	20	WAIT_DIE	2896085.06	6	7	8	9	27	|	0	0	0	0	1	|	2712
0.10	0.90	0.50	24	WAIT_DIE	3196661.58	7	8	9	10	35	|	0	0	0	0	1	|	4064
0.10	0.90	0.50	28	WAIT_DIE	3470526.06	8	9	9	10	41	|	0	0	0	0	1	|	5660
0.10	0.90	0.50	32	WAIT_DIE	3632329.26	8	10	10	11	48	|	0	0	0	0	1	|	7807
0.10	0.90	0.50	36	WAIT_DIE	4103136.91	8	10	10	11	51	|	0	0	0	0	1	|	9833
0.10	0.90	0.50	1	SILO	214525.86	4	5	6	6	7	|	0	0	0	0	0	|	0
0.10	0.90	0.50	4	SILO	845753.58	4	5	5	6	9	|	0	0	0	0	0	|	123
0.10	0.90	0.50	8	SILO	1491798.41	5	6	6	7	9	|	0	0	0	0	0	|	474
0.10	0.90	0.50	12	SILO	2270386.40	5	6	6	6	12	|	0	0	0	0	0	|	1102
0.10	0.90	0.50	16	SILO	3345305.47	4	5	5	6	24	|	0	0	0	0	1	|	2018
0.10	0.90	0.50	20	SILO	3395091.23	5	6	7	7	33	|	0	0	0	0	1	|	3024
0.10	0.90	0.50	24	SILO	3974554.89	5	7	7	8	39	|	0	0	0	0	1	|	4227
0.10	0.90	0.50	28	SILO	4198842.20	6	7	8	9	47	|	0	0	0	0	1	|	5980
0.10	0.90	0.50	32	SILO	4492114.79	7	8	8	9	49	|	0	0	0	0	1	|	7608
0.10	0.90	0.50	36	SILO	5039054.67	7	8	8	9	53	|	0	0	0	0	1	|	9720
0.50	0.50	0.50	1	WAIT_DIE	170621.08	5	6	7	8	8	|	0	0	0	0	0	|	0
0.50	0.50	0.50	4	WAIT_DIE	690317.53	5	6	6	8	10	|	0	0	0	0	0	|	54
0.50	0.50	0.50	8	WAIT_DIE	1361887.84	5	6	6	7	10	|	0	0	0	0	0	|	266
0.50	0.50	0.50	12	WAIT_DIE	2000210.74	5	6	6	7	11	|	0	0	0	0	0	|	653
0.50	0.50	0.50	16	WAIT_DIE	2623215.06	6	6	7	7	11	|	0	0	0	0	0	|	1331
0.50	0.50	0.50	20	WAIT_DIE	3044646.66	6	7	7	8	19	|	0	0	0	0	0	|	2015
0.50	0.50	0.50	24	WAIT_DIE	3431646.73	6	8	8	9	20	|	0	0	0	0	1	|	2943
0.50	0.50	0.50	28	WAIT_DIE	3741607.80	7	8	9	9	29	|	0	0	0	0	1	|	4152
0.50	0.50	0.50	32	WAIT_DIE	3980049.18	7	9	9	10	36	|	0	0	0	0	1	|	5542
0.50	0.50	0.50	36	WAIT_DIE	4488169.12	7	9	9	10	42	|	0	0	0	0	1	|	7126
0.50	0.50	0.50	1	SILO	197077.33	4	5	6	7	8	|	0	0	0	0	0	|	0
0.50	0.50	0.50	4	SILO	762084.18	5	6	6	7	9	|	0	0	0	0	0	|	71
0.50	0.50	0.50	8	SILO	1699212.65	4	5	5	6	9	|	0	0	0	0	0	|	281
0.50	0.50	0.50	12	SILO	2211622.09	5	6	6	6	10	|	0	0	0	0	0	|	645
0.50	0.50	0.50	16	SILO	3238639.47	4	5	5	6	11	|	0	0	0	0	0	|	1069
0.50	0.50	0.50	20	SILO	3404260.73	5	6	7	8	17	|	0	0	0	0	0	|	1847
0.50	0.50	0.50	24	SILO	3782429.55	6	7	7	8	17	|	0	0	0	0	1	|	2624
0.50	0.50	0.50	28	SILO	4109858.24	6	7	8	9	25	|	0	0	0	0	1	|	3504
0.50	0.50	0.50	32	SILO	4508612.58	7	8	8	9	30	|	0	0	0	0	1	|	4498
0.50	0.50	0.50	36	SILO	4984057.10	7	8	8	9	36	|	0	0	0	0	1	|	5880
0.90	0.10	0.50	1	WAIT_DIE	187241.82	5	6	6	7	8	|	0	0	0	0	0	|	0
0.90	0.10	0.50	4	WAIT_DIE	724994.85	5	6	6	7	9	|	0	0	0	0	0	|	21
0.90	0.10	0.50	8	WAIT_DIE	1443404.92	5	6	6	7	9	|	0	0	0	0	0	|	69
0.90	0.10	0.50	12	WAIT_DIE	2108046.26	5	6	6	7	10	|	0	0	0	0	0	|	176
0.90	0.10	0.50	16	WAIT_DIE	2771044.26	5	6	6	7	10	|	0	0	0	0	0	|	329
0.90	0.10	0.50	20	WAIT_DIE	3384681.85	5	6	7	7	11	|	0	0	0	0	0	|	549
0.90	0.10	0.50	24	WAIT_DIE	3742478.03	6	7	7	8	11	|	0	0	0	0	0	|	743
0.90	0.10	0.50	28	WAIT_DIE	4036796.37	6	8	8	9	12	|	0	0	0	0	0	|	1039
0.90	0.10	0.50	32	WAIT_DIE	4610267.32	6	7	8	9	12	|	0	0	0	0	0	|	1420
0.90	0.10	0.50	36	WAIT_DIE	4966630.77	7	8	8	9	14	|	0	0	0	0	0	|	1701
0.90	0.10	0.50	1	SILO	209635.81	4	5	6	7	7	|	0	0	0	0	0	|	0
0.90	0.10	0.50	4	SILO	916464.33	4	5	5	6	8	|	0	0	0	0	0	|	25
0.90	0.10	0.50	8	SILO	1594588.05	4	5	5	6	8	|	0	0	0	0	0	|	63
0.90	0.10	0.50	12	SILO	2400910.50	4	5	5	6	9	|	0	0	0	0	0	|	135
0.90	0.10	0.50	16	SILO	3548189.93	4	5	5	5	9	|	0	0	0	0	0	|	225
0.90	0.10	0.50	20	SILO	3598109.50	5	6	6	7	10	|	0	0	0	0	0	|	354
0.90	0.10	0.50	24	SILO	3954936.75	5	7	7	8	11	|	0	0	0	0	0	|	507
0.90	0.10	0.50	28	SILO	4401393.03	6	7	7	8	11	|	0	0	0	0	0	|	738
0.90	0.10	0.50	32	SILO	4981672.22	6	7	7	8	11	|	0	0	0	0	0	|	973
0.90	0.10	0.50	36	SILO	5350842.30	6	7	8	9	13	|	0	0	0	0	0	|	1114
0.10	0.90	0.80	1	WAIT_DIE	217999.91	4	5	6	7	8	|	0	0	0	0	0	|	0
0.10	0.90	0.80	4	WAIT_DIE	833491.10	4	5	6	48	75	|	0	0	0	1	3	|	12352
0.10	0.90	0.80	8	WAIT_DIE	1600107.16	4	6	16	69	1682	|	0	0	1	2	16	|	96920
0.10	0.90	0.80	12	WAIT_DIE	2280845.36	4	7	46	75	7240	|	0	0	1	7	29	|	346827
0.10	0.90	0.80	16	WAIT_DIE	2733769.62	5	29	59	86	9053	|	0	1	2	13	43	|	804541
0.10	0.90	0.80	20	WAIT_DIE	2511450.48	5	54	76	124	238	|	0	1	4	19	54	|	1692547
0.10	0.90	0.80	24	WAIT_DIE	1981519.64	6	72	113	213	6875	|	0	3	9	26	90	|	3531625
0.10	0.90	0.80	28	WAIT_DIE	1621846.71	6	98	174	313	978	|	0	6	13	37	165	|	6620220
0.10	0.90	0.80	32	WAIT_DIE	1413345.15	6	134	234	412	682	|	0	9	17	52	241	|	10720574
0.10	0.90	0.80	36	WAIT_DIE	1189365.96	6	184	315	555	915	|	0	11	22	78	358	|	16951025
0.10	0.90	0.80	1	SILO	230777.96	4	5	5	6	7	|	0	0	0	0	0	|	0
0.10	0.90	0.80	4	SILO	958893.72	4	5	5	51	73	|	0	0	0	1	2	|	11585
0.10	0.90	0.80	8	SILO	1909166.35	4	5	16	65	1471	|	0	0	1	2	4	|	56670
0.10	0.90	0.80	12	SILO	2792137.03	4	5	36	69	8254	|	0	0	1	3	6	|	162064
0.10	0.90	0.80	16	SILO	3644530.67	4	12	45	70	6644	|	0	1	1	4	9	|	307049
0.10	0.90	0.80	20	SILO	3926749.68	4	26	52	75	8310	|	0	1	2	6	12	|	528404
0.10	0.90	0.80	24	SILO	4190881.75	4	34	56	80	7583	|	0	1	2	7	13	|	778529
0.10	0.90	0.80	28	SILO	4329941.79	5	40	60	86	8168	|	0	1	3	8	14	|	1143942
0.10	0.90	0.80	32	SILO	4466363.80	5	45	65	97	9903	|	0	1	3	9	16	|	1535912
0.10	0.90	0.80	36	SILO	4296654.47	5	50	71	119	12105	|	0	2	4	10	22	|	2052926
0.50	0.50	0.80	1	WAIT_DIE	222017.93	4	5	6	7	8	|	0	0	0	0	0	|	0
0.50	0.50	0.80	4	WAIT_DIE	946150.53	4	5	5	38	73	|	0	0	0	1	2	|	8715
0.50	0.50	0.80	8	WAIT_DIE	1811532.15	4	5	7	65	2623	|	0	0	0	1	10	|	58655
0.50	0.50	0.80	12	WAIT_DIE	2431521.74	4	6	29	71	2799	|	0	0	1	4	20	|	196661
0.50	0.50	0.80	16	WAIT_DIE	3022385.61	4	7	47	76	5837	|	0	0	1	7	29	|	432628
0.50	0.50	0.80	20	WAIT_DIE	3048572.74	5	31	61	93	4462	|	0	1	1	10	39	|	837682
0.50	0.50	0.80	24	WAIT_DIE	2906131.17	5	49	73	123	250	|	0	1	2	15	56	|	1568668
0.50	0.50	0.80	28	WAIT_DIE	2518180.94	6	62	92	194	854	|	0	1	5	23	104	|	3248631
0.50	0.50	0.80	32	WAIT_DIE	2253283.18	6	72	122	269	599	|	0	2	8	35	176	|	5958070
0.50	0.50	0.80	36	WAIT_DIE	1831551.90	6	91	173	395	997	|	0	4	12	57	301	|	10743897
0.50	0.50	0.80	1	SILO	247379.37	3	4	5	6	7	|	0	0	0	0	0	|	0
0.50	0.50	0.80	4	SILO	977675.91	4	5	5	30	71	|	0	0	0	1	1	|	6445
0.50	0.50	0.80	8	SILO	2087480.03	3	4	5	56	74	|	0	0	0	1	2	|	29937
0.50	0.50	0.80	12	SILO	2833377.09	4	5	9	63	2629	|	0	0	1	1	3	|	76859
0.50	0.50	0.80	16	SILO	4051106.02	3	5	25	67	6301	|	0	0	1	2	5	|	147136
0.50	0.50	0.80	20	SILO	4295736.79	4	6	35	69	6542	|	0	0	1	3	6	|	238597
0.50	0.50	0.80	24	SILO	4531268.02	5	8	43	71	6832	|	0	1	1	3	7	|	369905
0.50	0.50	0.80	28	SILO	5088646.78	5	16	48	72	7257	|	0	1	1	4	8	|	522838
0.50	0.50	0.80	32	SILO	5340069.79	5	23	51	73	7599	|	0	1	1	4	9	|	720096
0.50	0.50	0.80	36	SILO	5525285.16	5	29	55	76	5909	|	0	1	2	5	10	|	930557
0.90	0.10	0.80	1	WAIT_DIE	244143.84	3	5	5	6	7	|	0	0	0	0	0	|	0
0.90	0.10	0.80	4	WAIT_DIE	989545.77	3	4	5	6	63	|	0	0	0	0	1	|	1917
0.90	0.10	0.80	8	WAIT_DIE	1801943.50	4	5	5	10	72	|	0	0	0	1	1	|	10012
0.90	0.10	0.80	12	WAIT_DIE	2675190.55	4	5	5	38	75	|	0	0	0	1	4	|	29382
0.90	0.10	0.80	16	WAIT_DIE	3516405.52	4	5	6	55	76	|	0	0	0	1	6	|	60035
0.90	0.10	0.80	20	WAIT_DIE	3858812.38	4	6	7	64	83	|	0	0	0	1	8	|	107243
0.90	0.10	0.80	24	WAIT_DIE	4227899.28	5	6	10	69	93	|	0	0	0	1	10	|	164786
0.90	0.10	0.80	28	WAIT_DIE	4602504.53	5	7	14	72	107	|	0	0	0	1	11	|	245090
0.90	0.10	0.80	32	WAIT_DIE	4703943.39	5	8	24	77	129	|	0	0	1	2	14	|	372372
0.90	0.10	0.80	36	WAIT_DIE	3795165.88	6	11	39	95	211	|	0	0	1	3	29	|	1087520
0.90	0.10	0.80	1	SILO	256971.38	3	4	5	6	7	|	0	0	0	0	0	|	0
0.90	0.10	0.80	4	SILO	1176710.32	3	4	4	5	52	|	0	0	0	0	1	|	1188
0.90	0.10	0.80	8	SILO	2152349.74	3	4	5	6	64	|	0	0	0	0	1	|	5812
0.90	0.10	0.80	12	SILO	3219107.86	3	4	5	13	69	|	0	0	0	1	1	|	13754
0.90	0.10	0.80	16	SILO	4254405.45	3	4	5	29	70	|	0	0	0	1	1	|	25552
0.90	0.10	0.80	20	SILO	5045072.28	3	5	5	39	71	|	0	0	0	1	1	|	39327
0.90	0.10	0.80	24	SILO	5416091.11	4	5	6	46	72	|	0	0	0	1	2	|	56492
0.90	0.10	0.80	28	SILO	5981310.79	4	6	6	50	74	|	0	0	0	1	2	|	77621
0.90	0.10	0.80	32	SILO	6585501.60	4	6	7	54	74	|	0	0	0	1	2	|	102817
0.90	0.10	0.80	36	SILO	7302750.35	4	6	7	56	74	|	0	0	0	1	2	|	133474
0.10	0.90	0.90	1	WAIT_DIE	254733.00	3	4	5	6	7	|	0	0	0	0	0	|	0
0.10	0.90	0.90	4	WAIT_DIE	897583.62	4	15	48	72	8720	|	0	1	1	4	17	|	84972
0.10	0.90	0.90	8	WAIT_DIE	1418304.66	4	57	71	98	5396	|	0	2	4	15	45	|	679961
0.10	0.90	0.90	12	WAIT_DIE	1536260.45	5	84	109	173	12159	|	0	5	10	27	72	|	2263074
0.10	0.90	0.90	16	WAIT_DIE	1284562.00	5	140	183	269	4677	|	0	10	16	40	117	|	5248180
0.10	0.90	0.90	20	WAIT_DIE	759781.70	10	264	344	508	7073	|	0	15	24	64	247	|	11242098
0.10	0.90	0.90	24	WAIT_DIE	561010.45	33	395	512	732	1040	|	1	21	34	111	413	|	20767631
0.10	0.90	0.90	28	WAIT_DIE	463622.87	48	546	706	1010	1414	|	1	27	45	162	586	|	33694950
0.10	0.90	0.90	32	WAIT_DIE	384493.56	63	729	945	1364	2072	|	2	35	60	230	826	|	52828357
0.10	0.90	0.90	36	WAIT_DIE	303745.22	83	985	1278	1843	2569	|	3	45	81	330	1187	|	80855850
0.10	0.90	0.90	1	SILO	283260.74	3	4	4	5	6	|	0	0	0	0	0	|	0
0.10	0.90	0.90	4	SILO	1059129.94	3	14	45	69	10006	|	0	1	1	2	4	|	57887
0.10	0.90	0.90	8	SILO	2079101.77	3	43	58	77	11133	|	0	1	3	5	10	|	304090
0.10	0.90	0.90	12	SILO	2648017.99	3	50	62	91	12624	|	0	2	4	10	17	|	824151
0.10	0.90	0.90	16	SILO	3230812.00	3	55	70	110	12229	|	0	3	6	14	26	|	1642984
0.10	0.90	0.90	20	SILO	2394473.43	4	72	96	215	18400	|	0	4	7	17	38	|	2577365
0.10	0.90	0.90	24	SILO	1891820.59	5	88	135	6252	29443	|	0	4	8	23	62	|	3140976
0.10	0.90	0.90	28	SILO	1700431.97	5	99	160	869	24800	|	0	5	9	29	93	|	4350392
0.10	0.90	0.90	32	SILO	1498453.86	5	120	207	1982	33457	|	0	5	11	33	103	|	6246193
0.10	0.90	0.90	36	SILO	1192140.77	6	155	301	7996	42567	|	0	6	12	36	108	|	4275658
0.50	0.50	0.90	1	WAIT_DIE	275874.16	3	4	5	6	7	|	0	0	0	0	0	|	0
0.50	0.50	0.90	4	WAIT_DIE	1023573.75	3	6	37	69	6754	|	0	0	1	2	12	|	53590
0.50	0.50	0.90	8	WAIT_DIE	1599972.48	4	47	64	87	5221	|	0	1	2	10	34	|	403118
0.50	0.50	0.90	12	WAIT_DIE	1995029.64	4	64	80	113	3959	|	0	2	5	17	52	|	1184289
0.50	0.50	0.90	16	WAIT_DIE	1890496.69	4	86	116	185	3616	|	0	4	9	28	85	|	2869513
0.50	0.50	0.90	20	WAIT_DIE	1081504.70	5	159	229	385	727	|	0	9	17	57	219	|	7492234
0.50	0.50	0.90	24	WAIT_DIE	781475.56	7	242	354	617	1077	|	0	15	28	99	383	|	15291666
0.50	0.50	0.90	28	WAIT_DIE	581971.77	10	347	519	961	1904	|	0	21	42	156	624	|	28338045
0.50	0.50	0.90	32	WAIT_DIE	416327.78	16	485	749	1543	5301	|	0	30	61	242	1099	|	51414378
0.50	0.50	0.90	36	WAIT_DIE	201089.37	26	697	1123	2680	14076	|	1	43	92	401	2189	|	122516701
0.50	0.50	0.90	1	SILO	287103.22	3	4	4	5	6	|	0	0	0	0	0	|	0
0.50	0.50	0.90	4	SILO	1188968.46	3	4	25	65	5856	|	0	0	1	1	3	|	31304
0.50	0.50	0.90	8	SILO	2153300.29	3	26	51	70	8958	|	0	1	1	3	5	|	153057
0.50	0.50	0.90	12	SILO	3213900.88	3	40	57	74	10910	|	0	1	2	5	8	|	417775
0.50	0.50	0.90	16	SILO	3862481.25	3	46	59	78	9986	|	0	2	3	6	12	|	772610
0.50	0.50	0.90	20	SILO	3560898.36	4	53	67	101	12798	|	0	2	4	8	16	|	1277995
0.50	0.50	0.90	24	SILO	3462734.09	4	60	76	128	16245	|	0	3	5	10	19	|	1969414
0.50	0.50	0.90	28	SILO	3273747.99	5	68	87	158	13578	|	0	3	5	12	26	|	2835082
0.50	0.50	0.90	32	SILO	3214464.99	5	72	96	194	13796	|	0	4	6	15	36	|	3789144
0.50	0.50	0.90	36	SILO	2484337.87	6	85	127	396	19440	|	0	4	7	20	59	|	4448831
0.90	0.10	0.90	1	WAIT_DIE	289511.79	3	4	4	5	6	|	0	0	0	0	0	|	0
0.90	0.10	0.90	4	WAIT_DIE	1037944.38	3	4	5	46	74	|	0	0	0	1	2	|	10260
0.90	0.10	0.90	8	WAIT_DIE	1938476.55	3	5	8	68	86	|	0	0	0	1	9	|	65762
0.90	0.10	0.90	12	WAIT_DIE	2679547.72	4	6	42	72	96	|	0	0	1	3	16	|	181799
0.90	0.10	0.90	16	WAIT_DIE	3326716.58	3	18	55	78	120	|	0	1	1	4	23	|	367416
0.90	0.10	0.90	20	WAIT_DIE	2587030.76	4	44	69	119	232	|	0	1	1	9	58	|	912067
0.90	0.10	0.90	24	WAIT_DIE	1961340.46	5	59	90	212	577	|	0	1	2	21	154	|	2665176
0.90	0.10	0.90	28	WAIT_DIE	1312234.48	5	71	120	376	1714	|	0	1	4	46	331	|	7717842
0.90	0.10	0.90	32	WAIT_DIE	967324.28	5	80	153	608	4335	|	0	1	7	78	649	|	15664856
0.90	0.10	0.90	36	WAIT_DIE	248837.42	6	95	212	1082	14168	|	0	2	12	131	1476	|	61402939
0.90	0.10	0.90	1	SILO	310984.43	3	4	4	5	6	|	0	0	0	0	0	|	0
0.90	0.10	0.90	4	SILO	1317799.59	2	4	4	26	70	|	0	0	0	1	1	|	5728
0.90	0.10	0.90	8	SILO	2622596.73	2	4	4	54	1535	|	0	0	0	1	2	|	27215
0.90	0.10	0.90	12	SILO	3895257.05	2	4	6	61	4633	|	0	0	1	1	2	|	65682
0.90	0.10	0.90	16	SILO	5140940.35	3	4	22	65	6066	|	0	0	1	1	3	|	116371
0.90	0.10	0.90	20	SILO	5575615.60	3	5	33	67	6907	|	0	0	1	2	3	|	194927
0.90	0.10	0.90	24	SILO	6260741.60	3	7	41	68	6755	|	0	1	1	2	4	|	285128
0.90	0.10	0.90	28	SILO	7019514.79	3	14	46	69	6628	|	0	1	1	2	4	|	391934
0.90	0.10	0.90	32	SILO	7535596.39	4	22	49	70	7560	|	0	1	1	3	5	|	530096
0.90	0.10	0.90	36	SILO	8017381.21	4	28	53	71	8731	|	0	1	1	3	5	|	665036
