Rd	Wt	Zip	T	CC	TP	P50	P90	P99	P999	Abt
0.50	0.50	0.50	4	WOUND_WAIT	0	672599.18	5	6	6	7	11	|	0	0	0	0	0	|	0
0.50	0.50	0.50	8	WOUND_WAIT	0	1305810.57	6	6	6	7	11	|	0	0	0	0	0	|	0
0.50	0.50	0.50	12	WOUND_WAIT	0	1926880.72	6	6	7	7	10	|	0	0	0	0	0	|	0
0.50	0.50	0.50	16	WOUND_WAIT	0	2542999.25	6	7	7	7	12	|	0	0	0	0	0	|	0
0.50	0.50	0.50	20	WOUND_WAIT	0	2934091.61	6	7	8	8	12	|	0	0	0	0	0	|	2
0.50	0.50	0.50	24	WOUND_WAIT	0	3238637.34	7	8	8	9	12	|	0	0	0	0	0	|	3
0.50	0.50	0.50	28	WOUND_WAIT	0	3575826.41	7	8	9	9	13	|	0	0	0	0	0	|	5
0.50	0.50	0.50	32	WOUND_WAIT	0	3663680.89	8	10	10	11	14	|	0	0	0	0	0	|	5
0.50	0.50	0.50	36	WOUND_WAIT	0	4105711.87	8	10	10	11	14	|	0	0	0	0	0	|	17
0.90	0.10	0.50	4	WOUND_WAIT	0	791434.59	5	5	5	5	9	|	0	0	0	0	0	|	0
0.90	0.10	0.50	8	WOUND_WAIT	0	1392250.21	5	6	6	6	11	|	0	0	0	0	0	|	0
0.90	0.10	0.50	12	WOUND_WAIT	0	2038036.55	5	6	6	7	11	|	0	0	0	0	0	|	0
0.90	0.10	0.50	16	WOUND_WAIT	0	2934031.71	5	6	6	6	11	|	0	0	0	0	0	|	0
0.90	0.10	0.50	20	WOUND_WAIT	0	3192501.93	6	7	7	8	11	|	0	0	0	0	0	|	1
0.90	0.10	0.50	24	WOUND_WAIT	0	3408236.63	6	8	8	8	12	|	0	0	0	0	0	|	0
0.90	0.10	0.50	28	WOUND_WAIT	0	3750254.32	7	8	8	9	12	|	0	0	0	0	0	|	0
0.90	0.10	0.50	32	WOUND_WAIT	0	4112251.59	7	8	9	9	13	|	0	0	0	0	0	|	1
0.90	0.10	0.50	36	WOUND_WAIT	0	4489324.17	7	9	9	10	14	|	0	0	0	0	0	|	0
0.50	0.50	0.90	4	WOUND_WAIT	0	934222.00	4	5	6	8	69	|	0	0	0	0	1	|	1023
0.50	0.50	0.90	8	WOUND_WAIT	0	1586518.68	4	7	9	29	103	|	0	0	0	1	1	|	9645
0.50	0.50	0.90	12	WOUND_WAIT	0	2034659.00	4	11	15	75	112	|	0	0	0	1	1	|	29775
0.50	0.50	0.90	16	WOUND_WAIT	0	2015378.22	5	19	25	95	129	|	0	0	0	1	2	|	63266
0.50	0.50	0.90	20	WOUND_WAIT	0	1514842.56	6	37	53	122	181	|	0	0	1	1	2	|	112332
0.50	0.50	0.90	24	WOUND_WAIT	0	1296991.83	7	57	82	150	231	|	0	0	1	1	2	|	175073
0.50	0.50	0.90	28	WOUND_WAIT	0	1175153.36	7	78	109	181	272	|	0	0	1	1	2	|	250882
0.50	0.50	0.90	32	WOUND_WAIT	0	1111212.23	8	98	131	210	312	|	0	0	1	2	3	|	340270
0.50	0.50	0.90	36	WOUND_WAIT	0	985815.29	11	127	165	258	380	|	0	1	1	2	3	|	441145
0.90	0.10	0.90	4	WOUND_WAIT	0	1013895.68	3	4	5	6	9	|	0	0	0	0	0	|	93
0.90	0.10	0.90	8	WOUND_WAIT	0	1871937.04	4	5	5	8	24	|	0	0	0	0	1	|	925
0.90	0.10	0.90	12	WOUND_WAIT	0	2609980.65	4	5	7	10	77	|	0	0	0	0	1	|	3407
0.90	0.10	0.90	16	WOUND_WAIT	0	3150582.01	4	7	9	16	95	|	0	0	0	0	1	|	8367
0.90	0.10	0.90	20	WOUND_WAIT	0	2558969.21	5	17	23	40	122	|	0	0	0	0	1	|	18330
0.90	0.10	0.90	24	WOUND_WAIT	0	2147187.89	5	28	37	70	154	|	0	0	0	1	1	|	32053
0.90	0.10	0.90	28	WOUND_WAIT	0	1975012.45	6	39	49	98	185	|	0	0	0	1	2	|	50157
0.90	0.10	0.90	32	WOUND_WAIT	0	1812401.61	6	51	64	123	226	|	0	0	0	1	2	|	71015
0.90	0.10	0.90	36	WOUND_WAIT	0	1547434.59	6	70	87	155	287	|	0	0	0	1	2	|	94487
