Rd	Wt	Zip	T	CC	TP	P50	P90	P99	P999	Abt
long tx size = 0
0.95	0.05	0.50	1	NO_WAIT	0	180521.94	COMMIT	718770	3960735	0	0	3569717	230136	ABORT	0	0	0	0	0	0	0	4	17	18	22	0	0	0	0	0.00	
0.95	0.05	0.50	4	NO_WAIT	0	605672.85	COMMIT	680895	3960634	0	0	3581089	226202	ABORT	1	14	0	0	2	6	0	5	23	25	29	0	0	0	0	0.00	
0.95	0.05	0.50	8	NO_WAIT	0	1167062.92	COMMIT	658367	3961981	0	0	3596276	215601	ABORT	4	24	0	0	14	4	0	5	23	26	30	0	0	0	0	0.00	
0.95	0.05	0.50	12	NO_WAIT	0	1744151.28	COMMIT	650584	3961249	0	0	3607410	214464	ABORT	14	102	0	0	49	36	5	5	24	26	31	0	0	0	0	0.00	
0.95	0.05	0.50	16	NO_WAIT	0	2277431.66	COMMIT	630417	3962636	0	0	3563233	209907	ABORT	13	82	0	0	40	24	3	5	24	27	32	0	0	0	0	0.00	
0.95	0.05	0.50	20	NO_WAIT	0	2811730.07	COMMIT	631637	3961368	0	0	3607591	210510	ABORT	25	172	0	0	67	76	7	5	24	27	34	0	0	0	0	0.00	
0.95	0.05	0.50	24	NO_WAIT	0	3322205.24	COMMIT	620056	3961346	0	0	3606501	209148	ABORT	17	145	0	0	53	69	6	5	25	28	36	0	0	0	0	0.00	
0.95	0.05	0.50	28	NO_WAIT	0	3795825.84	COMMIT	606444	3963674	0	0	3582549	211407	ABORT	14	122	0	0	27	75	6	5	25	29	38	0	0	0	0	0.00	
0.95	0.05	0.50	32	NO_WAIT	0	4255242.75	COMMIT	597361	3961783	0	0	3621765	201275	ABORT	11	75	0	0	36	28	2	5	26	29	41	0	0	0	0	0.00	
0.95	0.05	0.50	36	NO_WAIT	0	4603366.25	COMMIT	576416	3964485	0	0	3631656	190674	ABORT	27	210	0	0	88	90	12	6	27	31	43	0	0	0	0	0.00	
0.95	0.05	0.50	1	WAIT_DIE	0	178807.93	COMMIT	709865	3962106	0	0	3519138	232205	ABORT	0	0	0	0	0	0	0	4	17	19	22	0	0	0	0	0.00	
0.95	0.05	0.50	4	WAIT_DIE	0	600068.02	COMMIT	671670	3962315	0	0	3545010	221576	ABORT	0	0	0	0	0	0	0	5	23	25	29	0	0	0	0	0.00	
0.95	0.05	0.50	8	WAIT_DIE	0	1153580.18	COMMIT	647839	3963233	0	0	3556223	212203	ABORT	1	11	0	0	2	4	0	5	24	26	30	0	0	0	0	0.00	
0.95	0.05	0.50	12	WAIT_DIE	0	1713677.80	COMMIT	636889	3961503	4	0	3554366	210867	ABORT	4	31	0	0	8	11	4	5	24	26	31	0	0	0	0	0.00	
0.95	0.05	0.50	16	WAIT_DIE	0	2243765.13	COMMIT	615183	3965347	0	0	3488936	202901	ABORT	2	16	0	0	4	7	0	5	24	27	33	0	0	0	0	0.00	
0.95	0.05	0.50	20	WAIT_DIE	0	2769872.03	COMMIT	619631	3964780	2	0	3563657	204201	ABORT	4	32	0	0	8	15	1	5	25	27	34	0	0	0	0	0.00	
0.95	0.05	0.50	24	WAIT_DIE	0	3270976.90	COMMIT	607398	3963319	19	4	3554593	203893	ABORT	12	74	0	0	46	15	2	5	25	28	36	0	0	0	0	0.00	
0.95	0.05	0.50	28	WAIT_DIE	0	3684687.50	COMMIT	588117	3965695	25	3	3579287	195816	ABORT	6	46	0	0	11	23	2	5	26	29	39	0	0	0	0	0.00	
0.95	0.05	0.50	32	WAIT_DIE	0	4180002.03	COMMIT	585555	3963722	27	0	3570910	194809	ABORT	11	97	0	0	33	46	6	5	26	30	41	0	0	0	0	0.00	
0.95	0.05	0.50	36	WAIT_DIE	0	4515671.02	COMMIT	563261	3966090	27	0	3581866	188571	ABORT	17	99	0	0	41	35	5	6	28	31	44	0	0	0	0	0.00	
0.95	0.05	0.50	1	WOUND_WAIT	0	181112.32	COMMIT	719395	3961176	0	0	3529106	234661	ABORT	0	0	0	0	0	0	0	4	17	18	22	0	0	0	0	0.00	
0.95	0.05	0.50	4	WOUND_WAIT	0	600250.22	COMMIT	670789	3962235	17	0	3525393	224171	ABORT	0	0	0	0	0	0	0	5	23	25	29	0	0	0	0	0.00	
0.95	0.05	0.50	8	WOUND_WAIT	0	1175065.52	COMMIT	658767	3962608	8	0	3545980	218570	ABORT	1	19	0	0	2	12	1	5	23	26	30	0	0	0	0	0.00	
0.95	0.05	0.50	12	WOUND_WAIT	0	1726559.60	COMMIT	645023	3963395	37	2	3557783	212934	ABORT	1	18	0	0	2	10	1	5	24	26	31	0	0	0	0	0.00	
0.95	0.05	0.50	16	WOUND_WAIT	0	2265530.15	COMMIT	617852	3964658	14	0	3477848	203883	ABORT	0	0	0	0	0	0	0	5	24	27	33	0	0	0	0	0.00	
0.95	0.05	0.50	20	WOUND_WAIT	0	2790677.17	COMMIT	622809	3964427	45	0	3560319	208799	ABORT	4	65	0	0	8	43	6	5	24	27	34	0	0	0	0	0.00	
0.95	0.05	0.50	24	WOUND_WAIT	0	3303502.09	COMMIT	612825	3963581	61	0	3566459	205225	ABORT	3	57	0	0	6	40	5	5	25	28	36	0	0	0	0	0.00	
0.95	0.05	0.50	28	WOUND_WAIT	0	3774924.64	COMMIT	603001	3964562	53	0	3568807	203936	ABORT	5	75	0	0	9	49	6	5	25	29	38	0	0	0	0	0.00	
0.95	0.05	0.50	32	WOUND_WAIT	0	4218734.59	COMMIT	588539	3964463	65	0	3571366	198782	ABORT	8	143	0	0	14	103	13	5	26	29	41	0	0	0	0	0.00	
0.95	0.05	0.50	36	WOUND_WAIT	0	4579841.19	COMMIT	569871	3966398	35	0	3584511	190776	ABORT	0	0	0	0	0	0	0	6	27	31	44	0	0	0	0	0.00	
0.95	0.05	0.50	1	DLOCK	0	163938.82	COMMIT	650545	3964041	75678	0	3521394	256377	ABORT	0	0	0	0	0	0	0	4	19	20	23	0	0	0	0	0.00	
0.95	0.05	0.50	4	DLOCK	0	561106.35	COMMIT	626539	3965002	76609	0	3524479	255252	ABORT	0	0	0	0	0	0	0	5	25	27	32	0	0	0	0	0.00	
0.95	0.05	0.50	8	DLOCK	0	1104215.37	COMMIT	620016	3965935	76460	0	3509372	255105	ABORT	2	26	0	0	4	14	1	5	25	27	32	0	0	0	0	0.00	
0.95	0.05	0.50	12	DLOCK	0	1641557.48	COMMIT	611131	3965552	76258	0	3521213	255435	ABORT	0	0	0	0	0	0	0	5	25	28	33	0	0	0	0	0.00	
0.95	0.05	0.50	16	DLOCK	0	2168280.46	COMMIT	588978	3965872	74306	0	3428791	249141	ABORT	1	10	0	0	2	2	0	5	25	28	33	0	0	0	0	0.00	
0.95	0.05	0.50	20	DLOCK	0	2700098.86	COMMIT	602682	3964593	75721	1	3506990	254452	ABORT	1	22	0	0	2	14	0	5	25	28	35	0	0	0	0	0.00	
0.95	0.05	0.50	24	DLOCK	0	3207483.42	COMMIT	594054	3965779	75628	0	3496662	254566	ABORT	0	0	0	0	0	0	0	5	26	28	37	0	0	0	0	0.00	
0.95	0.05	0.50	28	DLOCK	0	3687575.34	COMMIT	588447	3965349	75450	0	3509734	253097	ABORT	2	23	0	0	4	13	0	5	26	29	39	0	0	0	0	0.00	
0.95	0.05	0.50	32	DLOCK	0	4151677.37	COMMIT	579217	3965159	74745	0	3515562	250303	ABORT	0	0	0	0	0	0	0	6	27	30	42	0	0	0	0	0.00	
0.95	0.05	0.50	36	DLOCK	0	4602545.26	COMMIT	570466	3965670	74405	1	3514977	248985	ABORT	2	26	0	0	4	15	0	6	27	31	46	0	0	0	0	0.00	
0.95	0.05	0.50	1	HLOCK	0	173872.96	COMMIT	690316	3962992	0	10802	3471139	294977	ABORT	0	0	0	0	0	0	0	4	18	19	23	0	0	0	0	0.00	
0.95	0.05	0.50	4	HLOCK	0	581783.92	COMMIT	645212	3963224	0	12734	3460500	291958	ABORT	0	0	0	0	0	0	0	5	23	26	30	0	0	0	0	0.00	
0.95	0.05	0.50	8	HLOCK	0	1147624.69	COMMIT	641279	3964033	1	13588	3467201	290496	ABORT	0	0	0	0	0	0	0	5	24	26	31	0	0	0	0	0.00	
0.95	0.05	0.50	12	HLOCK	0	1700275.52	COMMIT	633559	3963258	0	13855	3480721	287771	ABORT	0	0	0	0	0	0	0	5	24	27	32	0	0	0	0	0.00	
0.95	0.05	0.50	16	HLOCK	0	2252035.46	COMMIT	611587	3964193	1	13595	3410349	282308	ABORT	0	0	0	0	0	0	0	5	24	27	33	0	0	0	0	0.00	
0.95	0.05	0.50	20	HLOCK	0	2788482.87	COMMIT	622201	3963476	3	13821	3483457	287217	ABORT	3	54	0	0	6	39	2	5	24	27	35	0	0	0	0	0.00	
0.95	0.05	0.50	24	HLOCK	0	3261769.05	COMMIT	612260	3962766	11	13759	3486320	285411	ABORT	3	28	0	0	6	15	0	5	25	28	37	0	0	0	0	0.00	
0.95	0.05	0.50	28	HLOCK	0	3785164.98	COMMIT	600888	3964157	7	13696	3484195	285353	ABORT	1	22	0	0	2	13	0	5	25	29	40	0	0	0	0	0.00	
0.95	0.05	0.50	32	HLOCK	0	4263501.39	COMMIT	591155	3962831	18	13524	3491739	281173	ABORT	1	17	0	0	2	9	0	5	26	30	43	0	0	0	0	0.00	
0.95	0.05	0.50	36	HLOCK	0	4665164.03	COMMIT	574861	3964373	15	13504	3487484	277022	ABORT	2	36	0	0	4	24	2	6	27	31	48	0	0	0	0	0.00	
0.95	0.05	0.50	1	SILO	0	144126.40	COMMIT	573010	3969198	614011	0	3621261	195655	ABORT	0	0	0	0	0	0	0	5	21	23	27	0	0	0	0	0.00	
0.95	0.05	0.50	4	SILO	0	487878.01	COMMIT	553728	3968950	619084	0	3639845	196534	ABORT	2	50	5	0	4	40	1	6	29	31	36	0	0	0	0	0.00	
0.95	0.05	0.50	8	SILO	0	949860.16	COMMIT	539475	3969923	627029	0	3645848	197447	ABORT	1	26	2	0	2	19	0	6	29	32	37	0	0	0	0	0.00	
0.95	0.05	0.50	12	SILO	0	1383406.39	COMMIT	522801	3970170	629529	0	3664664	193179	ABORT	1	12	0	0	2	4	1	6	30	33	40	0	0	0	0	0.00	
0.95	0.05	0.50	16	SILO	0	1785912.45	COMMIT	495535	3972052	623689	0	3586678	188416	ABORT	1	29	3	0	2	21	0	7	32	34	42	0	0	0	0	0.00	
0.95	0.05	0.50	20	SILO	0	2154031.93	COMMIT	486043	3971523	640913	0	3666181	188148	ABORT	1	12	0	0	2	5	0	7	33	36	45	0	0	0	0	0.00	
0.95	0.05	0.50	24	SILO	0	2451193.49	COMMIT	457019	3972385	648893	0	3674364	181131	ABORT	6	119	14	0	11	93	5	7	35	39	49	0	0	0	0	0.00	
0.95	0.05	0.50	28	SILO	0	2690937.73	COMMIT	426414	3974039	656258	0	3689267	173385	ABORT	2	63	8	0	4	52	0	8	38	42	55	0	0	0	0	0.00	
0.95	0.05	0.50	32	SILO	0	2881456.39	COMMIT	393640	3975202	663826	0	3704208	166102	ABORT	4	111	13	0	8	92	2	8	40	46	61	0	0	0	0	0.00	
0.95	0.05	0.50	36	SILO	0	2979129.91	COMMIT	357220	3976859	671448	0	3709009	159275	ABORT	4	152	25	0	8	129	2	9	44	50	71	0	0	0	0	0.00	
0.95	0.05	0.50	1	MOCC	0	147020.67	COMMIT	584650	3968435	655244	0	3610461	211197	ABORT	0	0	0	0	0	0	0	5	21	22	26	0	0	0	0	0.00	
0.95	0.05	0.50	4	MOCC	0	495229.65	COMMIT	564369	3968848	661374	0	3602832	207802	ABORT	0	0	0	0	0	0	0	6	28	31	35	0	0	0	0	0.00	
0.95	0.05	0.50	8	MOCC	0	963908.89	COMMIT	548777	3969519	667583	0	3613654	209565	ABORT	1	31	3	0	2	22	2	6	29	31	36	0	0	0	0	0.00	
0.95	0.05	0.50	12	MOCC	0	1402276.78	COMMIT	530522	3966848	668706	0	3616697	204095	ABORT	4	88	11	0	8	63	8	6	30	32	39	0	0	0	0	0.00	
0.95	0.05	0.50	16	MOCC	0	1803624.12	COMMIT	500291	3970951	660663	0	3556903	198948	ABORT	3	64	7	0	5	46	5	7	31	34	41	0	0	0	0	0.00	
0.95	0.05	0.50	20	MOCC	0	2180875.04	COMMIT	492001	3971350	677053	0	3623205	197594	ABORT	5	114	15	0	9	87	9	7	33	36	44	0	0	0	0	0.00	
0.95	0.05	0.50	24	MOCC	0	2487847.82	COMMIT	462440	3972238	682276	0	3633120	191561	ABORT	5	109	15	0	9	80	8	7	35	38	48	0	0	0	0	0.00	
0.95	0.05	0.50	28	MOCC	0	2724862.39	COMMIT	430667	3974237	688421	0	3645506	182529	ABORT	2	48	5	0	4	32	3	8	37	41	53	0	0	0	0	0.00	
0.95	0.05	0.50	32	MOCC	0	2905604.37	COMMIT	396181	3975408	693046	0	3662125	174035	ABORT	4	111	14	0	8	87	8	8	40	45	59	0	0	0	0	0.00	
0.95	0.05	0.50	36	MOCC	0	3025197.78	COMMIT	362619	3977948	705590	0	3695769	165383	ABORT	2	58	8	0	4	41	5	9	43	49	65	0	0	0	0	0.00	