Lat	NW	WD	WW	DLOCK	HLOCK	SILO
0	0.0000	0.0000	0.0000	0.0000	0.0000	0.0000
1	0.0009	0.0002	0.0004	0.0013	0.0001	0.0033
2	0.0235	0.0084	0.0308	0.0321	0.0032	0.0465
3	0.1807	0.0949	0.1646	0.1580	0.0415	0.2283
4	0.4425	0.3021	0.3488	0.3592	0.1769	0.4975
5	0.6132	0.4793	0.4788	0.5271	0.3614	0.6813
6	0.6947	0.5722	0.5479	0.6268	0.5009	0.7761
7	0.7389	0.6203	0.5836	0.6817	0.5860	0.8249
8	0.7671	0.6499	0.6048	0.7132	0.6370	0.8544
9	0.7848	0.6703	0.6199	0.7335	0.6688	0.8729
10	0.7963	0.6838	0.6307	0.7469	0.6896	0.8831
11	0.8054	0.6941	0.6393	0.7565	0.7033	0.8891
12	0.8137	0.7029	0.6474	0.7644	0.7133	0.8932
13	0.8223	0.7112	0.6556	0.7721	0.7216	0.8971
14	0.8316	0.7195	0.6640	0.7800	0.7290	0.9015
15	0.8423	0.7284	0.6725	0.7881	0.7360	0.9070
16	0.8537	0.7377	0.6807	0.7963	0.7429	0.9131
17	0.8653	0.7474	0.6886	0.8044	0.7501	0.9191
18	0.8763	0.7569	0.6960	0.8120	0.7576	0.9246
19	0.8860	0.7660	0.7029	0.8190	0.7654	0.9294
20	0.8947	0.7744	0.7094	0.8253	0.7735	0.9335
21	0.9020	0.7822	0.7156	0.8310	0.7816	0.9372
22	0.9085	0.7892	0.7213	0.8361	0.7892	0.9409
23	0.9140	0.7955	0.7268	0.8407	0.7965	0.9446
24	0.9187	0.8012	0.7320	0.8450	0.8030	0.9485
25	0.9229	0.8065	0.7370	0.8489	0.8089	0.9522
26	0.9266	0.8114	0.7418	0.8525	0.8141	0.9558
27	0.9298	0.8159	0.7465	0.8560	0.8188	0.9591
28	0.9327	0.8201	0.7512	0.8593	0.8231	0.9619
29	0.9354	0.8241	0.7557	0.8624	0.8268	0.9644
30	0.9377	0.8278	0.7603	0.8654	0.8304	0.9665
31	0.9399	0.8314	0.7648	0.8683	0.8337	0.9684
32	0.9419	0.8347	0.7693	0.8710	0.8369	0.9701
33	0.9438	0.8381	0.7737	0.8738	0.8399	0.9717
34	0.9455	0.8411	0.7781	0.8764	0.8427	0.9732
35	0.9473	0.8442	0.7825	0.8789	0.8453	0.9747
36	0.9489	0.8472	0.7868	0.8814	0.8478	0.9760
37	0.9504	0.8502	0.7912	0.8839	0.8502	0.9772
38	0.9519	0.8530	0.7956	0.8863	0.8525	0.9783
39	0.9533	0.8558	0.8000	0.8887	0.8548	0.9792
40	0.9546	0.8585	0.8043	0.8911	0.8569	0.9800
41	0.9558	0.8611	0.8087	0.8934	0.8590	0.9808
42	0.9569	0.8636	0.8129	0.8957	0.8610	0.9814
43	0.9580	0.8662	0.8172	0.8980	0.8629	0.9820
44	0.9591	0.8686	0.8215	0.9002	0.8646	0.9826
45	0.9600	0.8709	0.8258	0.9025	0.8664	0.9832
46	0.9609	0.8731	0.8300	0.9048	0.8681	0.9837
47	0.9617	0.8753	0.8343	0.9071	0.8697	0.9842
48	0.9624	0.8774	0.8385	0.9093	0.8713	0.9847
49	0.9631	0.8794	0.8428	0.9115	0.8728	0.9852
50	0.9638	0.8814	0.8471	0.9137	0.8743	0.9857
51	0.9644	0.8833	0.8513	0.9159	0.8758	0.9861
52	0.9650	0.8852	0.8555	0.9181	0.8772	0.9865
53	0.9655	0.8869	0.8597	0.9203	0.8786	0.9868
54	0.9660	0.8887	0.8639	0.9225	0.8799	0.9872
55	0.9665	0.8904	0.8679	0.9246	0.8812	0.9875
56	0.9670	0.8920	0.8720	0.9267	0.8825	0.9877
57	0.9674	0.8936	0.8759	0.9288	0.8838	0.9880
58	0.9679	0.8951	0.8798	0.9310	0.8850	0.9882
59	0.9683	0.8967	0.8837	0.9331	0.8862	0.9884
60	0.9688	0.8982	0.8875	0.9352	0.8873	0.9886
61	0.9692	0.8997	0.8913	0.9372	0.8885	0.9888
62	0.9696	0.9012	0.8951	0.9393	0.8896	0.9890
63	0.9700	0.9026	0.8987	0.9413	0.8906	0.9892
64	0.9704	0.9040	0.9023	0.9433	0.8917	0.9894
65	0.9708	0.9054	0.9058	0.9452	0.8927	0.9896
66	0.9712	0.9067	0.9093	0.9472	0.8937	0.9898
67	0.9715	0.9081	0.9126	0.9491	0.8947	0.9899
68	0.9719	0.9094	0.9159	0.9510	0.8957	0.9901
69	0.9723	0.9108	0.9192	0.9528	0.8967	0.9903
70	0.9726	0.9121	0.9223	0.9546	0.8976	0.9905
71	0.9730	0.9133	0.9253	0.9563	0.8985	0.9906
72	0.9733	0.9145	0.9283	0.9580	0.8994	0.9908
73	0.9737	0.9158	0.9312	0.9597	0.9003	0.9909
74	0.9740	0.9169	0.9340	0.9613	0.9012	0.9910
75	0.9743	0.9181	0.9367	0.9629	0.9020	0.9912
76	0.9746	0.9193	0.9393	0.9645	0.9028	0.9913
77	0.9748	0.9205	0.9419	0.9659	0.9036	0.9914
78	0.9751	0.9217	0.9444	0.9674	0.9044	0.9915
79	0.9754	0.9228	0.9467	0.9688	0.9052	0.9916
80	0.9756	0.9239	0.9490	0.9701	0.9060	0.9917
81	0.9759	0.9250	0.9512	0.9714	0.9068	0.9918
82	0.9761	0.9261	0.9533	0.9727	0.9075	0.9919
83	0.9763	0.9272	0.9554	0.9739	0.9083	0.9920
84	0.9765	0.9282	0.9574	0.9751	0.9090	0.9920
85	0.9767	0.9292	0.9592	0.9762	0.9097	0.9921
86	0.9769	0.9302	0.9610	0.9773	0.9104	0.9922
87	0.9771	0.9311	0.9628	0.9784	0.9112	0.9922
88	0.9773	0.9321	0.9645	0.9794	0.9119	0.9923
89	0.9775	0.9330	0.9661	0.9804	0.9126	0.9924
90	0.9777	0.9340	0.9677	0.9813	0.9133	0.9924
91	0.9778	0.9348	0.9692	0.9822	0.9140	0.9925
92	0.9780	0.9357	0.9706	0.9830	0.9147	0.9926
93	0.9782	0.9366	0.9720	0.9839	0.9153	0.9926
94	0.9783	0.9374	0.9733	0.9846	0.9160	0.9927
95	0.9785	0.9383	0.9746	0.9854	0.9167	0.9928
96	0.9786	0.9391	0.9758	0.9861	0.9173	0.9928
97	0.9788	0.9399	0.9770	0.9868	0.9180	0.9929
98	0.9789	0.9407	0.9780	0.9874	0.9186	0.9930
99	0.9790	0.9414	0.9791	0.9880	0.9193	0.9930
100	0.9792	0.9422	0.9800	0.9886	0.9199	0.9931
101	0.9793	0.9429	0.9810	0.9891	0.9205	0.9931
102	0.9794	0.9437	0.9819	0.9896	0.9211	0.9932
103	0.9795	0.9444	0.9828	0.9901	0.9217	0.9933
104	0.9797	0.9451	0.9836	0.9906	0.9223	0.9933
105	0.9798	0.9458	0.9844	0.9910	0.9229	0.9934
106	0.9799	0.9465	0.9851	0.9914	0.9235	0.9935
107	0.9801	0.9471	0.9859	0.9918	0.9241	0.9935
108	0.9802	0.9478	0.9865	0.9922	0.9246	0.9936
109	0.9803	0.9484	0.9872	0.9925	0.9252	0.9936
110	0.9804	0.9491	0.9877	0.9929	0.9257	0.9937
111	0.9805	0.9497	0.9883	0.9932	0.9263	0.9937
112	0.9806	0.9503	0.9889	0.9935	0.9269	0.9938
113	0.9808	0.9509	0.9894	0.9937	0.9274	0.9939
114	0.9809	0.9515	0.9898	0.9940	0.9279	0.9939
115	0.9810	0.9521	0.9903	0.9942	0.9285	0.9939
116	0.9811	0.9527	0.9908	0.9945	0.9290	0.9940
117	0.9812	0.9533	0.9912	0.9947	0.9296	0.9940
118	0.9813	0.9538	0.9916	0.9949	0.9301	0.9941
119	0.9814	0.9543	0.9920	0.9951	0.9306	0.9941
120	0.9815	0.9549	0.9923	0.9952	0.9312	0.9942
121	0.9816	0.9555	0.9927	0.9954	0.9317	0.9942
122	0.9817	0.9560	0.9930	0.9955	0.9322	0.9942
123	0.9818	0.9565	0.9933	0.9957	0.9327	0.9943
124	0.9819	0.9571	0.9936	0.9958	0.9333	0.9943
125	0.9820	0.9576	0.9939	0.9960	0.9338	0.9943
126	0.9821	0.9581	0.9941	0.9961	0.9343	0.9944
127	0.9822	0.9586	0.9944	0.9962	0.9348	0.9944
128	0.9823	0.9591	0.9946	0.9963	0.9353	0.9944
129	0.9823	0.9596	0.9949	0.9964	0.9358	0.9944
130	0.9824	0.9600	0.9951	0.9965	0.9362	0.9945
131	0.9825	0.9605	0.9953	0.9966	0.9367	0.9945
132	0.9826	0.9610	0.9955	0.9967	0.9372	0.9945
133	0.9827	0.9614	0.9957	0.9967	0.9377	0.9945
134	0.9828	0.9619	0.9959	0.9968	0.9382	0.9946
135	0.9829	0.9624	0.9960	0.9969	0.9387	0.9946
136	0.9830	0.9628	0.9962	0.9970	0.9391	0.9946
137	0.9831	0.9633	0.9963	0.9970	0.9396	0.9946
138	0.9832	0.9637	0.9965	0.9971	0.9401	0.9947
139	0.9832	0.9641	0.9966	0.9971	0.9405	0.9947
140	0.9833	0.9645	0.9967	0.9972	0.9410	0.9947
141	0.9834	0.9650	0.9969	0.9972	0.9415	0.9947
142	0.9835	0.9654	0.9970	0.9973	0.9419	0.9948
143	0.9836	0.9658	0.9971	0.9973	0.9424	0.9948
144	0.9837	0.9662	0.9972	0.9974	0.9428	0.9948
145	0.9837	0.9666	0.9973	0.9974	0.9433	0.9948
146	0.9838	0.9670	0.9974	0.9975	0.9437	0.9949
147	0.9839	0.9674	0.9975	0.9975	0.9442	0.9949
148	0.9840	0.9677	0.9976	0.9976	0.9446	0.9949
149	0.9840	0.9681	0.9976	0.9976	0.9451	0.9949
150	0.9841	0.9685	0.9977	0.9976	0.9455	0.9949
151	0.9842	0.9688	0.9978	0.9977	0.9460	0.9950
152	0.9843	0.9692	0.9979	0.9977	0.9464	0.9950
153	0.9843	0.9695	0.9979	0.9977	0.9468	0.9950
154	0.9844	0.9699	0.9980	0.9978	0.9473	0.9950
155	0.9845	0.9702	0.9981	0.9978	0.9477	0.9950
156	0.9845	0.9706	0.9981	0.9978	0.9482	0.9951
157	0.9846	0.9709	0.9982	0.9979	0.9486	0.9951
158	0.9847	0.9712	0.9983	0.9979	0.9490	0.9951
159	0.9847	0.9716	0.9983	0.9979	0.9494	0.9951
160	0.9848	0.9719	0.9984	0.9979	0.9498	0.9952
161	0.9848	0.9722	0.9984	0.9980	0.9503	0.9952
162	0.9849	0.9725	0.9984	0.9980	0.9507	0.9952
163	0.9850	0.9728	0.9985	0.9980	0.9512	0.9952
164	0.9850	0.9731	0.9985	0.9980	0.9516	0.9952
165	0.9851	0.9734	0.9986	0.9981	0.9520	0.9953
166	0.9851	0.9737	0.9986	0.9981	0.9524	0.9953
167	0.9852	0.9740	0.9986	0.9981	0.9529	0.9953
168	0.9852	0.9743	0.9987	0.9981	0.9533	0.9953
169	0.9853	0.9746	0.9987	0.9982	0.9537	0.9953
170	0.9853	0.9749	0.9987	0.9982	0.9541	0.9954
171	0.9854	0.9752	0.9988	0.9982	0.9545	0.9954
172	0.9854	0.9754	0.9988	0.9982	0.9550	0.9954
173	0.9855	0.9757	0.9988	0.9982	0.9554	0.9954
174	0.9855	0.9759	0.9988	0.9983	0.9558	0.9954
175	0.9856	0.9762	0.9988	0.9983	0.9562	0.9955
176	0.9856	0.9765	0.9989	0.9983	0.9566	0.9955
177	0.9857	0.9767	0.9989	0.9983	0.9570	0.9955
178	0.9857	0.9769	0.9989	0.9983	0.9574	0.9955
179	0.9858	0.9772	0.9989	0.9983	0.9578	0.9955
180	0.9858	0.9774	0.9990	0.9984	0.9582	0.9955
181	0.9859	0.9777	0.9990	0.9984	0.9586	0.9956
182	0.9859	0.9779	0.9990	0.9984	0.9590	0.9956
183	0.9859	0.9781	0.9990	0.9984	0.9595	0.9956
184	0.9860	0.9783	0.9990	0.9984	0.9599	0.9956
185	0.9860	0.9786	0.9991	0.9984	0.9603	0.9956
186	0.9861	0.9788	0.9991	0.9985	0.9607	0.9956
187	0.9861	0.9790	0.9991	0.9985	0.9611	0.9957
188	0.9861	0.9792	0.9991	0.9985	0.9615	0.9957
189	0.9862	0.9794	0.9991	0.9985	0.9618	0.9957
190	0.9862	0.9796	0.9991	0.9985	0.9622	0.9957
191	0.9862	0.9798	0.9991	0.9985	0.9626	0.9957
192	0.9863	0.9800	0.9992	0.9985	0.9630	0.9957
193	0.9863	0.9802	0.9992	0.9986	0.9634	0.9958
194	0.9863	0.9804	0.9992	0.9986	0.9638	0.9958
195	0.9864	0.9806	0.9992	0.9986	0.9642	0.9958
196	0.9864	0.9808	0.9992	0.9986	0.9646	0.9958
197	0.9864	0.9809	0.9992	0.9986	0.9649	0.9958
198	0.9865	0.9811	0.9992	0.9986	0.9653	0.9958
199	0.9865	0.9813	0.9992	0.9986	0.9657	0.9959
200	0.9865	0.9815	0.9993	0.9986	0.9660	0.9959
201	0.9866	0.9817	0.9993	0.9986	0.9664	0.9959
202	0.9866	0.9818	0.9993	0.9987	0.9668	0.9959
203	0.9866	0.9820	0.9993	0.9987	0.9671	0.9959
204	0.9867	0.9821	0.9993	0.9987	0.9675	0.9959
205	0.9867	0.9823	0.9993	0.9987	0.9678	0.9959
206	0.9867	0.9824	0.9993	0.9987	0.9681	0.9959
207	0.9868	0.9826	0.9993	0.9987	0.9685	0.9960
208	0.9868	0.9827	0.9993	0.9987	0.9688	0.9960
209	0.9868	0.9829	0.9993	0.9987	0.9692	0.9960
210	0.9868	0.9830	0.9993	0.9987	0.9695	0.9960
211	0.9869	0.9832	0.9993	0.9987	0.9698	0.9960
212	0.9869	0.9833	0.9994	0.9988	0.9702	0.9960
213	0.9869	0.9835	0.9994	0.9988	0.9705	0.9960
214	0.9870	0.9836	0.9994	0.9988	0.9708	0.9960
215	0.9870	0.9837	0.9994	0.9988	0.9711	0.9960
216	0.9870	0.9839	0.9994	0.9988	0.9715	0.9960
217	0.9871	0.9840	0.9994	0.9988	0.9718	0.9961
218	0.9871	0.9842	0.9994	0.9988	0.9721	0.9961
219	0.9871	0.9843	0.9994	0.9988	0.9724	0.9961
220	0.9872	0.9844	0.9994	0.9988	0.9727	0.9961
221	0.9872	0.9845	0.9994	0.9988	0.9730	0.9961
222	0.9872	0.9847	0.9994	0.9988	0.9733	0.9961
223	0.9873	0.9848	0.9994	0.9988	0.9737	0.9961
224	0.9873	0.9849	0.9994	0.9988	0.9739	0.9961
225	0.9873	0.9850	0.9994	0.9988	0.9742	0.9961
226	0.9873	0.9852	0.9994	0.9989	0.9745	0.9961
227	0.9874	0.9853	0.9994	0.9989	0.9748	0.9961
228	0.9874	0.9854	0.9994	0.9989	0.9751	0.9961
229	0.9874	0.9855	0.9995	0.9989	0.9754	0.9961
230	0.9875	0.9856	0.9995	0.9989	0.9757	0.9962
231	0.9875	0.9857	0.9995	0.9989	0.9759	0.9962
232	0.9875	0.9858	0.9995	0.9989	0.9762	0.9962
233	0.9876	0.9859	0.9995	0.9989	0.9765	0.9962
234	0.9876	0.9861	0.9995	0.9989	0.9767	0.9962
235	0.9876	0.9862	0.9995	0.9989	0.9770	0.9962
236	0.9877	0.9863	0.9995	0.9989	0.9773	0.9962
237	0.9877	0.9864	0.9995	0.9989	0.9775	0.9962
238	0.9877	0.9865	0.9995	0.9989	0.9778	0.9962
239	0.9878	0.9866	0.9995	0.9989	0.9781	0.9962
240	0.9878	0.9867	0.9995	0.9989	0.9783	0.9962
241	0.9878	0.9868	0.9995	0.9990	0.9786	0.9962
242	0.9879	0.9869	0.9995	0.9990	0.9788	0.9962
243	0.9879	0.9870	0.9995	0.9990	0.9790	0.9963
244	0.9879	0.9871	0.9995	0.9990	0.9793	0.9963
245	0.9879	0.9872	0.9995	0.9990	0.9795	0.9963
246	0.9880	0.9873	0.9995	0.9990	0.9798	0.9963
247	0.9880	0.9874	0.9995	0.9990	0.9800	0.9963
248	0.9880	0.9875	0.9995	0.9990	0.9802	0.9963
249	0.9881	0.9876	0.9995	0.9990	0.9805	0.9963
250	0.9881	0.9877	0.9995	0.9990	0.9807	0.9963
251	0.9881	0.9878	0.9995	0.9990	0.9810	0.9963
252	0.9881	0.9879	0.9995	0.9990	0.9812	0.9963
253	0.9882	0.9880	0.9995	0.9990	0.9814	0.9963
254	0.9882	0.9881	0.9995	0.9990	0.9816	0.9963
255	0.9882	0.9882	0.9996	0.9990	0.9818	0.9964
256	0.9883	0.9883	0.9996	0.9990	0.9821	0.9964
257	0.9883	0.9884	0.9996	0.9990	0.9823	0.9964
258	0.9883	0.9884	0.9996	0.9990	0.9825	0.9964
259	0.9883	0.9885	0.9996	0.9990	0.9827	0.9964
260	0.9884	0.9886	0.9996	0.9990	0.9829	0.9964
261	0.9884	0.9887	0.9996	0.9991	0.9831	0.9964
262	0.9884	0.9888	0.9996	0.9991	0.9833	0.9964
263	0.9885	0.9889	0.9996	0.9991	0.9835	0.9964
264	0.9885	0.9890	0.9996	0.9991	0.9837	0.9964
265	0.9885	0.9890	0.9996	0.9991	0.9839	0.9964
266	0.9885	0.9891	0.9996	0.9991	0.9841	0.9964
267	0.9886	0.9892	0.9996	0.9991	0.9843	0.9964
268	0.9886	0.9893	0.9996	0.9991	0.9845	0.9965
269	0.9886	0.9894	0.9996	0.9991	0.9847	0.9965
270	0.9886	0.9895	0.9996	0.9991	0.9849	0.9965
271	0.9887	0.9895	0.9996	0.9991	0.9850	0.9965
272	0.9887	0.9896	0.9996	0.9991	0.9852	0.9965
273	0.9887	0.9897	0.9996	0.9991	0.9854	0.9965
274	0.9888	0.9898	0.9996	0.9991	0.9856	0.9965
275	0.9888	0.9898	0.9996	0.9991	0.9857	0.9965
276	0.9888	0.9899	0.9996	0.9991	0.9859	0.9965
277	0.9888	0.9900	0.9996	0.9991	0.9861	0.9965
278	0.9889	0.9901	0.9996	0.9991	0.9863	0.9965
279	0.9889	0.9901	0.9996	0.9991	0.9864	0.9965
280	0.9889	0.9902	0.9996	0.9991	0.9866	0.9965
281	0.9890	0.9903	0.9996	0.9991	0.9868	0.9966
282	0.9890	0.9903	0.9996	0.9991	0.9869	0.9966
283	0.9890	0.9904	0.9996	0.9991	0.9871	0.9966
284	0.9890	0.9905	0.9996	0.9991	0.9873	0.9966
285	0.9891	0.9905	0.9996	0.9992	0.9874	0.9966
286	0.9891	0.9906	0.9996	0.9992	0.9876	0.9966
287	0.9891	0.9907	0.9996	0.9992	0.9877	0.9966
288	0.9891	0.9907	0.9996	0.9992	0.9879	0.9966
289	0.9892	0.9908	0.9996	0.9992	0.9880	0.9966
290	0.9892	0.9909	0.9996	0.9992	0.9882	0.9966
291	0.9892	0.9909	0.9996	0.9992	0.9883	0.9966
292	0.9892	0.9910	0.9996	0.9992	0.9885	0.9966
293	0.9892	0.9911	0.9996	0.9992	0.9886	0.9966
294	0.9893	0.9911	0.9996	0.9992	0.9888	0.9967
295	0.9893	0.9912	0.9996	0.9992	0.9889	0.9967
296	0.9893	0.9912	0.9996	0.9992	0.9890	0.9967
297	0.9893	0.9913	0.9996	0.9992	0.9892	0.9967
298	0.9894	0.9913	0.9996	0.9992	0.9893	0.9967
299	0.9894	0.9914	0.9996	0.9992	0.9894	0.9967
300	0.9894	0.9915	0.9996	0.9992	0.9895	0.9967
301	0.9894	0.9915	0.9996	0.9992	0.9897	0.9967
302	0.9894	0.9916	0.9996	0.9992	0.9898	0.9967
303	0.9895	0.9916	0.9996	0.9992	0.9899	0.9967
304	0.9895	0.9917	0.9997	0.9992	0.9901	0.9967
305	0.9895	0.9917	0.9997	0.9992	0.9902	0.9967
306	0.9895	0.9918	0.9997	0.9992	0.9903	0.9967
307	0.9895	0.9919	0.9997	0.9992	0.9904	0.9967
308	0.9895	0.9919	0.9997	0.9992	0.9905	0.9968
309	0.9896	0.9919	0.9997	0.9992	0.9906	0.9968
310	0.9896	0.9920	0.9997	0.9992	0.9907	0.9968
311	0.9896	0.9920	0.9997	0.9992	0.9908	0.9968
312	0.9896	0.9921	0.9997	0.9992	0.9910	0.9968
313	0.9896	0.9921	0.9997	0.9992	0.9911	0.9968
314	0.9897	0.9922	0.9997	0.9993	0.9912	0.9968
315	0.9897	0.9922	0.9997	0.9993	0.9913	0.9968
316	0.9897	0.9923	0.9997	0.9993	0.9914	0.9968
317	0.9897	0.9923	0.9997	0.9993	0.9915	0.9968
318	0.9897	0.9924	0.9997	0.9993	0.9916	0.9968
319	0.9898	0.9924	0.9997	0.9993	0.9917	0.9968
320	0.9898	0.9925	0.9997	0.9993	0.9918	0.9968
321	0.9898	0.9925	0.9997	0.9993	0.9919	0.9968
322	0.9898	0.9926	0.9997	0.9993	0.9920	0.9968
323	0.9898	0.9926	0.9997	0.9993	0.9921	0.9968
324	0.9898	0.9926	0.9997	0.9993	0.9922	0.9968
325	0.9899	0.9927	0.9997	0.9993	0.9923	0.9969
326	0.9899	0.9927	0.9997	0.9993	0.9923	0.9969
327	0.9899	0.9928	0.9997	0.9993	0.9924	0.9969
328	0.9899	0.9928	0.9997	0.9993	0.9925	0.9969
329	0.9899	0.9929	0.9997	0.9993	0.9926	0.9969
330	0.9899	0.9929	0.9997	0.9993	0.9927	0.9969
331	0.9899	0.9929	0.9997	0.9993	0.9928	0.9969
332	0.9900	0.9930	0.9997	0.9993	0.9928	0.9969
333	0.9900	0.9930	0.9997	0.9993	0.9929	0.9969
334	0.9900	0.9931	0.9997	0.9993	0.9930	0.9969
335	0.9900	0.9931	0.9997	0.9993	0.9931	0.9969
336	0.9900	0.9931	0.9997	0.9993	0.9931	0.9969
337	0.9900	0.9932	0.9997	0.9993	0.9932	0.9969
338	0.9901	0.9932	0.9997	0.9993	0.9933	0.9969
339	0.9901	0.9932	0.9997	0.9993	0.9934	0.9969
340	0.9901	0.9933	0.9997	0.9993	0.9934	0.9969
341	0.9901	0.9933	0.9997	0.9993	0.9935	0.9969
342	0.9901	0.9933	0.9997	0.9993	0.9936	0.9969
343	0.9901	0.9934	0.9997	0.9993	0.9937	0.9970
344	0.9901	0.9934	0.9997	0.9993	0.9937	0.9970
345	0.9901	0.9934	0.9997	0.9993	0.9938	0.9970
346	0.9901	0.9935	0.9997	0.9993	0.9938	0.9970
347	0.9902	0.9935	0.9997	0.9993	0.9939	0.9970
348	0.9902	0.9935	0.9997	0.9993	0.9940	0.9970
349	0.9902	0.9936	0.9997	0.9993	0.9940	0.9970
350	0.9902	0.9936	0.9997	0.9993	0.9941	0.9970
351	0.9902	0.9936	0.9997	0.9993	0.9942	0.9970
352	0.9902	0.9937	0.9997	0.9993	0.9942	0.9970
353	0.9902	0.9937	0.9997	0.9993	0.9943	0.9970
354	0.9902	0.9937	0.9997	0.9993	0.9943	0.9970
355	0.9902	0.9938	0.9997	0.9993	0.9944	0.9970
356	0.9903	0.9938	0.9997	0.9993	0.9945	0.9970
357	0.9903	0.9938	0.9997	0.9993	0.9945	0.9970
358	0.9903	0.9938	0.9997	0.9994	0.9946	0.9970
359	0.9903	0.9939	0.9997	0.9994	0.9946	0.9970
360	0.9903	0.9939	0.9997	0.9994	0.9947	0.9970
361	0.9903	0.9939	0.9997	0.9994	0.9947	0.9970
362	0.9903	0.9940	0.9997	0.9994	0.9948	0.9970
363	0.9903	0.9940	0.9997	0.9994	0.9948	0.9970
364	0.9904	0.9940	0.9997	0.9994	0.9949	0.9971
365	0.9904	0.9941	0.9997	0.9994	0.9949	0.9971
366	0.9904	0.9941	0.9997	0.9994	0.9950	0.9971
367	0.9904	0.9941	0.9997	0.9994	0.9950	0.9971
368	0.9904	0.9942	0.9997	0.9994	0.9951	0.9971
369	0.9904	0.9942	0.9997	0.9994	0.9951	0.9971
370	0.9904	0.9942	0.9997	0.9994	0.9952	0.9971
371	0.9904	0.9942	0.9997	0.9994	0.9952	0.9971
372	0.9904	0.9943	0.9997	0.9994	0.9953	0.9971
373	0.9904	0.9943	0.9997	0.9994	0.9953	0.9971
374	0.9905	0.9943	0.9997	0.9994	0.9954	0.9971
375	0.9905	0.9944	0.9997	0.9994	0.9954	0.9971
376	0.9905	0.9944	0.9997	0.9994	0.9954	0.9971
377	0.9905	0.9944	0.9997	0.9994	0.9955	0.9971
378	0.9905	0.9944	0.9997	0.9994	0.9955	0.9971
379	0.9905	0.9945	0.9997	0.9994	0.9956	0.9971
380	0.9905	0.9945	0.9997	0.9994	0.9956	0.9971
381	0.9905	0.9945	0.9997	0.9994	0.9956	0.9971
382	0.9905	0.9945	0.9997	0.9994	0.9957	0.9971
383	0.9906	0.9945	0.9997	0.9994	0.9957	0.9971
384	0.9906	0.9946	0.9997	0.9994	0.9958	0.9971
385	0.9906	0.9946	0.9997	0.9994	0.9958	0.9972
386	0.9906	0.9946	0.9997	0.9994	0.9958	0.9972
387	0.9906	0.9946	0.9997	0.9994	0.9959	0.9972
388	0.9906	0.9947	0.9997	0.9994	0.9959	0.9972
389	0.9906	0.9947	0.9997	0.9994	0.9959	0.9972
390	0.9906	0.9947	0.9997	0.9994	0.9960	0.9972
391	0.9906	0.9947	0.9997	0.9994	0.9960	0.9972
392	0.9907	0.9948	0.9997	0.9994	0.9961	0.9972
393	0.9907	0.9948	0.9997	0.9994	0.9961	0.9972
394	0.9907	0.9948	0.9997	0.9994	0.9961	0.9972
395	0.9907	0.9948	0.9998	0.9994	0.9961	0.9972
396	0.9907	0.9948	0.9998	0.9994	0.9962	0.9972
397	0.9907	0.9949	0.9998	0.9994	0.9962	0.9972
398	0.9907	0.9949	0.9998	0.9994	0.9963	0.9972
399	0.9907	0.9949	0.9998	0.9994	0.9963	0.9972
400	0.9907	0.9949	0.9998	0.9994	0.9963	0.9972
401	0.9907	0.9949	0.9998	0.9994	0.9963	0.9972
402	0.9908	0.9950	0.9998	0.9994	0.9964	0.9972
403	0.9908	0.9950	0.9998	0.9994	0.9964	0.9972
404	0.9908	0.9950	0.9998	0.9994	0.9964	0.9972
405	0.9908	0.9950	0.9998	0.9994	0.9965	0.9972
406	0.9908	0.9950	0.9998	0.9994	0.9965	0.9972
407	0.9908	0.9950	0.9998	0.9994	0.9965	0.9972
408	0.9908	0.9951	0.9998	0.9994	0.9965	0.9972
409	0.9908	0.9951	0.9998	0.9994	0.9966	0.9972
410	0.9908	0.9951	0.9998	0.9994	0.9966	0.9972
411	0.9908	0.9951	0.9998	0.9994	0.9966	0.9972
412	0.9909	0.9951	0.9998	0.9994	0.9967	0.9972
413	0.9909	0.9952	0.9998	0.9994	0.9967	0.9972
414	0.9909	0.9952	0.9998	0.9994	0.9967	0.9972
415	0.9909	0.9952	0.9998	0.9995	0.9967	0.9972
416	0.9909	0.9952	0.9998	0.9995	0.9968	0.9972
417	0.9909	0.9952	0.9998	0.9995	0.9968	0.9973
418	0.9909	0.9952	0.9998	0.9995	0.9968	0.9973
419	0.9909	0.9953	0.9998	0.9995	0.9968	0.9973
420	0.9909	0.9953	0.9998	0.9995	0.9968	0.9973
421	0.9909	0.9953	0.9998	0.9995	0.9969	0.9973
422	0.9910	0.9953	0.9998	0.9995	0.9969	0.9973
423	0.9910	0.9953	0.9998	0.9995	0.9969	0.9973
424	0.9910	0.9954	0.9998	0.9995	0.9969	0.9973
425	0.9910	0.9954	0.9998	0.9995	0.9970	0.9973
426	0.9910	0.9954	0.9998	0.9995	0.9970	0.9973
427	0.9910	0.9954	0.9998	0.9995	0.9970	0.9973
428	0.9910	0.9954	0.9998	0.9995	0.9970	0.9973
429	0.9910	0.9954	0.9998	0.9995	0.9971	0.9973
430	0.9910	0.9954	0.9998	0.9995	0.9971	0.9973
431	0.9911	0.9955	0.9998	0.9995	0.9971	0.9973
432	0.9911	0.9955	0.9998	0.9995	0.9971	0.9973
433	0.9911	0.9955	0.9998	0.9995	0.9971	0.9973
434	0.9911	0.9955	0.9998	0.9995	0.9971	0.9973
435	0.9911	0.9955	0.9998	0.9995	0.9972	0.9973
436	0.9911	0.9955	0.9998	0.9995	0.9972	0.9973
437	0.9911	0.9955	0.9998	0.9995	0.9972	0.9973
438	0.9911	0.9956	0.9998	0.9995	0.9972	0.9973
439	0.9911	0.9956	0.9998	0.9995	0.9972	0.9973
440	0.9911	0.9956	0.9998	0.9995	0.9973	0.9973
441	0.9911	0.9956	0.9998	0.9995	0.9973	0.9973
442	0.9912	0.9956	0.9998	0.9995	0.9973	0.9973
443	0.9912	0.9956	0.9998	0.9995	0.9973	0.9973
444	0.9912	0.9956	0.9998	0.9995	0.9973	0.9973
445	0.9912	0.9957	0.9998	0.9995	0.9973	0.9973
446	0.9912	0.9957	0.9998	0.9995	0.9974	0.9973
447	0.9912	0.9957	0.9998	0.9995	0.9974	0.9973
448	0.9912	0.9957	0.9998	0.9995	0.9974	0.9973
449	0.9912	0.9957	0.9998	0.9995	0.9974	0.9973
450	0.9912	0.9957	0.9998	0.9995	0.9974	0.9974
451	0.9912	0.9957	0.9998	0.9995	0.9974	0.9974
452	0.9913	0.9958	0.9998	0.9995	0.9975	0.9974
453	0.9913	0.9958	0.9998	0.9995	0.9975	0.9974
454	0.9913	0.9958	0.9998	0.9995	0.9975	0.9974
455	0.9913	0.9958	0.9998	0.9995	0.9975	0.9974
456	0.9913	0.9958	0.9998	0.9995	0.9975	0.9974
457	0.9913	0.9958	0.9998	0.9995	0.9975	0.9974
458	0.9913	0.9959	0.9998	0.9995	0.9976	0.9974
459	0.9913	0.9959	0.9998	0.9995	0.9976	0.9974
460	0.9913	0.9959	0.9998	0.9995	0.9976	0.9974
461	0.9914	0.9959	0.9998	0.9995	0.9976	0.9974
462	0.9914	0.9959	0.9998	0.9995	0.9976	0.9974
463	0.9914	0.9959	0.9998	0.9995	0.9976	0.9974
464	0.9914	0.9959	0.9998	0.9995	0.9977	0.9974
465	0.9914	0.9960	0.9998	0.9995	0.9977	0.9974
466	0.9914	0.9960	0.9998	0.9995	0.9977	0.9974
467	0.9914	0.9960	0.9998	0.9995	0.9977	0.9974
468	0.9914	0.9960	0.9998	0.9995	0.9977	0.9974
469	0.9914	0.9960	0.9998	0.9995	0.9977	0.9974
470	0.9915	0.9960	0.9998	0.9995	0.9977	0.9974
471	0.9915	0.9960	0.9998	0.9995	0.9978	0.9974
472	0.9915	0.9961	0.9998	0.9995	0.9978	0.9974
473	0.9915	0.9961	0.9998	0.9995	0.9978	0.9974
474	0.9915	0.9961	0.9998	0.9995	0.9978	0.9974
475	0.9915	0.9961	0.9998	0.9995	0.9978	0.9974
476	0.9915	0.9961	0.9998	0.9995	0.9978	0.9974
477	0.9915	0.9961	0.9998	0.9995	0.9978	0.9974
478	0.9915	0.9961	0.9998	0.9995	0.9979	0.9974
479	0.9916	0.9961	0.9998	0.9995	0.9979	0.9974
480	0.9916	0.9962	0.9998	0.9995	0.9979	0.9974
481	0.9916	0.9962	0.9998	0.9995	0.9979	0.9974
482	0.9916	0.9962	0.9998	0.9995	0.9979	0.9974
483	0.9916	0.9962	0.9998	0.9995	0.9979	0.9974
484	0.9916	0.9962	0.9998	0.9995	0.9979	0.9975
485	0.9916	0.9962	0.9998	0.9995	0.9979	0.9975
486	0.9916	0.9962	0.9998	0.9995	0.9980	0.9975
487	0.9916	0.9963	0.9998	0.9995	0.9980	0.9975
488	0.9916	0.9963	0.9998	0.9995	0.9980	0.9975
489	0.9917	0.9963	0.9998	0.9995	0.9980	0.9975
490	0.9917	0.9963	0.9998	0.9995	0.9980	0.9975
491	0.9917	0.9963	0.9998	0.9995	0.9980	0.9975
492	0.9917	0.9963	0.9998	0.9995	0.9980	0.9975
493	0.9917	0.9963	0.9998	0.9995	0.9980	0.9975
494	0.9917	0.9963	0.9998	0.9995	0.9980	0.9975
495	0.9917	0.9963	0.9998	0.9995	0.9980	0.9975
496	0.9917	0.9964	0.9998	0.9995	0.9981	0.9975
497	0.9917	0.9964	0.9998	0.9995	0.9981	0.9975
498	0.9918	0.9964	0.9998	0.9995	0.9981	0.9975
499	0.9918	0.9964	0.9998	0.9995	0.9981	0.9975
500	0.9918	0.9964	0.9998	0.9995	0.9981	0.9975
501	0.9918	0.9964	0.9998	0.9995	0.9981	0.9975
502	0.9918	0.9964	0.9998	0.9995	0.9981	0.9975
503	0.9918	0.9964	0.9998	0.9995	0.9981	0.9975
504	0.9918	0.9965	0.9998	0.9995	0.9981	0.9975
505	0.9918	0.9965	0.9998	0.9995	0.9981	0.9975
506	0.9918	0.9965	0.9998	0.9995	0.9982	0.9975
507	0.9918	0.9965	0.9998	0.9995	0.9982	0.9975
508	0.9918	0.9965	0.9998	0.9995	0.9982	0.9975
509	0.9919	0.9965	0.9998	0.9995	0.9982	0.9975
510	0.9919	0.9965	0.9998	0.9995	0.9982	0.9975
511	0.9919	0.9965	0.9998	0.9995	0.9982	0.9975
512	0.9919	0.9965	0.9998	0.9995	0.9982	0.9975
513	0.9919	0.9965	0.9998	0.9995	0.9982	0.9975
514	0.9919	0.9966	0.9998	0.9995	0.9982	0.9975
515	0.9919	0.9966	0.9998	0.9995	0.9982	0.9975
516	0.9919	0.9966	0.9998	0.9995	0.9982	0.9975
517	0.9919	0.9966	0.9998	0.9995	0.9983	0.9975
518	0.9919	0.9966	0.9998	0.9995	0.9983	0.9975
519	0.9919	0.9966	0.9998	0.9996	0.9983	0.9975
520	0.9919	0.9966	0.9998	0.9996	0.9983	0.9975
521	0.9920	0.9966	0.9998	0.9996	0.9983	0.9975
522	0.9920	0.9967	0.9998	0.9996	0.9983	0.9975
523	0.9920	0.9967	0.9998	0.9996	0.9983	0.9976
524	0.9920	0.9967	0.9998	0.9996	0.9983	0.9976
525	0.9920	0.9967	0.9998	0.9996	0.9983	0.9976
526	0.9920	0.9967	0.9998	0.9996	0.9983	0.9976
527	0.9920	0.9967	0.9998	0.9996	0.9983	0.9976
528	0.9920	0.9967	0.9998	0.9996	0.9984	0.9976
529	0.9920	0.9967	0.9998	0.9996	0.9984	0.9976
530	0.9920	0.9967	0.9998	0.9996	0.9984	0.9976
531	0.9920	0.9968	0.9998	0.9996	0.9984	0.9976
532	0.9920	0.9968	0.9998	0.9996	0.9984	0.9976
533	0.9920	0.9968	0.9998	0.9996	0.9984	0.9976
534	0.9921	0.9968	0.9998	0.9996	0.9984	0.9976
535	0.9921	0.9968	0.9998	0.9996	0.9984	0.9976
536	0.9921	0.9968	0.9998	0.9996	0.9984	0.9976
537	0.9921	0.9968	0.9998	0.9996	0.9984	0.9976
538	0.9921	0.9968	0.9998	0.9996	0.9984	0.9976
539	0.9921	0.9968	0.9998	0.9996	0.9984	0.9976
540	0.9921	0.9969	0.9998	0.9996	0.9984	0.9976
541	0.9921	0.9969	0.9998	0.9996	0.9985	0.9976
542	0.9921	0.9969	0.9998	0.9996	0.9985	0.9976
543	0.9921	0.9969	0.9998	0.9996	0.9985	0.9976
544	0.9922	0.9969	0.9998	0.9996	0.9985	0.9976
545	0.9922	0.9969	0.9998	0.9996	0.9985	0.9976
546	0.9922	0.9969	0.9998	0.9996	0.9985	0.9976
547	0.9922	0.9969	0.9998	0.9996	0.9985	0.9976
548	0.9922	0.9969	0.9998	0.9996	0.9985	0.9976
549	0.9922	0.9969	0.9998	0.9996	0.9985	0.9976
550	0.9922	0.9969	0.9998	0.9996	0.9985	0.9976
551	0.9922	0.9970	0.9998	0.9996	0.9985	0.9976
552	0.9922	0.9970	0.9998	0.9996	0.9985	0.9976
553	0.9922	0.9970	0.9998	0.9996	0.9985	0.9976
554	0.9922	0.9970	0.9998	0.9996	0.9985	0.9976
555	0.9923	0.9970	0.9998	0.9996	0.9985	0.9976
556	0.9923	0.9970	0.9998	0.9996	0.9985	0.9976
557	0.9923	0.9970	0.9998	0.9996	0.9985	0.9976
558	0.9923	0.9970	0.9998	0.9996	0.9986	0.9976
559	0.9923	0.9970	0.9998	0.9996	0.9986	0.9976
560	0.9923	0.9970	0.9998	0.9996	0.9986	0.9976
561	0.9923	0.9970	0.9998	0.9996	0.9986	0.9976
562	0.9923	0.9970	0.9998	0.9996	0.9986	0.9976
563	0.9923	0.9971	0.9998	0.9996	0.9986	0.9977
564	0.9923	0.9971	0.9998	0.9996	0.9986	0.9977
565	0.9923	0.9971	0.9998	0.9996	0.9986	0.9977
566	0.9923	0.9971	0.9998	0.9996	0.9986	0.9977
567	0.9923	0.9971	0.9998	0.9996	0.9986	0.9977
568	0.9924	0.9971	0.9998	0.9996	0.9986	0.9977
569	0.9924	0.9971	0.9998	0.9996	0.9986	0.9977
570	0.9924	0.9971	0.9998	0.9996	0.9986	0.9977
571	0.9924	0.9971	0.9998	0.9996	0.9986	0.9977
572	0.9924	0.9971	0.9998	0.9996	0.9986	0.9977
573	0.9924	0.9971	0.9998	0.9996	0.9986	0.9977
574	0.9924	0.9971	0.9998	0.9996	0.9986	0.9977
575	0.9924	0.9972	0.9998	0.9996	0.9986	0.9977
576	0.9924	0.9972	0.9998	0.9996	0.9987	0.9977
577	0.9924	0.9972	0.9998	0.9996	0.9987	0.9977
578	0.9924	0.9972	0.9998	0.9996	0.9987	0.9977
579	0.9924	0.9972	0.9998	0.9996	0.9987	0.9977
580	0.9924	0.9972	0.9998	0.9996	0.9987	0.9977
581	0.9924	0.9972	0.9998	0.9996	0.9987	0.9977
582	0.9924	0.9972	0.9998	0.9996	0.9987	0.9977
583	0.9925	0.9972	0.9998	0.9996	0.9987	0.9977
584	0.9925	0.9972	0.9998	0.9996	0.9987	0.9977
585	0.9925	0.9972	0.9998	0.9996	0.9987	0.9977
586	0.9925	0.9972	0.9998	0.9996	0.9987	0.9977
587	0.9925	0.9972	0.9998	0.9996	0.9987	0.9977
588	0.9925	0.9972	0.9998	0.9996	0.9987	0.9977
589	0.9925	0.9972	0.9998	0.9996	0.9987	0.9977
590	0.9925	0.9973	0.9998	0.9996	0.9987	0.9977
591	0.9925	0.9973	0.9998	0.9996	0.9987	0.9977
592	0.9925	0.9973	0.9998	0.9996	0.9987	0.9977
593	0.9925	0.9973	0.9998	0.9996	0.9988	0.9977
594	0.9925	0.9973	0.9998	0.9996	0.9988	0.9977
595	0.9925	0.9973	0.9998	0.9996	0.9988	0.9977
596	0.9925	0.9973	0.9998	0.9996	0.9988	0.9977
597	0.9925	0.9973	0.9998	0.9996	0.9988	0.9977
598	0.9926	0.9973	0.9998	0.9996	0.9988	0.9977
599	0.9926	0.9973	0.9998	0.9996	0.9988	0.9977
600	0.9926	0.9973	0.9998	0.9996	0.9988	0.9977
601	0.9926	0.9973	0.9998	0.9996	0.9988	0.9977
602	0.9926	0.9973	0.9998	0.9996	0.9988	0.9977
603	0.9926	0.9973	0.9998	0.9996	0.9988	0.9977
604	0.9926	0.9973	0.9998	0.9996	0.9988	0.9977
605	0.9926	0.9973	0.9998	0.9996	0.9988	0.9977
606	0.9926	0.9974	0.9998	0.9996	0.9988	0.9977
607	0.9926	0.9974	0.9998	0.9996	0.9988	0.9977
608	0.9926	0.9974	0.9998	0.9996	0.9988	0.9977
609	0.9926	0.9974	0.9998	0.9996	0.9988	0.9977
610	0.9926	0.9974	0.9998	0.9996	0.9988	0.9978
611	0.9926	0.9974	0.9998	0.9996	0.9988	0.9978
612	0.9926	0.9974	0.9998	0.9996	0.9988	0.9978
613	0.9927	0.9974	0.9998	0.9996	0.9988	0.9978
614	0.9927	0.9974	0.9998	0.9996	0.9988	0.9978
615	0.9927	0.9974	0.9998	0.9996	0.9988	0.9978
616	0.9927	0.9974	0.9998	0.9996	0.9989	0.9978
617	0.9927	0.9974	0.9998	0.9996	0.9989	0.9978
618	0.9927	0.9974	0.9998	0.9996	0.9989	0.9978
619	0.9927	0.9974	0.9998	0.9996	0.9989	0.9978
620	0.9927	0.9974	0.9998	0.9996	0.9989	0.9978
621	0.9927	0.9974	0.9998	0.9996	0.9989	0.9978
622	0.9927	0.9974	0.9998	0.9996	0.9989	0.9978
623	0.9927	0.9974	0.9998	0.9996	0.9989	0.9978
624	0.9927	0.9975	0.9998	0.9996	0.9989	0.9978
625	0.9927	0.9975	0.9998	0.9996	0.9989	0.9978
626	0.9927	0.9975	0.9998	0.9996	0.9989	0.9978
627	0.9927	0.9975	0.9998	0.9996	0.9989	0.9978
628	0.9927	0.9975	0.9998	0.9996	0.9989	0.9978
629	0.9928	0.9975	0.9998	0.9996	0.9989	0.9978
630	0.9928	0.9975	0.9998	0.9996	0.9989	0.9978
631	0.9928	0.9975	0.9998	0.9996	0.9989	0.9978
632	0.9928	0.9975	0.9998	0.9996	0.9989	0.9978
633	0.9928	0.9975	0.9998	0.9996	0.9989	0.9978
634	0.9928	0.9975	0.9998	0.9996	0.9989	0.9978
635	0.9928	0.9975	0.9998	0.9996	0.9989	0.9978
636	0.9928	0.9975	0.9998	0.9996	0.9989	0.9978
637	0.9928	0.9975	0.9998	0.9996	0.9989	0.9978
638	0.9928	0.9975	0.9998	0.9996	0.9989	0.9978
639	0.9928	0.9975	0.9998	0.9996	0.9990	0.9978
640	0.9928	0.9975	0.9998	0.9996	0.9990	0.9978
641	0.9928	0.9975	0.9998	0.9996	0.9990	0.9978
642	0.9928	0.9975	0.9998	0.9996	0.9990	0.9978
643	0.9928	0.9975	0.9998	0.9996	0.9990	0.9978
644	0.9928	0.9975	0.9998	0.9996	0.9990	0.9978
645	0.9928	0.9976	0.9998	0.9996	0.9990	0.9978
646	0.9928	0.9976	0.9998	0.9996	0.9990	0.9978
647	0.9929	0.9976	0.9998	0.9996	0.9990	0.9978
648	0.9929	0.9976	0.9998	0.9996	0.9990	0.9978
649	0.9929	0.9976	0.9998	0.9996	0.9990	0.9978
650	0.9929	0.9976	0.9998	0.9996	0.9990	0.9978
651	0.9929	0.9976	0.9998	0.9996	0.9990	0.9978
652	0.9929	0.9976	0.9998	0.9996	0.9990	0.9978
653	0.9929	0.9976	0.9998	0.9996	0.9990	0.9978
654	0.9929	0.9976	0.9998	0.9996	0.9990	0.9978
655	0.9929	0.9976	0.9998	0.9996	0.9990	0.9978
656	0.9929	0.9976	0.9998	0.9996	0.9990	0.9978
657	0.9929	0.9976	0.9999	0.9996	0.9990	0.9978
658	0.9929	0.9976	0.9999	0.9996	0.9990	0.9978
659	0.9929	0.9976	0.9999	0.9996	0.9990	0.9978
660	0.9929	0.9976	0.9999	0.9996	0.9990	0.9978
661	0.9929	0.9976	0.9999	0.9996	0.9990	0.9978
662	0.9929	0.9976	0.9999	0.9996	0.9990	0.9978
663	0.9929	0.9976	0.9999	0.9996	0.9990	0.9979
664	0.9929	0.9976	0.9999	0.9996	0.9990	0.9979
665	0.9929	0.9976	0.9999	0.9996	0.9990	0.9979
666	0.9930	0.9977	0.9999	0.9996	0.9990	0.9979
667	0.9930	0.9977	0.9999	0.9996	0.9990	0.9979
668	0.9930	0.9977	0.9999	0.9996	0.9990	0.9979
669	0.9930	0.9977	0.9999	0.9996	0.9990	0.9979
670	0.9930	0.9977	0.9999	0.9996	0.9990	0.9979
671	0.9930	0.9977	0.9999	0.9996	0.9990	0.9979
672	0.9930	0.9977	0.9999	0.9996	0.9990	0.9979
673	0.9930	0.9977	0.9999	0.9996	0.9990	0.9979
674	0.9930	0.9977	0.9999	0.9996	0.9990	0.9979
675	0.9930	0.9977	0.9999	0.9996	0.9991	0.9979
676	0.9930	0.9977	0.9999	0.9996	0.9991	0.9979
677	0.9930	0.9977	0.9999	0.9996	0.9991	0.9979
678	0.9930	0.9977	0.9999	0.9996	0.9991	0.9979
679	0.9930	0.9977	0.9999	0.9996	0.9991	0.9979
680	0.9930	0.9977	0.9999	0.9996	0.9991	0.9979
681	0.9930	0.9977	0.9999	0.9996	0.9991	0.9979
682	0.9930	0.9977	0.9999	0.9996	0.9991	0.9979
683	0.9930	0.9977	0.9999	0.9996	0.9991	0.9979
684	0.9930	0.9977	0.9999	0.9996	0.9991	0.9979
685	0.9930	0.9977	0.9999	0.9996	0.9991	0.9979
686	0.9930	0.9977	0.9999	0.9996	0.9991	0.9979
687	0.9931	0.9978	0.9999	0.9996	0.9991	0.9979
688	0.9931	0.9978	0.9999	0.9996	0.9991	0.9979
689	0.9931	0.9978	0.9999	0.9996	0.9991	0.9979
690	0.9931	0.9978	0.9999	0.9996	0.9991	0.9979
691	0.9931	0.9978	0.9999	0.9996	0.9991	0.9979
692	0.9931	0.9978	0.9999	0.9996	0.9991	0.9979
693	0.9931	0.9978	0.9999	0.9996	0.9991	0.9979
694	0.9931	0.9978	0.9999	0.9996	0.9991	0.9979
695	0.9931	0.9978	0.9999	0.9996	0.9991	0.9979
696	0.9931	0.9978	0.9999	0.9996	0.9991	0.9979
697	0.9931	0.9978	0.9999	0.9996	0.9991	0.9979
698	0.9931	0.9978	0.9999	0.9996	0.9991	0.9979
699	0.9931	0.9978	0.9999	0.9996	0.9991	0.9979
700	0.9931	0.9978	0.9999	0.9996	0.9991	0.9979
701	0.9931	0.9978	0.9999	0.9996	0.9991	0.9979
702	0.9931	0.9978	0.9999	0.9996	0.9991	0.9979
703	0.9931	0.9978	0.9999	0.9996	0.9991	0.9979
704	0.9931	0.9978	0.9999	0.9996	0.9991	0.9979
705	0.9931	0.9978	0.9999	0.9996	0.9991	0.9979
706	0.9931	0.9978	0.9999	0.9996	0.9991	0.9979
707	0.9931	0.9978	0.9999	0.9996	0.9991	0.9979
708	0.9931	0.9978	0.9999	0.9996	0.9991	0.9979
709	0.9931	0.9978	0.9999	0.9996	0.9991	0.9979
710	0.9931	0.9978	0.9999	0.9996	0.9991	0.9979
711	0.9932	0.9978	0.9999	0.9996	0.9991	0.9979
712	0.9932	0.9979	0.9999	0.9997	0.9991	0.9979
713	0.9932	0.9979	0.9999	0.9997	0.9991	0.9979
714	0.9932	0.9979	0.9999	0.9997	0.9991	0.9979
715	0.9932	0.9979	0.9999	0.9997	0.9992	0.9979
716	0.9932	0.9979	0.9999	0.9997	0.9992	0.9979
717	0.9932	0.9979	0.9999	0.9997	0.9992	0.9979
718	0.9932	0.9979	0.9999	0.9997	0.9992	0.9979
719	0.9932	0.9979	0.9999	0.9997	0.9992	0.9979
720	0.9932	0.9979	0.9999	0.9997	0.9992	0.9979
721	0.9932	0.9979	0.9999	0.9997	0.9992	0.9979
722	0.9932	0.9979	0.9999	0.9997	0.9992	0.9979
723	0.9932	0.9979	0.9999	0.9997	0.9992	0.9979
724	0.9932	0.9979	0.9999	0.9997	0.9992	0.9979
725	0.9932	0.9979	0.9999	0.9997	0.9992	0.9979
726	0.9932	0.9979	0.9999	0.9997	0.9992	0.9980
727	0.9932	0.9979	0.9999	0.9997	0.9992	0.9980
728	0.9932	0.9979	0.9999	0.9997	0.9992	0.9980
729	0.9932	0.9979	0.9999	0.9997	0.9992	0.9980
730	0.9932	0.9979	0.9999	0.9997	0.9992	0.9980
731	0.9932	0.9979	0.9999	0.9997	0.9992	0.9980
732	0.9932	0.9979	0.9999	0.9997	0.9992	0.9980
733	0.9932	0.9979	0.9999	0.9997	0.9992	0.9980
734	0.9932	0.9979	0.9999	0.9997	0.9992	0.9980
735	0.9933	0.9979	0.9999	0.9997	0.9992	0.9980
736	0.9933	0.9979	0.9999	0.9997	0.9992	0.9980
737	0.9933	0.9979	0.9999	0.9997	0.9992	0.9980
738	0.9933	0.9980	0.9999	0.9997	0.9992	0.9980
739	0.9933	0.9980	0.9999	0.9997	0.9992	0.9980
740	0.9933	0.9980	0.9999	0.9997	0.9992	0.9980
741	0.9933	0.9980	0.9999	0.9997	0.9992	0.9980
742	0.9933	0.9980	0.9999	0.9997	0.9992	0.9980
743	0.9933	0.9980	0.9999	0.9997	0.9992	0.9980
744	0.9933	0.9980	0.9999	0.9997	0.9992	0.9980
745	0.9933	0.9980	0.9999	0.9997	0.9992	0.9980
746	0.9933	0.9980	0.9999	0.9997	0.9992	0.9980
747	0.9933	0.9980	0.9999	0.9997	0.9992	0.9980
748	0.9933	0.9980	0.9999	0.9997	0.9992	0.9980
749	0.9933	0.9980	0.9999	0.9997	0.9992	0.9980
750	0.9933	0.9980	0.9999	0.9997	0.9992	0.9980
751	0.9933	0.9980	0.9999	0.9997	0.9992	0.9980
752	0.9933	0.9980	0.9999	0.9997	0.9992	0.9980
753	0.9933	0.9980	0.9999	0.9997	0.9992	0.9980
754	0.9933	0.9980	0.9999	0.9997	0.9992	0.9980
755	0.9933	0.9980	0.9999	0.9997	0.9992	0.9980
756	0.9933	0.9980	0.9999	0.9997	0.9992	0.9980
757	0.9933	0.9980	0.9999	0.9997	0.9992	0.9980
758	0.9933	0.9980	0.9999	0.9997	0.9992	0.9980
759	0.9934	0.9980	0.9999	0.9997	0.9992	0.9980
760	0.9934	0.9980	0.9999	0.9997	0.9992	0.9980
761	0.9934	0.9980	0.9999	0.9997	0.9993	0.9980
762	0.9934	0.9980	0.9999	0.9997	0.9993	0.9980
763	0.9934	0.9981	0.9999	0.9997	0.9993	0.9980
764	0.9934	0.9981	0.9999	0.9997	0.9993	0.9980
765	0.9934	0.9981	0.9999	0.9997	0.9993	0.9980
766	0.9934	0.9981	0.9999	0.9997	0.9993	0.9980
767	0.9934	0.9981	0.9999	0.9997	0.9993	0.9980
768	0.9934	0.9981	0.9999	0.9997	0.9993	0.9980
769	0.9934	0.9981	0.9999	0.9997	0.9993	0.9980
770	0.9934	0.9981	0.9999	0.9997	0.9993	0.9980
771	0.9934	0.9981	0.9999	0.9997	0.9993	0.9980
772	0.9934	0.9981	0.9999	0.9997	0.9993	0.9980
773	0.9934	0.9981	0.9999	0.9997	0.9993	0.9980
774	0.9934	0.9981	0.9999	0.9997	0.9993	0.9980
775	0.9934	0.9981	0.9999	0.9997	0.9993	0.9980
776	0.9934	0.9981	0.9999	0.9997	0.9993	0.9980
777	0.9934	0.9981	0.9999	0.9997	0.9993	0.9980
778	0.9934	0.9981	0.9999	0.9997	0.9993	0.9980
779	0.9934	0.9981	0.9999	0.9997	0.9993	0.9980
780	0.9934	0.9981	0.9999	0.9997	0.9993	0.9980
781	0.9934	0.9981	0.9999	0.9997	0.9993	0.9980
782	0.9934	0.9981	0.9999	0.9997	0.9993	0.9980
783	0.9934	0.9981	0.9999	0.9997	0.9993	0.9980
784	0.9934	0.9981	0.9999	0.9997	0.9993	0.9980
785	0.9934	0.9981	0.9999	0.9997	0.9993	0.9980
786	0.9935	0.9981	0.9999	0.9997	0.9993	0.9980
787	0.9935	0.9981	0.9999	0.9997	0.9993	0.9980
788	0.9935	0.9981	0.9999	0.9997	0.9993	0.9980
789	0.9935	0.9981	0.9999	0.9997	0.9993	0.9980
790	0.9935	0.9981	0.9999	0.9997	0.9993	0.9980
791	0.9935	0.9981	0.9999	0.9997	0.9993	0.9980
792	0.9935	0.9982	0.9999	0.9997	0.9993	0.9980
793	0.9935	0.9982	0.9999	0.9997	0.9993	0.9980
794	0.9935	0.9982	0.9999	0.9997	0.9993	0.9980
795	0.9935	0.9982	0.9999	0.9997	0.9993	0.9980
796	0.9935	0.9982	0.9999	0.9997	0.9993	0.9980
797	0.9935	0.9982	0.9999	0.9997	0.9993	0.9980
798	0.9935	0.9982	0.9999	0.9997	0.9993	0.9980
799	0.9935	0.9982	0.9999	0.9997	0.9993	0.9980
800	0.9935	0.9982	0.9999	0.9997	0.9993	0.9980
801	0.9935	0.9982	0.9999	0.9997	0.9993	0.9980
802	0.9935	0.9982	0.9999	0.9997	0.9993	0.9980
803	0.9935	0.9982	0.9999	0.9997	0.9993	0.9980
804	0.9935	0.9982	0.9999	0.9997	0.9993	0.9981
805	0.9935	0.9982	0.9999	0.9997	0.9993	0.9981
806	0.9935	0.9982	0.9999	0.9997	0.9993	0.9981
807	0.9935	0.9982	0.9999	0.9997	0.9993	0.9981
808	0.9935	0.9982	0.9999	0.9997	0.9993	0.9981
809	0.9936	0.9982	0.9999	0.9997	0.9993	0.9981
810	0.9936	0.9982	0.9999	0.9997	0.9993	0.9981
811	0.9936	0.9982	0.9999	0.9997	0.9993	0.9981
812	0.9936	0.9982	0.9999	0.9997	0.9993	0.9981
813	0.9936	0.9982	0.9999	0.9997	0.9993	0.9981
814	0.9936	0.9982	0.9999	0.9997	0.9993	0.9981
815	0.9936	0.9982	0.9999	0.9997	0.9993	0.9981
816	0.9936	0.9982	0.9999	0.9997	0.9993	0.9981
817	0.9936	0.9982	0.9999	0.9997	0.9993	0.9981
818	0.9936	0.9982	0.9999	0.9997	0.9993	0.9981
819	0.9936	0.9982	0.9999	0.9997	0.9993	0.9981
820	0.9936	0.9983	0.9999	0.9997	0.9993	0.9981
821	0.9936	0.9983	0.9999	0.9997	0.9993	0.9981
822	0.9936	0.9983	0.9999	0.9997	0.9993	0.9981
823	0.9936	0.9983	0.9999	0.9997	0.9993	0.9981
824	0.9936	0.9983	0.9999	0.9997	0.9993	0.9981
825	0.9936	0.9983	0.9999	0.9997	0.9993	0.9981
826	0.9936	0.9983	0.9999	0.9997	0.9993	0.9981
827	0.9936	0.9983	0.9999	0.9997	0.9994	0.9981
828	0.9936	0.9983	0.9999	0.9997	0.9994	0.9981
829	0.9936	0.9983	0.9999	0.9997	0.9994	0.9981
830	0.9937	0.9983	0.9999	0.9997	0.9994	0.9981
831	0.9937	0.9983	0.9999	0.9997	0.9994	0.9981
832	0.9937	0.9983	0.9999	0.9997	0.9994	0.9981
833	0.9937	0.9983	0.9999	0.9997	0.9994	0.9981
834	0.9937	0.9983	0.9999	0.9997	0.9994	0.9981
835	0.9937	0.9983	0.9999	0.9997	0.9994	0.9981
836	0.9937	0.9983	0.9999	0.9997	0.9994	0.9981
837	0.9937	0.9983	0.9999	0.9997	0.9994	0.9981
838	0.9937	0.9983	0.9999	0.9997	0.9994	0.9981
839	0.9937	0.9983	0.9999	0.9997	0.9994	0.9981
840	0.9937	0.9983	0.9999	0.9997	0.9994	0.9981
841	0.9937	0.9983	0.9999	0.9997	0.9994	0.9981
842	0.9937	0.9983	0.9999	0.9997	0.9994	0.9981
843	0.9937	0.9983	0.9999	0.9997	0.9994	0.9981
844	0.9937	0.9983	0.9999	0.9997	0.9994	0.9981
845	0.9937	0.9983	0.9999	0.9997	0.9994	0.9981
846	0.9937	0.9983	0.9999	0.9997	0.9994	0.9981
847	0.9937	0.9983	0.9999	0.9997	0.9994	0.9981
848	0.9937	0.9984	0.9999	0.9997	0.9994	0.9981
849	0.9937	0.9984	0.9999	0.9997	0.9994	0.9981
850	0.9937	0.9984	0.9999	0.9997	0.9994	0.9981
851	0.9937	0.9984	0.9999	0.9997	0.9994	0.9981
852	0.9938	0.9984	0.9999	0.9997	0.9994	0.9981
853	0.9938	0.9984	0.9999	0.9997	0.9994	0.9981
854	0.9938	0.9984	0.9999	0.9997	0.9994	0.9981
855	0.9938	0.9984	0.9999	0.9997	0.9994	0.9981
856	0.9938	0.9984	0.9999	0.9997	0.9994	0.9981
857	0.9938	0.9984	0.9999	0.9997	0.9994	0.9981
858	0.9938	0.9984	0.9999	0.9997	0.9994	0.9981
859	0.9938	0.9984	0.9999	0.9997	0.9994	0.9981
860	0.9938	0.9984	0.9999	0.9997	0.9994	0.9981
861	0.9938	0.9984	0.9999	0.9997	0.9994	0.9981
862	0.9938	0.9984	0.9999	0.9997	0.9994	0.9981
863	0.9938	0.9984	0.9999	0.9997	0.9994	0.9981
864	0.9938	0.9984	0.9999	0.9997	0.9994	0.9981
865	0.9938	0.9984	0.9999	0.9997	0.9994	0.9981
866	0.9938	0.9984	0.9999	0.9997	0.9994	0.9981
867	0.9938	0.9984	0.9999	0.9997	0.9994	0.9981
868	0.9938	0.9984	0.9999	0.9997	0.9994	0.9981
869	0.9938	0.9984	0.9999	0.9997	0.9994	0.9981
870	0.9938	0.9984	0.9999	0.9997	0.9994	0.9981
871	0.9938	0.9984	0.9999	0.9997	0.9994	0.9981
872	0.9938	0.9984	0.9999	0.9997	0.9994	0.9981
873	0.9938	0.9985	0.9999	0.9997	0.9994	0.9981
874	0.9938	0.9985	0.9999	0.9997	0.9994	0.9981
875	0.9938	0.9985	0.9999	0.9997	0.9994	0.9981
876	0.9938	0.9985	0.9999	0.9997	0.9994	0.9981
877	0.9939	0.9985	0.9999	0.9997	0.9994	0.9981
878	0.9939	0.9985	0.9999	0.9997	0.9994	0.9981
879	0.9939	0.9985	0.9999	0.9997	0.9994	0.9981
880	0.9939	0.9985	0.9999	0.9997	0.9994	0.9981
881	0.9939	0.9985	0.9999	0.9997	0.9994	0.9981
882	0.9939	0.9985	0.9999	0.9997	0.9994	0.9981
883	0.9939	0.9985	0.9999	0.9997	0.9994	0.9981
884	0.9939	0.9985	0.9999	0.9997	0.9994	0.9981
885	0.9939	0.9985	0.9999	0.9997	0.9994	0.9981
886	0.9939	0.9985	0.9999	0.9997	0.9994	0.9981
887	0.9939	0.9985	0.9999	0.9997	0.9994	0.9981
888	0.9939	0.9985	0.9999	0.9997	0.9994	0.9981
889	0.9939	0.9985	0.9999	0.9997	0.9994	0.9982
890	0.9939	0.9985	0.9999	0.9997	0.9994	0.9982
891	0.9939	0.9985	0.9999	0.9997	0.9994	0.9982
892	0.9939	0.9985	0.9999	0.9997	0.9994	0.9982
893	0.9939	0.9985	0.9999	0.9997	0.9994	0.9982
894	0.9939	0.9985	0.9999	0.9997	0.9994	0.9982
895	0.9939	0.9985	0.9999	0.9997	0.9994	0.9982
896	0.9939	0.9985	0.9999	0.9997	0.9995	0.9982
897	0.9939	0.9985	0.9999	0.9997	0.9995	0.9982
898	0.9939	0.9985	0.9999	0.9997	0.9995	0.9982
899	0.9940	0.9985	0.9999	0.9997	0.9995	0.9982
900	0.9940	0.9985	0.9999	0.9997	0.9995	0.9982
901	0.9940	0.9985	0.9999	0.9997	0.9995	0.9982
902	0.9940	0.9986	0.9999	0.9997	0.9995	0.9982
903	0.9940	0.9986	0.9999	0.9997	0.9995	0.9982
904	0.9940	0.9986	0.9999	0.9997	0.9995	0.9982
905	0.9940	0.9986	0.9999	0.9997	0.9995	0.9982
906	0.9940	0.9986	0.9999	0.9997	0.9995	0.9982
907	0.9940	0.9986	0.9999	0.9997	0.9995	0.9982
908	0.9940	0.9986	0.9999	0.9997	0.9995	0.9982
909	0.9940	0.9986	0.9999	0.9997	0.9995	0.9982
910	0.9940	0.9986	0.9999	0.9997	0.9995	0.9982
911	0.9940	0.9986	0.9999	0.9997	0.9995	0.9982
912	0.9940	0.9986	0.9999	0.9997	0.9995	0.9982
913	0.9940	0.9986	0.9999	0.9997	0.9995	0.9982
914	0.9940	0.9986	0.9999	0.9997	0.9995	0.9982
915	0.9940	0.9986	0.9999	0.9997	0.9995	0.9982
916	0.9940	0.9986	0.9999	0.9997	0.9995	0.9982
917	0.9940	0.9986	0.9999	0.9997	0.9995	0.9982
918	0.9940	0.9986	0.9999	0.9997	0.9995	0.9982
919	0.9941	0.9986	0.9999	0.9997	0.9995	0.9982
920	0.9941	0.9986	0.9999	0.9997	0.9995	0.9982
921	0.9941	0.9986	0.9999	0.9997	0.9995	0.9982
922	0.9941	0.9986	0.9999	0.9997	0.9995	0.9982
923	0.9941	0.9986	0.9999	0.9997	0.9995	0.9982
924	0.9941	0.9986	0.9999	0.9997	0.9995	0.9982
925	0.9941	0.9986	0.9999	0.9997	0.9995	0.9982
926	0.9941	0.9986	0.9999	0.9997	0.9995	0.9982
927	0.9941	0.9986	0.9999	0.9997	0.9995	0.9982
928	0.9941	0.9986	0.9999	0.9997	0.9995	0.9982
929	0.9941	0.9986	0.9999	0.9997	0.9995	0.9982
930	0.9941	0.9986	0.9999	0.9997	0.9995	0.9982
931	0.9941	0.9986	0.9999	0.9997	0.9995	0.9982
932	0.9941	0.9986	0.9999	0.9997	0.9995	0.9982
933	0.9941	0.9986	0.9999	0.9997	0.9995	0.9982
934	0.9941	0.9986	0.9999	0.9997	0.9995	0.9982
935	0.9941	0.9987	0.9999	0.9997	0.9995	0.9982
936	0.9941	0.9987	0.9999	0.9997	0.9995	0.9982
937	0.9941	0.9987	0.9999	0.9997	0.9995	0.9982
938	0.9941	0.9987	0.9999	0.9997	0.9995	0.9982
939	0.9942	0.9987	0.9999	0.9997	0.9995	0.9982
940	0.9942	0.9987	0.9999	0.9997	0.9995	0.9982
941	0.9942	0.9987	0.9999	0.9997	0.9995	0.9982
942	0.9942	0.9987	0.9999	0.9997	0.9995	0.9982
943	0.9942	0.9987	0.9999	0.9997	0.9995	0.9982
944	0.9942	0.9987	0.9999	0.9997	0.9995	0.9982
945	0.9942	0.9987	0.9999	0.9997	0.9995	0.9982
946	0.9942	0.9987	0.9999	0.9997	0.9995	0.9982
947	0.9942	0.9987	0.9999	0.9997	0.9995	0.9982
948	0.9942	0.9987	0.9999	0.9997	0.9995	0.9982
949	0.9942	0.9987	0.9999	0.9997	0.9995	0.9982
950	0.9942	0.9987	0.9999	0.9997	0.9995	0.9982
951	0.9942	0.9987	0.9999	0.9997	0.9995	0.9982
952	0.9942	0.9987	0.9999	0.9997	0.9995	0.9982
953	0.9942	0.9987	0.9999	0.9997	0.9995	0.9982
954	0.9942	0.9987	0.9999	0.9997	0.9995	0.9982
955	0.9942	0.9987	0.9999	0.9997	0.9995	0.9982
956	0.9942	0.9987	0.9999	0.9997	0.9995	0.9982
957	0.9942	0.9987	0.9999	0.9997	0.9995	0.9982
958	0.9942	0.9987	0.9999	0.9997	0.9995	0.9982
959	0.9942	0.9987	0.9999	0.9997	0.9995	0.9982
960	0.9942	0.9987	0.9999	0.9997	0.9995	0.9982
961	0.9943	0.9987	0.9999	0.9997	0.9995	0.9982
962	0.9943	0.9987	0.9999	0.9997	0.9995	0.9982
963	0.9943	0.9987	0.9999	0.9997	0.9995	0.9982
964	0.9943	0.9987	0.9999	0.9997	0.9995	0.9982
965	0.9943	0.9987	0.9999	0.9997	0.9995	0.9982
966	0.9943	0.9987	0.9999	0.9997	0.9995	0.9982
967	0.9943	0.9987	0.9999	0.9997	0.9995	0.9982
968	0.9943	0.9987	0.9999	0.9997	0.9995	0.9982
969	0.9943	0.9987	0.9999	0.9997	0.9995	0.9982
970	0.9943	0.9987	0.9999	0.9997	0.9995	0.9983
971	0.9943	0.9987	0.9999	0.9997	0.9995	0.9983
972	0.9943	0.9988	0.9999	0.9997	0.9996	0.9983
973	0.9943	0.9988	0.9999	0.9997	0.9996	0.9983
974	0.9943	0.9988	0.9999	0.9997	0.9996	0.9983
975	0.9943	0.9988	0.9999	0.9997	0.9996	0.9983
976	0.9943	0.9988	0.9999	0.9997	0.9996	0.9983
977	0.9943	0.9988	0.9999	0.9997	0.9996	0.9983
978	0.9943	0.9988	0.9999	0.9997	0.9996	0.9983
979	0.9943	0.9988	0.9999	0.9997	0.9996	0.9983
980	0.9943	0.9988	0.9999	0.9997	0.9996	0.9983
981	0.9943	0.9988	0.9999	0.9997	0.9996	0.9983
982	0.9943	0.9988	0.9999	0.9997	0.9996	0.9983
983	0.9943	0.9988	0.9999	0.9997	0.9996	0.9983
984	0.9944	0.9988	0.9999	0.9997	0.9996	0.9983
985	0.9944	0.9988	0.9999	0.9997	0.9996	0.9983
986	0.9944	0.9988	0.9999	0.9997	0.9996	0.9983
987	0.9944	0.9988	0.9999	0.9997	0.9996	0.9983
988	0.9944	0.9988	0.9999	0.9997	0.9996	0.9983
989	0.9944	0.9988	0.9999	0.9997	0.9996	0.9983
990	0.9944	0.9988	0.9999	0.9997	0.9996	0.9983
991	0.9944	0.9988	0.9999	0.9997	0.9996	0.9983
992	0.9944	0.9988	0.9999	0.9997	0.9996	0.9983
993	0.9944	0.9988	0.9999	0.9997	0.9996	0.9983
994	0.9944	0.9988	0.9999	0.9997	0.9996	0.9983
995	0.9944	0.9988	0.9999	0.9997	0.9996	0.9983
996	0.9944	0.9988	0.9999	0.9997	0.9996	0.9983
997	0.9944	0.9988	0.9999	0.9997	0.9996	0.9983
998	0.9944	0.9988	0.9999	0.9997	0.9996	0.9983
999	0.9944	0.9988	0.9999	0.9997	0.9996	0.9983
1000	0.9944	0.9988	0.9999	0.9997	0.9996	0.9983
1001	0.9944	0.9988	0.9999	0.9997	0.9996	0.9983
1002	0.9944	0.9988	0.9999	0.9997	0.9996	0.9983
1003	0.9945	0.9988	0.9999	0.9997	0.9996	0.9983
1004	0.9945	0.9988	0.9999	0.9997	0.9996	0.9983
1005	0.9945	0.9988	0.9999	0.9997	0.9996	0.9983
1006	0.9945	0.9988	0.9999	0.9997	0.9996	0.9983
1007	0.9945	0.9988	0.9999	0.9997	0.9996	0.9983
1008	0.9945	0.9988	0.9999	0.9997	0.9996	0.9983
1009	0.9945	0.9989	0.9999	0.9997	0.9996	0.9983
1010	0.9945	0.9989	0.9999	0.9997	0.9996	0.9983
1011	0.9945	0.9989	0.9999	0.9997	0.9996	0.9983
1012	0.9945	0.9989	0.9999	0.9997	0.9996	0.9983
1013	0.9945	0.9989	0.9999	0.9997	0.9996	0.9983
1014	0.9945	0.9989	0.9999	0.9997	0.9996	0.9983
1015	0.9945	0.9989	0.9999	0.9997	0.9996	0.9983
1016	0.9945	0.9989	0.9999	0.9997	0.9996	0.9983
1017	0.9945	0.9989	0.9999	0.9997	0.9996	0.9983
1018	0.9945	0.9989	0.9999	0.9997	0.9996	0.9983
1019	0.9945	0.9989	0.9999	0.9997	0.9996	0.9983
1020	0.9945	0.9989	0.9999	0.9997	0.9996	0.9983
1021	0.9945	0.9989	0.9999	0.9997	0.9996	0.9983
1022	0.9945	0.9989	0.9999	0.9997	0.9996	0.9983
1023	0.9945	0.9989	0.9999	0.9997	0.9996	0.9983
1024	0.9945	0.9989	0.9999	0.9997	0.9996	0.9983
1025	0.9945	0.9989	0.9999	0.9997	0.9996	0.9983
1026	0.9945	0.9989	0.9999	0.9997	0.9996	0.9983
1027	0.9946	0.9989	0.9999	0.9997	0.9996	0.9983
1028	0.9946	0.9989	0.9999	0.9997	0.9996	0.9983
1029	0.9946	0.9989	0.9999	0.9997	0.9996	0.9983
1030	0.9946	0.9989	0.9999	0.9997	0.9996	0.9983
1031	0.9946	0.9989	0.9999	0.9997	0.9996	0.9983
1032	0.9946	0.9989	0.9999	0.9997	0.9996	0.9983
1033	0.9946	0.9989	0.9999	0.9997	0.9996	0.9983
1034	0.9946	0.9989	0.9999	0.9997	0.9996	0.9983
1035	0.9946	0.9989	0.9999	0.9997	0.9996	0.9983
1036	0.9946	0.9989	0.9999	0.9997	0.9996	0.9983
1037	0.9946	0.9989	0.9999	0.9997	0.9996	0.9983
1038	0.9946	0.9989	0.9999	0.9997	0.9996	0.9983
1039	0.9946	0.9989	0.9999	0.9997	0.9996	0.9983
1040	0.9946	0.9989	0.9999	0.9997	0.9996	0.9983
1041	0.9946	0.9989	0.9999	0.9997	0.9996	0.9983
1042	0.9946	0.9989	0.9999	0.9997	0.9996	0.9983
1043	0.9946	0.9989	0.9999	0.9997	0.9996	0.9983
1044	0.9946	0.9989	0.9999	0.9997	0.9996	0.9983
1045	0.9946	0.9989	0.9999	0.9997	0.9996	0.9983
1046	0.9946	0.9989	0.9999	0.9997	0.9996	0.9983
1047	0.9946	0.9989	0.9999	0.9997	0.9996	0.9983
1048	0.9946	0.9989	0.9999	0.9997	0.9996	0.9983
1049	0.9947	0.9990	0.9999	0.9997	0.9996	0.9983
1050	0.9947	0.9990	0.9999	0.9997	0.9996	0.9983
1051	0.9947	0.9990	0.9999	0.9997	0.9996	0.9983
1052	0.9947	0.9990	0.9999	0.9997	0.9996	0.9983
1053	0.9947	0.9990	0.9999	0.9997	0.9996	0.9983
1054	0.9947	0.9990	0.9999	0.9997	0.9996	0.9983
1055	0.9947	0.9990	0.9999	0.9997	0.9996	0.9983
1056	0.9947	0.9990	0.9999	0.9997	0.9996	0.9983
1057	0.9947	0.9990	0.9999	0.9997	0.9996	0.9984
1058	0.9947	0.9990	0.9999	0.9997	0.9996	0.9984
1059	0.9947	0.9990	0.9999	0.9997	0.9996	0.9984
1060	0.9947	0.9990	0.9999	0.9997	0.9996	0.9984
1061	0.9947	0.9990	0.9999	0.9997	0.9996	0.9984
1062	0.9947	0.9990	0.9999	0.9997	0.9996	0.9984
1063	0.9947	0.9990	0.9999	0.9997	0.9997	0.9984
1064	0.9947	0.9990	0.9999	0.9997	0.9997	0.9984
1065	0.9947	0.9990	0.9999	0.9997	0.9997	0.9984
1066	0.9947	0.9990	0.9999	0.9997	0.9997	0.9984
1067	0.9947	0.9990	0.9999	0.9997	0.9997	0.9984
1068	0.9948	0.9990	0.9999	0.9997	0.9997	0.9984
1069	0.9948	0.9990	0.9999	0.9997	0.9997	0.9984
1070	0.9948	0.9990	0.9999	0.9997	0.9997	0.9984
1071	0.9948	0.9990	0.9999	0.9997	0.9997	0.9984
1072	0.9948	0.9990	0.9999	0.9997	0.9997	0.9984
1073	0.9948	0.9990	0.9999	0.9997	0.9997	0.9984
1074	0.9948	0.9990	0.9999	0.9997	0.9997	0.9984
1075	0.9948	0.9990	0.9999	0.9997	0.9997	0.9984
1076	0.9948	0.9990	0.9999	0.9997	0.9997	0.9984
1077	0.9948	0.9990	0.9999	0.9997	0.9997	0.9984
1078	0.9948	0.9990	0.9999	0.9997	0.9997	0.9984
1079	0.9948	0.9990	0.9999	0.9997	0.9997	0.9984
1080	0.9948	0.9990	0.9999	0.9997	0.9997	0.9984
1081	0.9948	0.9990	0.9999	0.9997	0.9997	0.9984
1082	0.9948	0.9990	0.9999	0.9997	0.9997	0.9984
1083	0.9948	0.9990	0.9999	0.9997	0.9997	0.9984
1084	0.9948	0.9990	0.9999	0.9997	0.9997	0.9984
1085	0.9948	0.9990	0.9999	0.9997	0.9997	0.9984
1086	0.9948	0.9990	0.9999	0.9997	0.9997	0.9984
1087	0.9948	0.9990	0.9999	0.9997	0.9997	0.9984
1088	0.9948	0.9990	0.9999	0.9997	0.9997	0.9984
1089	0.9948	0.9990	0.9999	0.9997	0.9997	0.9984
1090	0.9948	0.9990	0.9999	0.9997	0.9997	0.9984
1091	0.9948	0.9990	0.9999	0.9997	0.9997	0.9984
1092	0.9948	0.9990	0.9999	0.9997	0.9997	0.9984
1093	0.9948	0.9990	0.9999	0.9997	0.9997	0.9984
1094	0.9949	0.9991	0.9999	0.9997	0.9997	0.9984
1095	0.9949	0.9991	0.9999	0.9997	0.9997	0.9984
1096	0.9949	0.9991	0.9999	0.9997	0.9997	0.9984
1097	0.9949	0.9991	0.9999	0.9997	0.9997	0.9984
1098	0.9949	0.9991	0.9999	0.9997	0.9997	0.9984
1099	0.9949	0.9991	0.9999	0.9997	0.9997	0.9984
1100	0.9949	0.9991	0.9999	0.9997	0.9997	0.9984
1101	0.9949	0.9991	0.9999	0.9997	0.9997	0.9984
1102	0.9949	0.9991	0.9999	0.9997	0.9997	0.9984
1103	0.9949	0.9991	0.9999	0.9997	0.9997	0.9984
1104	0.9949	0.9991	0.9999	0.9997	0.9997	0.9984
1105	0.9949	0.9991	0.9999	0.9997	0.9997	0.9984
1106	0.9949	0.9991	0.9999	0.9997	0.9997	0.9984
1107	0.9949	0.9991	0.9999	0.9997	0.9997	0.9984
1108	0.9949	0.9991	0.9999	0.9997	0.9997	0.9984
1109	0.9949	0.9991	0.9999	0.9997	0.9997	0.9984
1110	0.9949	0.9991	0.9999	0.9997	0.9997	0.9984
1111	0.9949	0.9991	0.9999	0.9997	0.9997	0.9984
1112	0.9949	0.9991	0.9999	0.9997	0.9997	0.9984
1113	0.9949	0.9991	0.9999	0.9997	0.9997	0.9984
1114	0.9949	0.9991	0.9999	0.9997	0.9997	0.9984
1115	0.9949	0.9991	0.9999	0.9997	0.9997	0.9984
1116	0.9950	0.9991	0.9999	0.9997	0.9997	0.9984
1117	0.9950	0.9991	0.9999	0.9997	0.9997	0.9984
1118	0.9950	0.9991	0.9999	0.9997	0.9997	0.9984
1119	0.9950	0.9991	0.9999	0.9997	0.9997	0.9984
1120	0.9950	0.9991	0.9999	0.9997	0.9997	0.9984
1121	0.9950	0.9991	0.9999	0.9997	0.9997	0.9984
1122	0.9950	0.9991	0.9999	0.9997	0.9997	0.9984
1123	0.9950	0.9991	0.9999	0.9997	0.9997	0.9984
1124	0.9950	0.9991	0.9999	0.9997	0.9997	0.9984
1125	0.9950	0.9991	0.9999	0.9997	0.9997	0.9984
1126	0.9950	0.9991	0.9999	0.9997	0.9997	0.9984
1127	0.9950	0.9991	0.9999	0.9997	0.9997	0.9984
1128	0.9950	0.9991	0.9999	0.9997	0.9997	0.9984
1129	0.9950	0.9991	0.9999	0.9997	0.9997	0.9984
1130	0.9950	0.9991	0.9999	0.9997	0.9997	0.9984
1131	0.9950	0.9991	0.9999	0.9997	0.9997	0.9984
1132	0.9950	0.9991	0.9999	0.9997	0.9997	0.9984
1133	0.9950	0.9991	0.9999	0.9997	0.9997	0.9984
1134	0.9950	0.9991	0.9999	0.9997	0.9997	0.9984
1135	0.9950	0.9991	0.9999	0.9997	0.9997	0.9984
1136	0.9950	0.9991	0.9999	0.9997	0.9997	0.9984
1137	0.9950	0.9991	0.9999	0.9997	0.9997	0.9984
1138	0.9951	0.9991	0.9999	0.9997	0.9997	0.9984
1139	0.9951	0.9991	0.9999	0.9997	0.9997	0.9984
1140	0.9951	0.9991	0.9999	0.9997	0.9997	0.9984
1141	0.9951	0.9991	0.9999	0.9997	0.9997	0.9984
1142	0.9951	0.9991	0.9999	0.9997	0.9997	0.9984
1143	0.9951	0.9991	0.9999	0.9997	0.9997	0.9984
1144	0.9951	0.9991	0.9999	0.9997	0.9997	0.9984
1145	0.9951	0.9991	0.9999	0.9997	0.9997	0.9984
1146	0.9951	0.9991	0.9999	0.9997	0.9997	0.9985
1147	0.9951	0.9991	0.9999	0.9997	0.9997	0.9985
1148	0.9951	0.9991	0.9999	0.9997	0.9997	0.9985
1149	0.9951	0.9991	0.9999	0.9997	0.9997	0.9985
1150	0.9951	0.9991	0.9999	0.9997	0.9997	0.9985
1151	0.9951	0.9991	0.9999	0.9997	0.9997	0.9985
1152	0.9951	0.9991	0.9999	0.9997	0.9997	0.9985
1153	0.9951	0.9991	0.9999	0.9997	0.9997	0.9985
1154	0.9951	0.9991	0.9999	0.9997	0.9997	0.9985
1155	0.9951	0.9992	0.9999	0.9997	0.9997	0.9985
1156	0.9951	0.9992	0.9999	0.9997	0.9997	0.9985
1157	0.9951	0.9992	0.9999	0.9997	0.9997	0.9985
1158	0.9951	0.9992	0.9999	0.9997	0.9997	0.9985
1159	0.9951	0.9992	0.9999	0.9997	0.9997	0.9985
1160	0.9951	0.9992	0.9999	0.9997	0.9997	0.9985
1161	0.9951	0.9992	0.9999	0.9997	0.9997	0.9985
1162	0.9951	0.9992	0.9999	0.9997	0.9997	0.9985
1163	0.9951	0.9992	0.9999	0.9997	0.9997	0.9985
1164	0.9951	0.9992	0.9999	0.9997	0.9997	0.9985
1165	0.9951	0.9992	0.9999	0.9997	0.9997	0.9985
1166	0.9951	0.9992	0.9999	0.9997	0.9997	0.9985
1167	0.9951	0.9992	0.9999	0.9997	0.9997	0.9985
1168	0.9951	0.9992	0.9999	0.9997	0.9997	0.9985
1169	0.9952	0.9992	0.9999	0.9997	0.9997	0.9985
1170	0.9952	0.9992	0.9999	0.9997	0.9997	0.9985
1171	0.9952	0.9992	0.9999	0.9997	0.9997	0.9985
1172	0.9952	0.9992	0.9999	0.9997	0.9997	0.9985
1173	0.9952	0.9992	0.9999	0.9997	0.9997	0.9985
1174	0.9952	0.9992	0.9999	0.9997	0.9997	0.9985
1175	0.9952	0.9992	0.9999	0.9997	0.9997	0.9985
1176	0.9952	0.9992	0.9999	0.9997	0.9997	0.9985
1177	0.9952	0.9992	0.9999	0.9997	0.9997	0.9985
1178	0.9952	0.9992	0.9999	0.9997	0.9997	0.9985
1179	0.9952	0.9992	0.9999	0.9997	0.9997	0.9985
1180	0.9952	0.9992	0.9999	0.9997	0.9997	0.9985
1181	0.9952	0.9992	0.9999	0.9997	0.9997	0.9985
1182	0.9952	0.9992	0.9999	0.9997	0.9997	0.9985
1183	0.9952	0.9992	0.9999	0.9997	0.9997	0.9985
1184	0.9952	0.9992	0.9999	0.9997	0.9997	0.9985
1185	0.9952	0.9992	0.9999	0.9997	0.9997	0.9985
1186	0.9952	0.9992	0.9999	0.9997	0.9997	0.9985
1187	0.9952	0.9992	0.9999	0.9997	0.9997	0.9985
1188	0.9952	0.9992	0.9999	0.9997	0.9997	0.9985
1189	0.9952	0.9992	0.9999	0.9997	0.9997	0.9985
1190	0.9952	0.9992	0.9999	0.9997	0.9997	0.9985
1191	0.9952	0.9992	0.9999	0.9998	0.9997	0.9985
1192	0.9952	0.9992	0.9999	0.9998	0.9997	0.9985
1193	0.9952	0.9992	0.9999	0.9998	0.9997	0.9985
1194	0.9953	0.9992	0.9999	0.9998	0.9997	0.9985
1195	0.9953	0.9992	0.9999	0.9998	0.9997	0.9985
1196	0.9953	0.9992	0.9999	0.9998	0.9997	0.9985
1197	0.9953	0.9992	0.9999	0.9998	0.9997	0.9985
1198	0.9953	0.9992	0.9999	0.9998	0.9997	0.9985
1199	0.9953	0.9992	0.9999	0.9998	0.9997	0.9985
1200	0.9953	0.9992	0.9999	0.9998	0.9997	0.9985
1201	0.9953	0.9992	0.9999	0.9998	0.9997	0.9985
1202	0.9953	0.9992	0.9999	0.9998	0.9997	0.9985
1203	0.9953	0.9992	0.9999	0.9998	0.9997	0.9985
1204	0.9953	0.9992	0.9999	0.9998	0.9997	0.9985
1205	0.9953	0.9992	0.9999	0.9998	0.9997	0.9985
1206	0.9953	0.9992	0.9999	0.9998	0.9997	0.9985
1207	0.9953	0.9992	0.9999	0.9998	0.9997	0.9985
1208	0.9953	0.9992	0.9999	0.9998	0.9997	0.9985
1209	0.9953	0.9992	0.9999	0.9998	0.9997	0.9985
1210	0.9953	0.9992	0.9999	0.9998	0.9997	0.9985
1211	0.9953	0.9992	0.9999	0.9998	0.9997	0.9985
1212	0.9953	0.9992	0.9999	0.9998	0.9997	0.9985
1213	0.9953	0.9992	0.9999	0.9998	0.9997	0.9985
1214	0.9953	0.9992	0.9999	0.9998	0.9997	0.9985
1215	0.9953	0.9992	0.9999	0.9998	0.9997	0.9985
1216	0.9953	0.9992	0.9999	0.9998	0.9997	0.9985
1217	0.9953	0.9992	0.9999	0.9998	0.9997	0.9985
1218	0.9953	0.9992	0.9999	0.9998	0.9997	0.9985
1219	0.9953	0.9992	0.9999	0.9998	0.9997	0.9985
1220	0.9953	0.9992	0.9999	0.9998	0.9997	0.9985
1221	0.9953	0.9992	0.9999	0.9998	0.9997	0.9985
1222	0.9953	0.9992	0.9999	0.9998	0.9997	0.9985
1223	0.9953	0.9992	0.9999	0.9998	0.9997	0.9985
1224	0.9954	0.9992	0.9999	0.9998	0.9997	0.9985
1225	0.9954	0.9992	0.9999	0.9998	0.9997	0.9985
1226	0.9954	0.9992	0.9999	0.9998	0.9997	0.9985
1227	0.9954	0.9992	0.9999	0.9998	0.9997	0.9985
1228	0.9954	0.9992	0.9999	0.9998	0.9997	0.9985
1229	0.9954	0.9992	0.9999	0.9998	0.9997	0.9985
1230	0.9954	0.9992	0.9999	0.9998	0.9997	0.9985
1231	0.9954	0.9992	0.9999	0.9998	0.9997	0.9985
1232	0.9954	0.9992	0.9999	0.9998	0.9997	0.9985
1233	0.9954	0.9992	0.9999	0.9998	0.9997	0.9985
1234	0.9954	0.9992	0.9999	0.9998	0.9997	0.9986
1235	0.9954	0.9992	0.9999	0.9998	0.9997	0.9986
1236	0.9954	0.9992	0.9999	0.9998	0.9997	0.9986
1237	0.9954	0.9992	0.9999	0.9998	0.9997	0.9986
1238	0.9954	0.9992	0.9999	0.9998	0.9997	0.9986
1239	0.9954	0.9992	0.9999	0.9998	0.9997	0.9986
1240	0.9954	0.9992	0.9999	0.9998	0.9997	0.9986
1241	0.9954	0.9992	0.9999	0.9998	0.9997	0.9986
1242	0.9954	0.9992	0.9999	0.9998	0.9997	0.9986
1243	0.9954	0.9992	0.9999	0.9998	0.9997	0.9986
1244	0.9954	0.9992	0.9999	0.9998	0.9997	0.9986
1245	0.9954	0.9992	0.9999	0.9998	0.9997	0.9986
1246	0.9954	0.9992	0.9999	0.9998	0.9997	0.9986
1247	0.9954	0.9992	0.9999	0.9998	0.9997	0.9986
1248	0.9954	0.9992	0.9999	0.9998	0.9997	0.9986
1249	0.9954	0.9992	0.9999	0.9998	0.9997	0.9986
1250	0.9954	0.9992	0.9999	0.9998	0.9997	0.9986
1251	0.9955	0.9993	0.9999	0.9998	0.9997	0.9986
1252	0.9955	0.9993	0.9999	0.9998	0.9997	0.9986
1253	0.9955	0.9993	0.9999	0.9998	0.9997	0.9986
1254	0.9955	0.9993	0.9999	0.9998	0.9997	0.9986
1255	0.9955	0.9993	0.9999	0.9998	0.9997	0.9986
1256	0.9955	0.9993	0.9999	0.9998	0.9997	0.9986
1257	0.9955	0.9993	0.9999	0.9998	0.9997	0.9986
1258	0.9955	0.9993	0.9999	0.9998	0.9998	0.9986
1259	0.9955	0.9993	0.9999	0.9998	0.9998	0.9986
1260	0.9955	0.9993	0.9999	0.9998	0.9998	0.9986
1261	0.9955	0.9993	0.9999	0.9998	0.9998	0.9986
1262	0.9955	0.9993	0.9999	0.9998	0.9998	0.9986
1263	0.9955	0.9993	0.9999	0.9998	0.9998	0.9986
1264	0.9955	0.9993	0.9999	0.9998	0.9998	0.9986
1265	0.9955	0.9993	0.9999	0.9998	0.9998	0.9986
1266	0.9955	0.9993	0.9999	0.9998	0.9998	0.9986
1267	0.9955	0.9993	0.9999	0.9998	0.9998	0.9986
1268	0.9955	0.9993	0.9999	0.9998	0.9998	0.9986
1269	0.9955	0.9993	0.9999	0.9998	0.9998	0.9986
1270	0.9955	0.9993	0.9999	0.9998	0.9998	0.9986
1271	0.9955	0.9993	0.9999	0.9998	0.9998	0.9986
1272	0.9955	0.9993	0.9999	0.9998	0.9998	0.9986
1273	0.9955	0.9993	0.9999	0.9998	0.9998	0.9986
1274	0.9955	0.9993	0.9999	0.9998	0.9998	0.9986
1275	0.9955	0.9993	0.9999	0.9998	0.9998	0.9986
1276	0.9955	0.9993	0.9999	0.9998	0.9998	0.9986
1277	0.9955	0.9993	0.9999	0.9998	0.9998	0.9986
1278	0.9956	0.9993	0.9999	0.9998	0.9998	0.9986
1279	0.9956	0.9993	0.9999	0.9998	0.9998	0.9986
1280	0.9956	0.9993	0.9999	0.9998	0.9998	0.9986
1281	0.9956	0.9993	0.9999	0.9998	0.9998	0.9986
1282	0.9956	0.9993	0.9999	0.9998	0.9998	0.9986
1283	0.9956	0.9993	0.9999	0.9998	0.9998	0.9986
1284	0.9956	0.9993	0.9999	0.9998	0.9998	0.9986
1285	0.9956	0.9993	0.9999	0.9998	0.9998	0.9986
1286	0.9956	0.9993	0.9999	0.9998	0.9998	0.9986
1287	0.9956	0.9993	0.9999	0.9998	0.9998	0.9986
1288	0.9956	0.9993	0.9999	0.9998	0.9998	0.9986
1289	0.9956	0.9993	0.9999	0.9998	0.9998	0.9986
1290	0.9956	0.9993	0.9999	0.9998	0.9998	0.9986
1291	0.9956	0.9993	0.9999	0.9998	0.9998	0.9986
1292	0.9956	0.9993	0.9999	0.9998	0.9998	0.9986
1293	0.9956	0.9993	0.9999	0.9998	0.9998	0.9986
1294	0.9956	0.9993	0.9999	0.9998	0.9998	0.9986
1295	0.9956	0.9993	0.9999	0.9998	0.9998	0.9986
1296	0.9956	0.9993	0.9999	0.9998	0.9998	0.9986
1297	0.9956	0.9993	0.9999	0.9998	0.9998	0.9986
1298	0.9956	0.9993	0.9999	0.9998	0.9998	0.9986
1299	0.9956	0.9993	0.9999	0.9998	0.9998	0.9986
1300	0.9956	0.9993	0.9999	0.9998	0.9998	0.9986
1301	0.9956	0.9993	0.9999	0.9998	0.9998	0.9986
1302	0.9956	0.9993	0.9999	0.9998	0.9998	0.9986
1303	0.9956	0.9993	0.9999	0.9998	0.9998	0.9986
1304	0.9956	0.9993	0.9999	0.9998	0.9998	0.9986
1305	0.9956	0.9993	0.9999	0.9998	0.9998	0.9986
1306	0.9956	0.9993	0.9999	0.9998	0.9998	0.9986
1307	0.9957	0.9993	0.9999	0.9998	0.9998	0.9986
1308	0.9957	0.9993	0.9999	0.9998	0.9998	0.9986
1309	0.9957	0.9993	0.9999	0.9998	0.9998	0.9986
1310	0.9957	0.9993	0.9999	0.9998	0.9998	0.9986
1311	0.9957	0.9993	0.9999	0.9998	0.9998	0.9986
1312	0.9957	0.9993	0.9999	0.9998	0.9998	0.9986
1313	0.9957	0.9993	0.9999	0.9998	0.9998	0.9986
1314	0.9957	0.9993	0.9999	0.9998	0.9998	0.9986
1315	0.9957	0.9993	0.9999	0.9998	0.9998	0.9986
1316	0.9957	0.9993	0.9999	0.9998	0.9998	0.9986
1317	0.9957	0.9993	0.9999	0.9998	0.9998	0.9986
1318	0.9957	0.9993	0.9999	0.9998	0.9998	0.9986
1319	0.9957	0.9993	0.9999	0.9998	0.9998	0.9986
1320	0.9957	0.9993	0.9999	0.9998	0.9998	0.9986
1321	0.9957	0.9993	0.9999	0.9998	0.9998	0.9986
1322	0.9957	0.9993	0.9999	0.9998	0.9998	0.9986
1323	0.9957	0.9993	0.9999	0.9998	0.9998	0.9986
1324	0.9957	0.9993	0.9999	0.9998	0.9998	0.9986
1325	0.9957	0.9993	0.9999	0.9998	0.9998	0.9986
1326	0.9957	0.9993	0.9999	0.9998	0.9998	0.9986
1327	0.9957	0.9993	0.9999	0.9998	0.9998	0.9986
1328	0.9957	0.9993	0.9999	0.9998	0.9998	0.9986
1329	0.9957	0.9993	0.9999	0.9998	0.9998	0.9986
1330	0.9957	0.9993	0.9999	0.9998	0.9998	0.9986
1331	0.9957	0.9993	0.9999	0.9998	0.9998	0.9986
1332	0.9957	0.9993	0.9999	0.9998	0.9998	0.9987
1333	0.9957	0.9993	0.9999	0.9998	0.9998	0.9987
1334	0.9957	0.9993	0.9999	0.9998	0.9998	0.9987
1335	0.9957	0.9993	0.9999	0.9998	0.9998	0.9987
1336	0.9957	0.9993	0.9999	0.9998	0.9998	0.9987
1337	0.9957	0.9993	0.9999	0.9998	0.9998	0.9987
1338	0.9958	0.9993	0.9999	0.9998	0.9998	0.9987
1339	0.9958	0.9993	0.9999	0.9998	0.9998	0.9987
1340	0.9958	0.9993	0.9999	0.9998	0.9998	0.9987
1341	0.9958	0.9993	0.9999	0.9998	0.9998	0.9987
1342	0.9958	0.9993	0.9999	0.9998	0.9998	0.9987
1343	0.9958	0.9993	0.9999	0.9998	0.9998	0.9987
1344	0.9958	0.9993	0.9999	0.9998	0.9998	0.9987
1345	0.9958	0.9993	0.9999	0.9998	0.9998	0.9987
1346	0.9958	0.9993	0.9999	0.9998	0.9998	0.9987
1347	0.9958	0.9993	0.9999	0.9998	0.9998	0.9987
1348	0.9958	0.9993	0.9999	0.9998	0.9998	0.9987
1349	0.9958	0.9993	0.9999	0.9998	0.9998	0.9987
1350	0.9958	0.9993	0.9999	0.9998	0.9998	0.9987
1351	0.9958	0.9993	0.9999	0.9998	0.9998	0.9987
1352	0.9958	0.9993	0.9999	0.9998	0.9998	0.9987
1353	0.9958	0.9993	0.9999	0.9998	0.9998	0.9987
1354	0.9958	0.9993	0.9999	0.9998	0.9998	0.9987
1355	0.9958	0.9993	0.9999	0.9998	0.9998	0.9987
1356	0.9958	0.9993	0.9999	0.9998	0.9998	0.9987
1357	0.9958	0.9993	0.9999	0.9998	0.9998	0.9987
1358	0.9958	0.9993	0.9999	0.9998	0.9998	0.9987
1359	0.9958	0.9993	0.9999	0.9998	0.9998	0.9987
1360	0.9958	0.9993	0.9999	0.9998	0.9998	0.9987
1361	0.9958	0.9993	0.9999	0.9998	0.9998	0.9987
1362	0.9958	0.9993	0.9999	0.9998	0.9998	0.9987
1363	0.9958	0.9994	0.9999	0.9998	0.9998	0.9987
1364	0.9958	0.9994	0.9999	0.9998	0.9998	0.9987
1365	0.9958	0.9994	0.9999	0.9998	0.9998	0.9987
1366	0.9958	0.9994	0.9999	0.9998	0.9998	0.9987
1367	0.9958	0.9994	0.9999	0.9998	0.9998	0.9987
1368	0.9958	0.9994	0.9999	0.9998	0.9998	0.9987
1369	0.9959	0.9994	0.9999	0.9998	0.9998	0.9987
1370	0.9959	0.9994	0.9999	0.9998	0.9998	0.9987
1371	0.9959	0.9994	0.9999	0.9998	0.9998	0.9987
1372	0.9959	0.9994	0.9999	0.9998	0.9998	0.9987
1373	0.9959	0.9994	0.9999	0.9998	0.9998	0.9987
1374	0.9959	0.9994	0.9999	0.9998	0.9998	0.9987
1375	0.9959	0.9994	0.9999	0.9998	0.9998	0.9987
1376	0.9959	0.9994	0.9999	0.9998	0.9998	0.9987
1377	0.9959	0.9994	0.9999	0.9998	0.9998	0.9987
1378	0.9959	0.9994	0.9999	0.9998	0.9998	0.9987
1379	0.9959	0.9994	0.9999	0.9998	0.9998	0.9987
1380	0.9959	0.9994	0.9999	0.9998	0.9998	0.9987
1381	0.9959	0.9994	0.9999	0.9998	0.9998	0.9987
1382	0.9959	0.9994	0.9999	0.9998	0.9998	0.9987
1383	0.9959	0.9994	0.9999	0.9998	0.9998	0.9987
1384	0.9959	0.9994	0.9999	0.9998	0.9998	0.9987
1385	0.9959	0.9994	0.9999	0.9998	0.9998	0.9987
1386	0.9959	0.9994	0.9999	0.9998	0.9998	0.9987
1387	0.9959	0.9994	0.9999	0.9998	0.9998	0.9987
1388	0.9959	0.9994	0.9999	0.9998	0.9998	0.9987
1389	0.9959	0.9994	0.9999	0.9998	0.9998	0.9987
1390	0.9959	0.9994	0.9999	0.9998	0.9998	0.9987
1391	0.9959	0.9994	0.9999	0.9998	0.9998	0.9987
1392	0.9959	0.9994	0.9999	0.9998	0.9998	0.9987
1393	0.9959	0.9994	0.9999	0.9998	0.9998	0.9987
1394	0.9959	0.9994	0.9999	0.9998	0.9998	0.9987
1395	0.9959	0.9994	0.9999	0.9998	0.9998	0.9987
1396	0.9959	0.9994	0.9999	0.9998	0.9998	0.9987
1397	0.9959	0.9994	0.9999	0.9998	0.9998	0.9987
1398	0.9959	0.9994	0.9999	0.9998	0.9998	0.9987
1399	0.9959	0.9994	0.9999	0.9998	0.9998	0.9987
1400	0.9959	0.9994	0.9999	0.9998	0.9998	0.9987
1401	0.9959	0.9994	0.9999	0.9998	0.9998	0.9987
1402	0.9959	0.9994	0.9999	0.9998	0.9998	0.9987
1403	0.9959	0.9994	0.9999	0.9998	0.9998	0.9987
1404	0.9960	0.9994	0.9999	0.9998	0.9998	0.9987
1405	0.9960	0.9994	0.9999	0.9998	0.9998	0.9987
1406	0.9960	0.9994	0.9999	0.9998	0.9998	0.9987
1407	0.9960	0.9994	0.9999	0.9998	0.9998	0.9987
1408	0.9960	0.9994	0.9999	0.9998	0.9998	0.9987
1409	0.9960	0.9994	0.9999	0.9998	0.9998	0.9987
1410	0.9960	0.9994	0.9999	0.9998	0.9998	0.9987
1411	0.9960	0.9994	0.9999	0.9998	0.9998	0.9987
1412	0.9960	0.9994	0.9999	0.9998	0.9998	0.9987
1413	0.9960	0.9994	0.9999	0.9998	0.9998	0.9987
1414	0.9960	0.9994	0.9999	0.9998	0.9998	0.9987
1415	0.9960	0.9994	0.9999	0.9998	0.9998	0.9987
1416	0.9960	0.9994	0.9999	0.9998	0.9998	0.9987
1417	0.9960	0.9994	0.9999	0.9998	0.9998	0.9987
1418	0.9960	0.9994	0.9999	0.9998	0.9998	0.9987
1419	0.9960	0.9994	0.9999	0.9998	0.9998	0.9987
1420	0.9960	0.9994	0.9999	0.9998	0.9998	0.9987
1421	0.9960	0.9994	0.9999	0.9998	0.9998	0.9987
1422	0.9960	0.9994	0.9999	0.9998	0.9998	0.9987
1423	0.9960	0.9994	0.9999	0.9998	0.9998	0.9987
1424	0.9960	0.9994	0.9999	0.9998	0.9998	0.9987
1425	0.9960	0.9994	0.9999	0.9998	0.9998	0.9987
1426	0.9960	0.9994	0.9999	0.9998	0.9998	0.9987
1427	0.9960	0.9994	0.9999	0.9998	0.9998	0.9987
1428	0.9960	0.9994	0.9999	0.9998	0.9998	0.9987
1429	0.9960	0.9994	0.9999	0.9998	0.9998	0.9987
1430	0.9960	0.9994	0.9999	0.9998	0.9998	0.9987
1431	0.9960	0.9994	0.9999	0.9998	0.9998	0.9987
1432	0.9960	0.9994	0.9999	0.9998	0.9998	0.9987
1433	0.9960	0.9994	0.9999	0.9998	0.9998	0.9987
1434	0.9960	0.9994	0.9999	0.9998	0.9998	0.9987
1435	0.9960	0.9994	0.9999	0.9998	0.9998	0.9987
1436	0.9960	0.9994	0.9999	0.9998	0.9998	0.9987
1437	0.9960	0.9994	0.9999	0.9998	0.9998	0.9987
1438	0.9961	0.9994	0.9999	0.9998	0.9998	0.9987
1439	0.9961	0.9994	0.9999	0.9998	0.9998	0.9987
1440	0.9961	0.9994	0.9999	0.9998	0.9998	0.9987
1441	0.9961	0.9994	0.9999	0.9998	0.9998	0.9987
1442	0.9961	0.9994	0.9999	0.9998	0.9998	0.9987
1443	0.9961	0.9994	0.9999	0.9998	0.9998	0.9987
1444	0.9961	0.9994	0.9999	0.9998	0.9998	0.9987
1445	0.9961	0.9994	0.9999	0.9998	0.9998	0.9988
1446	0.9961	0.9994	0.9999	0.9998	0.9998	0.9988
1447	0.9961	0.9994	0.9999	0.9998	0.9998	0.9988
1448	0.9961	0.9994	0.9999	0.9998	0.9998	0.9988
1449	0.9961	0.9994	0.9999	0.9998	0.9998	0.9988
1450	0.9961	0.9994	0.9999	0.9998	0.9998	0.9988
1451	0.9961	0.9994	0.9999	0.9998	0.9998	0.9988
1452	0.9961	0.9994	0.9999	0.9998	0.9998	0.9988
1453	0.9961	0.9994	0.9999	0.9998	0.9998	0.9988
1454	0.9961	0.9994	0.9999	0.9998	0.9998	0.9988
1455	0.9961	0.9994	0.9999	0.9998	0.9998	0.9988
1456	0.9961	0.9994	0.9999	0.9998	0.9998	0.9988
1457	0.9961	0.9994	0.9999	0.9998	0.9998	0.9988
1458	0.9961	0.9994	0.9999	0.9998	0.9998	0.9988
1459	0.9961	0.9994	0.9999	0.9998	0.9998	0.9988
1460	0.9961	0.9994	0.9999	0.9998	0.9998	0.9988
1461	0.9961	0.9994	0.9999	0.9998	0.9998	0.9988
1462	0.9961	0.9994	0.9999	0.9998	0.9998	0.9988
1463	0.9961	0.9994	0.9999	0.9998	0.9998	0.9988
1464	0.9961	0.9994	0.9999	0.9998	0.9998	0.9988
1465	0.9961	0.9994	0.9999	0.9998	0.9998	0.9988
1466	0.9961	0.9994	0.9999	0.9998	0.9998	0.9988
1467	0.9961	0.9994	0.9999	0.9998	0.9998	0.9988
1468	0.9961	0.9994	0.9999	0.9998	0.9998	0.9988
1469	0.9961	0.9994	0.9999	0.9998	0.9998	0.9988
1470	0.9961	0.9994	0.9999	0.9998	0.9998	0.9988
1471	0.9961	0.9994	0.9999	0.9998	0.9998	0.9988
1472	0.9962	0.9994	0.9999	0.9998	0.9998	0.9988
1473	0.9962	0.9994	0.9999	0.9998	0.9998	0.9988
1474	0.9962	0.9994	0.9999	0.9998	0.9998	0.9988
1475	0.9962	0.9994	0.9999	0.9998	0.9998	0.9988
1476	0.9962	0.9994	0.9999	0.9998	0.9998	0.9988
1477	0.9962	0.9994	0.9999	0.9998	0.9998	0.9988
1478	0.9962	0.9994	0.9999	0.9998	0.9998	0.9988
1479	0.9962	0.9994	0.9999	0.9998	0.9998	0.9988
1480	0.9962	0.9994	0.9999	0.9998	0.9998	0.9988
1481	0.9962	0.9994	0.9999	0.9998	0.9998	0.9988
1482	0.9962	0.9994	0.9999	0.9998	0.9998	0.9988
1483	0.9962	0.9994	0.9999	0.9998	0.9998	0.9988
1484	0.9962	0.9994	0.9999	0.9998	0.9998	0.9988
1485	0.9962	0.9994	0.9999	0.9998	0.9998	0.9988
1486	0.9962	0.9994	0.9999	0.9998	0.9998	0.9988
1487	0.9962	0.9994	0.9999	0.9998	0.9998	0.9988
1488	0.9962	0.9995	0.9999	0.9998	0.9998	0.9988
1489	0.9962	0.9995	0.9999	0.9998	0.9998	0.9988
1490	0.9962	0.9995	0.9999	0.9998	0.9998	0.9988
1491	0.9962	0.9995	0.9999	0.9998	0.9998	0.9988
1492	0.9962	0.9995	0.9999	0.9998	0.9998	0.9988
1493	0.9962	0.9995	0.9999	0.9998	0.9998	0.9988
1494	0.9962	0.9995	0.9999	0.9998	0.9998	0.9988
1495	0.9962	0.9995	0.9999	0.9998	0.9998	0.9988
1496	0.9962	0.9995	0.9999	0.9998	0.9998	0.9988
1497	0.9962	0.9995	0.9999	0.9998	0.9998	0.9988
1498	0.9962	0.9995	0.9999	0.9998	0.9998	0.9988
1499	0.9962	0.9995	0.9999	0.9998	0.9998	0.9988
1500	0.9962	0.9995	0.9999	0.9998	0.9998	0.9988
1501	0.9962	0.9995	0.9999	0.9998	0.9998	0.9988
1502	0.9962	0.9995	0.9999	0.9998	0.9998	0.9988
1503	0.9962	0.9995	0.9999	0.9998	0.9998	0.9988
1504	0.9962	0.9995	0.9999	0.9998	0.9998	0.9988
1505	0.9962	0.9995	0.9999	0.9998	0.9998	0.9988
1506	0.9962	0.9995	0.9999	0.9998	0.9998	0.9988
1507	0.9962	0.9995	0.9999	0.9998	0.9998	0.9988
1508	0.9962	0.9995	0.9999	0.9998	0.9998	0.9988
1509	0.9962	0.9995	0.9999	0.9998	0.9998	0.9988
1510	0.9962	0.9995	0.9999	0.9998	0.9998	0.9988
1511	0.9963	0.9995	0.9999	0.9998	0.9998	0.9988
1512	0.9963	0.9995	0.9999	0.9998	0.9998	0.9988
1513	0.9963	0.9995	0.9999	0.9998	0.9998	0.9988
1514	0.9963	0.9995	0.9999	0.9998	0.9998	0.9988
1515	0.9963	0.9995	0.9999	0.9998	0.9998	0.9988
1516	0.9963	0.9995	0.9999	0.9998	0.9998	0.9988
1517	0.9963	0.9995	0.9999	0.9998	0.9998	0.9988
1518	0.9963	0.9995	0.9999	0.9998	0.9998	0.9988
1519	0.9963	0.9995	0.9999	0.9998	0.9998	0.9988
1520	0.9963	0.9995	0.9999	0.9998	0.9998	0.9988
1521	0.9963	0.9995	0.9999	0.9998	0.9998	0.9988
1522	0.9963	0.9995	0.9999	0.9998	0.9998	0.9988
1523	0.9963	0.9995	0.9999	0.9998	0.9998	0.9988
1524	0.9963	0.9995	0.9999	0.9998	0.9998	0.9988
1525	0.9963	0.9995	0.9999	0.9998	0.9998	0.9988
1526	0.9963	0.9995	0.9999	0.9998	0.9998	0.9988
1527	0.9963	0.9995	0.9999	0.9998	0.9998	0.9988
1528	0.9963	0.9995	0.9999	0.9998	0.9998	0.9988
1529	0.9963	0.9995	0.9999	0.9998	0.9998	0.9988
1530	0.9963	0.9995	0.9999	0.9998	0.9998	0.9988
1531	0.9963	0.9995	0.9999	0.9998	0.9998	0.9988
1532	0.9963	0.9995	0.9999	0.9998	0.9998	0.9988
1533	0.9963	0.9995	0.9999	0.9998	0.9998	0.9988
1534	0.9963	0.9995	0.9999	0.9998	0.9998	0.9988
1535	0.9963	0.9995	0.9999	0.9998	0.9998	0.9988
1536	0.9963	0.9995	0.9999	0.9998	0.9998	0.9988
1537	0.9963	0.9995	0.9999	0.9998	0.9998	0.9988
1538	0.9963	0.9995	0.9999	0.9998	0.9998	0.9988
1539	0.9963	0.9995	0.9999	0.9998	0.9998	0.9988
1540	0.9963	0.9995	0.9999	0.9998	0.9998	0.9988
1541	0.9963	0.9995	0.9999	0.9998	0.9998	0.9988
1542	0.9963	0.9995	0.9999	0.9998	0.9998	0.9988
1543	0.9963	0.9995	0.9999	0.9998	0.9998	0.9988
1544	0.9963	0.9995	0.9999	0.9998	0.9998	0.9988
1545	0.9963	0.9995	0.9999	0.9998	0.9998	0.9988
1546	0.9963	0.9995	0.9999	0.9998	0.9998	0.9988
1547	0.9963	0.9995	0.9999	0.9998	0.9998	0.9988
1548	0.9963	0.9995	0.9999	0.9998	0.9998	0.9988
1549	0.9963	0.9995	0.9999	0.9998	0.9998	0.9988
1550	0.9963	0.9995	0.9999	0.9998	0.9998	0.9988
1551	0.9964	0.9995	0.9999	0.9998	0.9998	0.9988
1552	0.9964	0.9995	0.9999	0.9998	0.9998	0.9988
1553	0.9964	0.9995	0.9999	0.9998	0.9998	0.9988
1554	0.9964	0.9995	0.9999	0.9998	0.9998	0.9988
1555	0.9964	0.9995	0.9999	0.9998	0.9998	0.9988
1556	0.9964	0.9995	0.9999	0.9998	0.9998	0.9988
1557	0.9964	0.9995	0.9999	0.9998	0.9998	0.9988
1558	0.9964	0.9995	0.9999	0.9998	0.9998	0.9988
1559	0.9964	0.9995	0.9999	0.9998	0.9998	0.9988
1560	0.9964	0.9995	0.9999	0.9998	0.9999	0.9988
1561	0.9964	0.9995	0.9999	0.9998	0.9999	0.9988
1562	0.9964	0.9995	0.9999	0.9998	0.9999	0.9988
1563	0.9964	0.9995	0.9999	0.9998	0.9999	0.9988
1564	0.9964	0.9995	0.9999	0.9998	0.9999	0.9988
1565	0.9964	0.9995	0.9999	0.9998	0.9999	0.9988
1566	0.9964	0.9995	0.9999	0.9998	0.9999	0.9988
1567	0.9964	0.9995	0.9999	0.9998	0.9999	0.9988
1568	0.9964	0.9995	0.9999	0.9998	0.9999	0.9988
1569	0.9964	0.9995	0.9999	0.9998	0.9999	0.9988
1570	0.9964	0.9995	0.9999	0.9998	0.9999	0.9988
1571	0.9964	0.9995	0.9999	0.9998	0.9999	0.9988
1572	0.9964	0.9995	0.9999	0.9998	0.9999	0.9988
1573	0.9964	0.9995	0.9999	0.9998	0.9999	0.9988
1574	0.9964	0.9995	0.9999	0.9998	0.9999	0.9988
1575	0.9964	0.9995	0.9999	0.9998	0.9999	0.9988
1576	0.9964	0.9995	0.9999	0.9998	0.9999	0.9988
1577	0.9964	0.9995	0.9999	0.9998	0.9999	0.9988
1578	0.9964	0.9995	0.9999	0.9998	0.9999	0.9989
1579	0.9964	0.9995	0.9999	0.9998	0.9999	0.9989
1580	0.9964	0.9995	0.9999	0.9998	0.9999	0.9989
1581	0.9964	0.9995	0.9999	0.9998	0.9999	0.9989
1582	0.9964	0.9995	0.9999	0.9998	0.9999	0.9989
1583	0.9964	0.9995	0.9999	0.9998	0.9999	0.9989
1584	0.9964	0.9995	0.9999	0.9998	0.9999	0.9989
1585	0.9964	0.9995	0.9999	0.9998	0.9999	0.9989
1586	0.9964	0.9995	0.9999	0.9998	0.9999	0.9989
1587	0.9964	0.9995	0.9999	0.9998	0.9999	0.9989
1588	0.9965	0.9995	0.9999	0.9998	0.9999	0.9989
1589	0.9965	0.9995	0.9999	0.9998	0.9999	0.9989
1590	0.9965	0.9995	0.9999	0.9998	0.9999	0.9989
1591	0.9965	0.9995	0.9999	0.9998	0.9999	0.9989
1592	0.9965	0.9995	0.9999	0.9998	0.9999	0.9989
1593	0.9965	0.9995	0.9999	0.9998	0.9999	0.9989
1594	0.9965	0.9995	0.9999	0.9998	0.9999	0.9989
1595	0.9965	0.9995	0.9999	0.9998	0.9999	0.9989
1596	0.9965	0.9995	0.9999	0.9998	0.9999	0.9989
1597	0.9965	0.9995	0.9999	0.9998	0.9999	0.9989
1598	0.9965	0.9995	0.9999	0.9998	0.9999	0.9989
1599	0.9965	0.9995	0.9999	0.9998	0.9999	0.9989
1600	0.9965	0.9995	0.9999	0.9998	0.9999	0.9989
1601	0.9965	0.9995	0.9999	0.9998	0.9999	0.9989
1602	0.9965	0.9995	0.9999	0.9998	0.9999	0.9989
1603	0.9965	0.9995	0.9999	0.9998	0.9999	0.9989
1604	0.9965	0.9995	0.9999	0.9998	0.9999	0.9989
1605	0.9965	0.9995	0.9999	0.9998	0.9999	0.9989
1606	0.9965	0.9995	0.9999	0.9998	0.9999	0.9989
1607	0.9965	0.9995	0.9999	0.9998	0.9999	0.9989
1608	0.9965	0.9995	0.9999	0.9998	0.9999	0.9989
1609	0.9965	0.9995	0.9999	0.9998	0.9999	0.9989
1610	0.9965	0.9995	0.9999	0.9998	0.9999	0.9989
1611	0.9965	0.9995	1.0000	0.9998	0.9999	0.9989
1612	0.9965	0.9995	1.0000	0.9998	0.9999	0.9989
1613	0.9965	0.9995	1.0000	0.9998	0.9999	0.9989
1614	0.9965	0.9995	1.0000	0.9998	0.9999	0.9989
1615	0.9965	0.9995	1.0000	0.9998	0.9999	0.9989
1616	0.9965	0.9995	1.0000	0.9998	0.9999	0.9989
1617	0.9965	0.9995	1.0000	0.9998	0.9999	0.9989
1618	0.9965	0.9995	1.0000	0.9998	0.9999	0.9989
1619	0.9965	0.9995	1.0000	0.9998	0.9999	0.9989
1620	0.9965	0.9995	1.0000	0.9998	0.9999	0.9989
1621	0.9965	0.9995	1.0000	0.9998	0.9999	0.9989
1622	0.9965	0.9995	1.0000	0.9998	0.9999	0.9989
1623	0.9965	0.9995	1.0000	0.9998	0.9999	0.9989
1624	0.9965	0.9996	1.0000	0.9998	0.9999	0.9989
1625	0.9965	0.9996	1.0000	0.9998	0.9999	0.9989
1626	0.9965	0.9996	1.0000	0.9998	0.9999	0.9989
1627	0.9965	0.9996	1.0000	0.9998	0.9999	0.9989
1628	0.9965	0.9996	1.0000	0.9998	0.9999	0.9989
1629	0.9965	0.9996	1.0000	0.9998	0.9999	0.9989
1630	0.9966	0.9996	1.0000	0.9998	0.9999	0.9989
1631	0.9966	0.9996	1.0000	0.9998	0.9999	0.9989
1632	0.9966	0.9996	1.0000	0.9998	0.9999	0.9989
1633	0.9966	0.9996	1.0000	0.9998	0.9999	0.9989
1634	0.9966	0.9996	1.0000	0.9998	0.9999	0.9989
1635	0.9966	0.9996	1.0000	0.9998	0.9999	0.9989
1636	0.9966	0.9996	1.0000	0.9998	0.9999	0.9989
1637	0.9966	0.9996	1.0000	0.9998	0.9999	0.9989
1638	0.9966	0.9996	1.0000	0.9998	0.9999	0.9989
1639	0.9966	0.9996	1.0000	0.9998	0.9999	0.9989
1640	0.9966	0.9996	1.0000	0.9998	0.9999	0.9989
1641	0.9966	0.9996	1.0000	0.9998	0.9999	0.9989
1642	0.9966	0.9996	1.0000	0.9998	0.9999	0.9989
1643	0.9966	0.9996	1.0000	0.9998	0.9999	0.9989
1644	0.9966	0.9996	1.0000	0.9998	0.9999	0.9989
1645	0.9966	0.9996	1.0000	0.9998	0.9999	0.9989
1646	0.9966	0.9996	1.0000	0.9998	0.9999	0.9989
1647	0.9966	0.9996	1.0000	0.9998	0.9999	0.9989
1648	0.9966	0.9996	1.0000	0.9998	0.9999	0.9989
1649	0.9966	0.9996	1.0000	0.9998	0.9999	0.9989
1650	0.9966	0.9996	1.0000	0.9998	0.9999	0.9989
1651	0.9966	0.9996	1.0000	0.9998	0.9999	0.9989
1652	0.9966	0.9996	1.0000	0.9998	0.9999	0.9989
1653	0.9966	0.9996	1.0000	0.9998	0.9999	0.9989
1654	0.9966	0.9996	1.0000	0.9998	0.9999	0.9989
1655	0.9966	0.9996	1.0000	0.9998	0.9999	0.9989
1656	0.9966	0.9996	1.0000	0.9998	0.9999	0.9989
1657	0.9966	0.9996	1.0000	0.9998	0.9999	0.9989
1658	0.9966	0.9996	1.0000	0.9998	0.9999	0.9989
1659	0.9966	0.9996	1.0000	0.9998	0.9999	0.9989
1660	0.9966	0.9996	1.0000	0.9998	0.9999	0.9989
1661	0.9966	0.9996	1.0000	0.9998	0.9999	0.9989
1662	0.9966	0.9996	1.0000	0.9998	0.9999	0.9989
1663	0.9966	0.9996	1.0000	0.9998	0.9999	0.9989
1664	0.9966	0.9996	1.0000	0.9998	0.9999	0.9989
1665	0.9966	0.9996	1.0000	0.9998	0.9999	0.9989
1666	0.9966	0.9996	1.0000	0.9998	0.9999	0.9989
1667	0.9966	0.9996	1.0000	0.9998	0.9999	0.9989
1668	0.9966	0.9996	1.0000	0.9998	0.9999	0.9989
1669	0.9966	0.9996	1.0000	0.9998	0.9999	0.9989
1670	0.9966	0.9996	1.0000	0.9998	0.9999	0.9989
1671	0.9967	0.9996	1.0000	0.9998	0.9999	0.9989
1672	0.9967	0.9996	1.0000	0.9998	0.9999	0.9989
1673	0.9967	0.9996	1.0000	0.9998	0.9999	0.9989
1674	0.9967	0.9996	1.0000	0.9998	0.9999	0.9989
1675	0.9967	0.9996	1.0000	0.9998	0.9999	0.9989
1676	0.9967	0.9996	1.0000	0.9998	0.9999	0.9989
1677	0.9967	0.9996	1.0000	0.9998	0.9999	0.9989
1678	0.9967	0.9996	1.0000	0.9998	0.9999	0.9989
1679	0.9967	0.9996	1.0000	0.9998	0.9999	0.9989
1680	0.9967	0.9996	1.0000	0.9998	0.9999	0.9989
1681	0.9967	0.9996	1.0000	0.9998	0.9999	0.9989
1682	0.9967	0.9996	1.0000	0.9998	0.9999	0.9989
1683	0.9967	0.9996	1.0000	0.9998	0.9999	0.9989
1684	0.9967	0.9996	1.0000	0.9998	0.9999	0.9989
1685	0.9967	0.9996	1.0000	0.9998	0.9999	0.9989
1686	0.9967	0.9996	1.0000	0.9998	0.9999	0.9989
1687	0.9967	0.9996	1.0000	0.9998	0.9999	0.9989
1688	0.9967	0.9996	1.0000	0.9998	0.9999	0.9989
1689	0.9967	0.9996	1.0000	0.9998	0.9999	0.9989
1690	0.9967	0.9996	1.0000	0.9998	0.9999	0.9989
1691	0.9967	0.9996	1.0000	0.9998	0.9999	0.9989
1692	0.9967	0.9996	1.0000	0.9998	0.9999	0.9989
1693	0.9967	0.9996	1.0000	0.9998	0.9999	0.9989
1694	0.9967	0.9996	1.0000	0.9998	0.9999	0.9989
1695	0.9967	0.9996	1.0000	0.9998	0.9999	0.9989
1696	0.9967	0.9996	1.0000	0.9998	0.9999	0.9989
1697	0.9967	0.9996	1.0000	0.9998	0.9999	0.9989
1698	0.9967	0.9996	1.0000	0.9998	0.9999	0.9989
1699	0.9967	0.9996	1.0000	0.9998	0.9999	0.9989
1700	0.9967	0.9996	1.0000	0.9998	0.9999	0.9989
1701	0.9967	0.9996	1.0000	0.9998	0.9999	0.9989
1702	0.9967	0.9996	1.0000	0.9998	0.9999	0.9989
1703	0.9967	0.9996	1.0000	0.9998	0.9999	0.9989
1704	0.9967	0.9996	1.0000	0.9998	0.9999	0.9989
1705	0.9967	0.9996	1.0000	0.9998	0.9999	0.9989
1706	0.9967	0.9996	1.0000	0.9998	0.9999	0.9989
1707	0.9967	0.9996	1.0000	0.9998	0.9999	0.9989
1708	0.9967	0.9996	1.0000	0.9998	0.9999	0.9989
1709	0.9967	0.9996	1.0000	0.9998	0.9999	0.9989
1710	0.9967	0.9996	1.0000	0.9998	0.9999	0.9989
1711	0.9967	0.9996	1.0000	0.9998	0.9999	0.9989
1712	0.9968	0.9996	1.0000	0.9998	0.9999	0.9989
1713	0.9968	0.9996	1.0000	0.9998	0.9999	0.9989
1714	0.9968	0.9996	1.0000	0.9998	0.9999	0.9989
1715	0.9968	0.9996	1.0000	0.9998	0.9999	0.9989
1716	0.9968	0.9996	1.0000	0.9998	0.9999	0.9989
1717	0.9968	0.9996	1.0000	0.9998	0.9999	0.9989
1718	0.9968	0.9996	1.0000	0.9998	0.9999	0.9989
1719	0.9968	0.9996	1.0000	0.9998	0.9999	0.9989
1720	0.9968	0.9996	1.0000	0.9998	0.9999	0.9989
1721	0.9968	0.9996	1.0000	0.9998	0.9999	0.9989
1722	0.9968	0.9996	1.0000	0.9998	0.9999	0.9989
1723	0.9968	0.9996	1.0000	0.9998	0.9999	0.9989
1724	0.9968	0.9996	1.0000	0.9998	0.9999	0.9989
1725	0.9968	0.9996	1.0000	0.9998	0.9999	0.9989
1726	0.9968	0.9996	1.0000	0.9998	0.9999	0.9989
1727	0.9968	0.9996	1.0000	0.9998	0.9999	0.9989
1728	0.9968	0.9996	1.0000	0.9998	0.9999	0.9989
1729	0.9968	0.9996	1.0000	0.9998	0.9999	0.9989
1730	0.9968	0.9996	1.0000	0.9998	0.9999	0.9989
1731	0.9968	0.9996	1.0000	0.9998	0.9999	0.9989
1732	0.9968	0.9996	1.0000	0.9998	0.9999	0.9989
1733	0.9968	0.9996	1.0000	0.9998	0.9999	0.9989
1734	0.9968	0.9996	1.0000	0.9998	0.9999	0.9989
1735	0.9968	0.9996	1.0000	0.9998	0.9999	0.9989
1736	0.9968	0.9996	1.0000	0.9998	0.9999	0.9989
1737	0.9968	0.9996	1.0000	0.9998	0.9999	0.9989
1738	0.9968	0.9996	1.0000	0.9998	0.9999	0.9989
1739	0.9968	0.9996	1.0000	0.9998	0.9999	0.9989
1740	0.9968	0.9996	1.0000	0.9998	0.9999	0.9989
1741	0.9968	0.9996	1.0000	0.9998	0.9999	0.9989
1742	0.9968	0.9996	1.0000	0.9998	0.9999	0.9989
1743	0.9968	0.9996	1.0000	0.9998	0.9999	0.9989
1744	0.9968	0.9996	1.0000	0.9998	0.9999	0.9989
1745	0.9968	0.9996	1.0000	0.9998	0.9999	0.9989
1746	0.9968	0.9996	1.0000	0.9998	0.9999	0.9990
1747	0.9968	0.9996	1.0000	0.9998	0.9999	0.9990
1748	0.9968	0.9996	1.0000	0.9998	0.9999	0.9990
1749	0.9968	0.9996	1.0000	0.9998	0.9999	0.9990
1750	0.9968	0.9996	1.0000	0.9998	0.9999	0.9990
1751	0.9968	0.9996	1.0000	0.9998	0.9999	0.9990
1752	0.9968	0.9996	1.0000	0.9998	0.9999	0.9990
1753	0.9968	0.9996	1.0000	0.9998	0.9999	0.9990
1754	0.9968	0.9996	1.0000	0.9998	0.9999	0.9990
1755	0.9968	0.9996	1.0000	0.9998	0.9999	0.9990
1756	0.9968	0.9996	1.0000	0.9998	0.9999	0.9990
1757	0.9968	0.9996	1.0000	0.9998	0.9999	0.9990
1758	0.9968	0.9997	1.0000	0.9998	0.9999	0.9990
1759	0.9968	0.9997	1.0000	0.9998	0.9999	0.9990
1760	0.9968	0.9997	1.0000	0.9998	0.9999	0.9990
1761	0.9969	0.9997	1.0000	0.9998	0.9999	0.9990
1762	0.9969	0.9997	1.0000	0.9998	0.9999	0.9990
1763	0.9969	0.9997	1.0000	0.9998	0.9999	0.9990
1764	0.9969	0.9997	1.0000	0.9998	0.9999	0.9990
1765	0.9969	0.9997	1.0000	0.9998	0.9999	0.9990
1766	0.9969	0.9997	1.0000	0.9998	0.9999	0.9990
1767	0.9969	0.9997	1.0000	0.9998	0.9999	0.9990
1768	0.9969	0.9997	1.0000	0.9998	0.9999	0.9990
1769	0.9969	0.9997	1.0000	0.9998	0.9999	0.9990
1770	0.9969	0.9997	1.0000	0.9998	0.9999	0.9990
1771	0.9969	0.9997	1.0000	0.9998	0.9999	0.9990
1772	0.9969	0.9997	1.0000	0.9998	0.9999	0.9990
1773	0.9969	0.9997	1.0000	0.9998	0.9999	0.9990
1774	0.9969	0.9997	1.0000	0.9998	0.9999	0.9990
1775	0.9969	0.9997	1.0000	0.9998	0.9999	0.9990
1776	0.9969	0.9997	1.0000	0.9998	0.9999	0.9990
1777	0.9969	0.9997	1.0000	0.9998	0.9999	0.9990
1778	0.9969	0.9997	1.0000	0.9998	0.9999	0.9990
1779	0.9969	0.9997	1.0000	0.9998	0.9999	0.9990
1780	0.9969	0.9997	1.0000	0.9998	0.9999	0.9990
1781	0.9969	0.9997	1.0000	0.9998	0.9999	0.9990
1782	0.9969	0.9997	1.0000	0.9998	0.9999	0.9990
1783	0.9969	0.9997	1.0000	0.9998	0.9999	0.9990
1784	0.9969	0.9997	1.0000	0.9998	0.9999	0.9990
1785	0.9969	0.9997	1.0000	0.9998	0.9999	0.9990
1786	0.9969	0.9997	1.0000	0.9998	0.9999	0.9990
1787	0.9969	0.9997	1.0000	0.9998	0.9999	0.9990
1788	0.9969	0.9997	1.0000	0.9998	0.9999	0.9990
1789	0.9969	0.9997	1.0000	0.9998	0.9999	0.9990
1790	0.9969	0.9997	1.0000	0.9998	0.9999	0.9990
1791	0.9969	0.9997	1.0000	0.9998	0.9999	0.9990
1792	0.9969	0.9997	1.0000	0.9998	0.9999	0.9990
1793	0.9969	0.9997	1.0000	0.9998	0.9999	0.9990
1794	0.9969	0.9997	1.0000	0.9998	0.9999	0.9990
1795	0.9969	0.9997	1.0000	0.9998	0.9999	0.9990
1796	0.9969	0.9997	1.0000	0.9998	0.9999	0.9990
1797	0.9969	0.9997	1.0000	0.9998	0.9999	0.9990
1798	0.9969	0.9997	1.0000	0.9998	0.9999	0.9990
1799	0.9969	0.9997	1.0000	0.9998	0.9999	0.9990
1800	0.9969	0.9997	1.0000	0.9998	0.9999	0.9990
1801	0.9969	0.9997	1.0000	0.9998	0.9999	0.9990
1802	0.9969	0.9997	1.0000	0.9998	0.9999	0.9990
1803	0.9969	0.9997	1.0000	0.9998	0.9999	0.9990
1804	0.9969	0.9997	1.0000	0.9998	0.9999	0.9990
1805	0.9970	0.9997	1.0000	0.9998	0.9999	0.9990
1806	0.9970	0.9997	1.0000	0.9998	0.9999	0.9990
1807	0.9970	0.9997	1.0000	0.9998	0.9999	0.9990
1808	0.9970	0.9997	1.0000	0.9998	0.9999	0.9990
1809	0.9970	0.9997	1.0000	0.9998	0.9999	0.9990
1810	0.9970	0.9997	1.0000	0.9998	0.9999	0.9990
1811	0.9970	0.9997	1.0000	0.9998	0.9999	0.9990
1812	0.9970	0.9997	1.0000	0.9998	0.9999	0.9990
1813	0.9970	0.9997	1.0000	0.9998	0.9999	0.9990
1814	0.9970	0.9997	1.0000	0.9998	0.9999	0.9990
1815	0.9970	0.9997	1.0000	0.9998	0.9999	0.9990
1816	0.9970	0.9997	1.0000	0.9998	0.9999	0.9990
1817	0.9970	0.9997	1.0000	0.9998	0.9999	0.9990
1818	0.9970	0.9997	1.0000	0.9998	0.9999	0.9990
1819	0.9970	0.9997	1.0000	0.9998	0.9999	0.9990
1820	0.9970	0.9997	1.0000	0.9998	0.9999	0.9990
1821	0.9970	0.9997	1.0000	0.9998	0.9999	0.9990
1822	0.9970	0.9997	1.0000	0.9998	0.9999	0.9990
1823	0.9970	0.9997	1.0000	0.9998	0.9999	0.9990
1824	0.9970	0.9997	1.0000	0.9998	0.9999	0.9990
1825	0.9970	0.9997	1.0000	0.9998	0.9999	0.9990
1826	0.9970	0.9997	1.0000	0.9998	0.9999	0.9990
1827	0.9970	0.9997	1.0000	0.9998	0.9999	0.9990
1828	0.9970	0.9997	1.0000	0.9998	0.9999	0.9990
1829	0.9970	0.9997	1.0000	0.9998	0.9999	0.9990
1830	0.9970	0.9997	1.0000	0.9998	0.9999	0.9990
1831	0.9970	0.9997	1.0000	0.9998	0.9999	0.9990
1832	0.9970	0.9997	1.0000	0.9998	0.9999	0.9990
1833	0.9970	0.9997	1.0000	0.9998	0.9999	0.9990
1834	0.9970	0.9997	1.0000	0.9998	0.9999	0.9990
1835	0.9970	0.9997	1.0000	0.9998	0.9999	0.9990
1836	0.9970	0.9997	1.0000	0.9998	0.9999	0.9990
1837	0.9970	0.9997	1.0000	0.9998	0.9999	0.9990
1838	0.9970	0.9997	1.0000	0.9998	0.9999	0.9990
1839	0.9970	0.9997	1.0000	0.9998	0.9999	0.9990
1840	0.9970	0.9997	1.0000	0.9998	0.9999	0.9990
1841	0.9970	0.9997	1.0000	0.9998	0.9999	0.9990
1842	0.9970	0.9997	1.0000	0.9998	0.9999	0.9990
1843	0.9970	0.9997	1.0000	0.9998	0.9999	0.9990