bimodal, w/o log (stored procedure)
Rd	Wt	Zip	T	CC	TP	P50	P90	P99	P999	Abt
0.95	0.05	0.80	1	NO_WAIT	0	203249.99	COMMIT	809599	3954272	0	3459402	279601	ABORT	0	0	0	0	0	0	3	15	17	20	0	0	0	0	0.00	
0.95	0.05	0.80	4	NO_WAIT	0	650557.09	COMMIT	722724	3951174	0	3506001	257439	ABORT	940	6026	0	2917	2513	309	4	21	24	30	0	0	0	3	0.00	
0.95	0.05	0.80	8	NO_WAIT	0	1268967.64	COMMIT	704456	3940955	0	3496408	258098	ABORT	2174	16535	0	9643	5598	667	4	21	25	38	0	0	1	4	0.00	
0.95	0.05	0.80	12	NO_WAIT	0	1859732.76	COMMIT	685701	3928565	0	3482564	258356	ABORT	3308	30162	0	19301	8857	1048	4	22	26	54	0	0	2	4	0.00	
0.95	0.05	0.80	16	NO_WAIT	0	2336569.53	COMMIT	642667	3871493	0	3379044	242601	ABORT	4330	89638	0	74761	11997	1347	5	23	30	106	0	0	2	4	0.01	
0.95	0.05	0.80	20	NO_WAIT	0	2830615.32	COMMIT	637740	3741301	0	3330070	240595	ABORT	5409	218294	0	199818	15247	1720	4	22	32	208	0	0	3	4	0.01	
0.95	0.05	0.80	24	NO_WAIT	0	3062584.05	COMMIT	608083	3632530	0	3227017	240417	ABORT	5669	327016	0	307416	16161	1870	5	23	35	380	0	0	3	5	0.01	
0.95	0.05	0.80	28	NO_WAIT	0	3286149.38	COMMIT	547792	3290566	0	2920179	218233	ABORT	5986	673710	0	653589	16499	1937	5	23	38	727	0	0	3	5	0.01	
0.95	0.05	0.80	32	NO_WAIT	0	3262770.98	COMMIT	523980	3171824	0	2817130	211191	ABORT	5893	792810	0	772804	16542	1902	5	24	39	843	0	0	3	6	0.01	
0.95	0.05	0.80	36	NO_WAIT	0	3411555.77	COMMIT	476335	2966255	0	2628548	198192	ABORT	6071	999751	0	978360	17657	1921	5	24	44	1321	0	0	3	6	0.01	
0.95	0.05	0.80	1	WAIT_DIE	0	202690.22	COMMIT	805542	3952847	0	3457657	281863	ABORT	0	0	0	0	0	0	3	15	17	21	0	0	0	0	0.00	
0.95	0.05	0.80	4	WAIT_DIE	0	652229.51	COMMIT	717437	3955899	1400	3481625	255702	ABORT	361	2199	0	980	978	103	4	21	24	29	0	0	0	2	0.00	
0.95	0.05	0.80	8	WAIT_DIE	0	1259686.49	COMMIT	694278	3951063	3573	3482838	254966	ABORT	1036	6603	0	3343	2591	321	4	21	25	33	0	0	0	3	0.00	
0.95	0.05	0.80	12	WAIT_DIE	0	1868778.08	COMMIT	685404	3943594	4610	3494074	257556	ABORT	2092	14932	0	8282	5392	646	4	22	26	38	0	0	1	3	0.00	
0.95	0.05	0.80	16	WAIT_DIE	0	2440460.62	COMMIT	656182	3949142	9275	3410211	247742	ABORT	1549	11268	0	6063	4074	486	4	22	27	45	0	0	2	4	0.00	
0.95	0.05	0.80	20	WAIT_DIE	0	2982850.17	COMMIT	654598	3920008	8899	3452409	258783	ABORT	3116	38980	0	28292	8655	1014	5	23	30	58	0	0	2	4	0.00	
0.95	0.05	0.80	24	WAIT_DIE	0	3481793.52	COMMIT	638876	3909872	11198	3437861	263191	ABORT	3652	48530	9	35743	10435	1174	5	23	32	79	0	0	2	4	0.01	
0.95	0.05	0.80	28	WAIT_DIE	0	3912812.39	COMMIT	623043	3847929	14872	3385393	256670	ABORT	3929	111715	4	98079	11029	1300	5	24	34	109	0	0	2	4	0.01	
0.95	0.05	0.80	32	WAIT_DIE	0	4272884.15	COMMIT	608171	3833706	18267	3373030	257139	ABORT	3814	125128	17	111471	11054	1291	5	24	37	174	0	0	3	4	0.01	
0.95	0.05	0.80	36	WAIT_DIE	0	4532639.49	COMMIT	572265	3693412	22564	3259616	249292	ABORT	4200	267771	1	252942	12078	1377	5	25	40	257	0	0	3	5	0.01	
0.95	0.05	0.80	1	WOUND_WAIT	0	204246.74	COMMIT	811454	3952688	0	3472526	276751	ABORT	0	0	0	0	0	0	3	15	17	21	0	0	0	0	0.00	
0.95	0.05	0.80	4	WOUND_WAIT	0	657252.44	COMMIT	721768	3954949	2096	3500571	252725	ABORT	165	1895	12	271	1332	214	4	21	24	30	0	0	0	1	0.00	
0.95	0.05	0.80	8	WOUND_WAIT	0	1277884.12	COMMIT	703124	3950820	5383	3504181	256574	ABORT	479	5710	195	900	4003	617	4	21	25	35	0	0	0	1	0.00	
0.95	0.05	0.80	12	WOUND_WAIT	0	1883372.42	COMMIT	689504	3949663	7744	3507441	255879	ABORT	624	8391	383	1753	5443	955	4	22	26	41	0	0	1	1	0.00	
0.95	0.05	0.80	16	WOUND_WAIT	0	2435369.03	COMMIT	656089	3950218	9827	3410476	249158	ABORT	607	10002	564	3147	5364	1165	4	22	29	51	0	0	1	2	0.00	
0.95	0.05	0.80	20	WOUND_WAIT	0	2962669.32	COMMIT	653956	3878590	16179	3439531	249643	ABORT	1471	80351	1896	63572	13866	2395	4	23	31	65	0	0	1	2	0.00	
0.95	0.05	0.80	24	WOUND_WAIT	0	3382534.07	COMMIT	643504	3898500	21249	3441629	262712	ABORT	1764	59391	2168	38579	16943	3257	5	23	34	85	0	0	1	3	0.00	
0.95	0.05	0.80	28	WOUND_WAIT	0	3487896.26	COMMIT	624297	3783939	22011	3342284	252016	ABORT	1729	175220	2668	154752	16291	3490	5	23	36	100	0	0	1	3	0.00	
0.95	0.05	0.80	32	WOUND_WAIT	0	3541583.49	COMMIT	619144	3788475	26575	3350253	251817	ABORT	2006	170379	3794	145592	20223	3842	5	24	38	114	0	0	1	3	0.00	
0.95	0.05	0.80	36	WOUND_WAIT	0	3720416.08	COMMIT	593924	3719170	31314	3287062	251169	ABORT	2035	241006	4757	213945	21985	4353	5	25	42	144	0	0	1	3	0.00	
0.95	0.05	0.80	1	DLOCK	0	185060.27	COMMIT	734544	3958466	85377	3448195	305907	ABORT	0	0	0	0	0	0	4	17	19	22	0	0	0	0	0.00	
0.95	0.05	0.80	4	DLOCK	0	625255.12	COMMIT	692302	3958642	85535	3462857	298196	ABORT	56	649	2	86	485	40	4	22	25	29	0	0	0	1	0.00	
0.95	0.05	0.80	8	DLOCK	0	1239725.94	COMMIT	686081	3956864	85730	3446222	306698	ABORT	175	2068	11	255	1602	117	4	22	25	30	0	0	0	1	0.00	
0.95	0.05	0.80	12	DLOCK	0	1807421.19	COMMIT	668059	3955001	86593	3449316	303008	ABORT	309	3327	18	466	2510	207	5	23	26	33	0	0	0	1	0.00	
0.95	0.05	0.80	16	DLOCK	0	2428983.60	COMMIT	656804	3957307	85217	3367012	297176	ABORT	237	2843	22	350	2143	166	5	22	26	34	0	0	0	1	0.00	
0.95	0.05	0.80	20	DLOCK	0	2975522.99	COMMIT	659744	3951395	89444	3440855	308440	ABORT	757	8225	46	1252	6141	481	5	23	27	36	0	0	0	1	0.00	
0.95	0.05	0.80	24	DLOCK	0	3546905.07	COMMIT	653508	3950641	90192	3438766	311657	ABORT	791	8981	79	1276	6815	523	5	23	27	38	0	0	1	1	0.00	
0.95	0.05	0.80	28	DLOCK	0	4056499.99	COMMIT	641352	3947555	89693	3437711	307913	ABORT	939	10409	163	1562	7737	663	5	24	28	41	0	0	1	1	0.00	
0.95	0.05	0.80	32	DLOCK	0	4565627.13	COMMIT	630486	3937402	90569	3432101	308340	ABORT	848	9706	92	1397	7326	576	5	24	30	45	0	0	1	1	0.00	
0.95	0.05	0.80	36	DLOCK	0	5049788.62	COMMIT	617137	3947724	91068	3432454	311771	ABORT	935	11509	193	1583	8224	1208	5	25	31	49	0	0	1	1	0.00	
0.95	0.05	0.80	1	HLOCK	0	195374.73	COMMIT	775956	3955320	91963	3402324	339127	ABORT	0	0	0	0	0	0	3	16	18	21	0	0	0	0	0.00	
0.95	0.05	0.80	4	HLOCK	0	647894.15	COMMIT	710123	3957321	99575	3401121	335494	ABORT	64	727	5	100	517	62	4	21	24	28	0	0	0	1	0.00	
0.95	0.05	0.80	8	HLOCK	0	1268345.32	COMMIT	698196	3956860	102106	3390769	347650	ABORT	259	2984	29	397	2236	206	4	21	24	30	0	0	0	1	0.00	
0.95	0.05	0.80	12	HLOCK	0	1875766.24	COMMIT	679320	3956500	102001	3404202	347029	ABORT	168	1792	23	240	1275	162	4	22	25	31	0	0	0	1	0.00	
0.95	0.05	0.80	16	HLOCK	0	2477157.38	COMMIT	664242	3957548	102211	3325279	339601	ABORT	225	2554	30	350	1839	201	4	22	25	34	0	0	0	1	0.00	
0.95	0.05	0.80	20	HLOCK	0	3068780.59	COMMIT	670604	3953070	106048	3384714	349928	ABORT	483	5215	54	760	3819	367	4	22	26	36	0	0	0	1	0.00	
0.95	0.05	0.80	24	HLOCK	0	3620928.17	COMMIT	658248	3950557	105951	3384572	351686	ABORT	516	6435	36	800	4954	410	5	22	27	38	0	0	1	1	0.00	
0.95	0.05	0.80	28	HLOCK	0	4166892.88	COMMIT	653172	3946982	108087	3380239	352073	ABORT	942	10569	185	1529	7749	827	5	23	28	41	0	0	1	1	0.00	
0.95	0.05	0.80	32	HLOCK	0	4683084.37	COMMIT	638139	3948143	107022	3383457	351449	ABORT	710	8436	229	1152	6166	717	5	23	29	45	0	0	1	1	0.00	
0.95	0.05	0.80	36	HLOCK	0	5159119.56	COMMIT	624363	3949193	106835	3396061	347978	ABORT	738	8801	120	1163	6539	679	5	24	31	49	0	0	1	1	0.00	
0.95	0.05	0.80	1	SILO	0	183636.02	COMMIT	731065	3957146	0	3610913	178967	ABORT	0	0	0	0	0	0	4	17	19	22	0	0	0	0	0.00	
0.95	0.05	0.80	4	SILO	0	618324.73	COMMIT	695182	3956025	0	3602244	193548	ABORT	236	3107	0	348	2558	93	4	23	26	31	0	0	0	1	0.00	
0.95	0.05	0.80	8	SILO	0	1183311.88	COMMIT	668962	3954186	0	3563455	232469	ABORT	486	7233	0	738	6087	214	5	24	27	33	0	0	0	1	0.00	
0.95	0.05	0.80	12	SILO	0	1730983.06	COMMIT	653556	3950518	0	3601318	191087	ABORT	767	10960	0	1170	9145	283	5	25	28	35	0	0	1	1	0.00	
0.95	0.05	0.80	16	SILO	0	2224539.63	COMMIT	615320	3949567	0	3510546	182780	ABORT	965	14160	0	1533	11658	377	5	26	30	37	0	0	1	1	0.00	
0.95	0.05	0.80	20	SILO	0	2692507.68	COMMIT	605367	3943879	0	3611623	184776	ABORT	1201	18877	0	1970	15894	502	5	27	32	40	0	0	1	1	0.00	
0.95	0.05	0.80	24	SILO	0	3064963.28	COMMIT	564727	3939014	0	3613353	181145	ABORT	1472	24173	0	2511	20377	648	6	29	34	43	0	0	1	1	0.00	
0.95	0.05	0.80	28	SILO	0	3370268.11	COMMIT	529218	3936403	0	3625520	173702	ABORT	1678	28930	0	2954	24594	683	6	31	36	47	0	0	1	1	0.00	
0.95	0.05	0.80	32	SILO	0	3560756.66	COMMIT	484645	3933162	0	3634732	167807	ABORT	1796	34186	0	3107	29488	802	7	33	39	51	0	0	1	1	0.00	
0.95	0.05	0.80	36	SILO	0	3696940.02	COMMIT	439072	3933077	0	3642028	160057	ABORT	1764	36195	0	2984	31473	787	7	36	43	55	0	0	1	1	0.00	
bimodal, w/o log (stored procedure)
Rd	Wt	Zip	T	CC	TP	P50	P90	P99	P999	Abt
0.95	0.05	0.80	1	NO_WAIT	0	209716.00	COMMIT	834874	3952349	0	3440402	289746	ABORT	0	0	0	0	0	0	3	15	16	19	0	0	0	0	0.00	
0.95	0.05	0.80	4	NO_WAIT	0	675646.54	COMMIT	745808	3949611	0	3491740	263257	ABORT	950	6406	0	3306	2519	283	4	20	23	29	0	0	0	3	0.00	
0.95	0.05	0.80	8	NO_WAIT	0	1313784.54	COMMIT	726418	3941290	0	3482970	263782	ABORT	2109	15038	0	8124	5599	667	4	20	24	36	0	0	1	3	0.00	
0.95	0.05	0.80	12	NO_WAIT	0	1923765.49	COMMIT	707128	3924498	0	3469192	261805	ABORT	3364	32981	0	22179	8830	1041	4	21	25	51	0	0	2	4	0.00	
0.95	0.05	0.80	16	NO_WAIT	0	2422863.32	COMMIT	658362	3789671	0	3350300	248409	ABORT	4509	171101	0	156072	12372	1361	4	22	29	111	0	0	2	4	0.01	
0.95	0.05	0.80	20	NO_WAIT	0	2836637.15	COMMIT	663285	3800073	0	3359974	256250	ABORT	5319	157194	0	139286	14698	1646	4	22	31	193	0	0	2	4	0.01	
0.95	0.05	0.80	24	NO_WAIT	0	3203709.19	COMMIT	561472	3250377	0	2873390	224081	ABORT	5561	747591	0	728895	15356	1777	4	22	34	414	0	0	3	5	0.01	
0.95	0.05	0.80	28	NO_WAIT	0	3303011.10	COMMIT	525263	3061897	0	2706944	209861	ABORT	5613	1520737	0	1501284	16099	1816	4	22	36	604	0	0	3	5	0.01	
0.95	0.05	0.80	32	NO_WAIT	0	3371418.46	COMMIT	462836	2715094	0	2400473	186856	ABORT	5497	1254103	0	1235206	15668	1692	4	22	39	969	0	0	3	6	0.01	
0.95	0.05	0.80	36	NO_WAIT	0	3497234.10	COMMIT	400316	2413365	0	2129680	168518	ABORT	5198	1579064	0	1560793	15028	1764	5	23	41	1192	0	0	3	6	0.01	
0.95	0.05	0.80	1	WAIT_DIE	0	211320.59	COMMIT	839627	3952308	0	3451100	291222	ABORT	0	0	0	0	0	0	3	15	16	19	0	0	0	0	0.00	
0.95	0.05	0.80	4	WAIT_DIE	0	674022.95	COMMIT	741015	3954974	1395	3471851	262960	ABORT	317	1975	0	936	817	103	4	20	23	29	0	0	0	2	0.00	
0.95	0.05	0.80	8	WAIT_DIE	0	1295420.98	COMMIT	711756	3946526	2732	3470195	257926	ABORT	1291	9496	0	5320	3394	356	4	21	24	33	0	0	0	3	0.00	
0.95	0.05	0.80	12	WAIT_DIE	0	1938323.39	COMMIT	710216	3941779	4330	3488481	258628	ABORT	2021	15786	0	9046	5571	583	4	21	25	37	0	0	1	3	0.00	
0.95	0.05	0.80	16	WAIT_DIE	0	2532010.10	COMMIT	692759	3942374	7027	3467355	263120	ABORT	2073	15907	0	8865	5694	628	4	21	27	45	0	0	1	4	0.00	
0.95	0.05	0.80	20	WAIT_DIE	0	3088121.67	COMMIT	677661	3923856	8023	3444676	265170	ABORT	3412	33968	3	22692	9125	1062	4	22	29	56	0	0	2	4	0.00	
0.95	0.05	0.80	24	WAIT_DIE	0	3636968.42	COMMIT	663434	3904957	10381	3422881	269478	ABORT	3840	52686	14	39345	10820	1240	4	22	31	81	0	0	2	4	0.01	
0.95	0.05	0.80	28	WAIT_DIE	0	4051551.30	COMMIT	648809	3858131	13038	3384252	263792	ABORT	4350	99934	34	84665	12503	1349	4	23	33	109	0	0	2	4	0.01	
0.95	0.05	0.80	32	WAIT_DIE	0	4405686.93	COMMIT	611141	3720182	15661	3255786	258786	ABORT	4278	238947	18	223869	12283	1363	5	23	36	169	0	0	2	4	0.01	
0.95	0.05	0.80	36	WAIT_DIE	0	4664432.86	COMMIT	610077	3775100	20416	3319029	263977	ABORT	4764	183592	17	165642	14711	1624	5	24	38	245	0	0	3	5	0.01	
0.95	0.05	0.80	1	WOUND_WAIT	0	211364.21	COMMIT	839488	3951033	0	3448661	287254	ABORT	0	0	0	0	0	0	3	15	16	20	0	0	0	0	0.00	
0.95	0.05	0.80	4	WOUND_WAIT	0	680245.59	COMMIT	744573	3954752	1454	3486694	259696	ABORT	79	862	26	122	586	116	4	20	23	29	0	0	0	1	0.00	
0.95	0.05	0.80	8	WOUND_WAIT	0	1322432.43	COMMIT	726006	3951444	4513	3490400	264847	ABORT	326	3857	131	638	2633	445	4	20	24	34	0	0	0	1	0.00	
0.95	0.05	0.80	12	WOUND_WAIT	0	1945578.27	COMMIT	711128	3947718	7786	3495964	261229	ABORT	644	9014	471	2213	5640	907	4	21	25	41	0	0	1	2	0.00	
0.95	0.05	0.80	16	WOUND_WAIT	0	2499666.78	COMMIT	690593	3946877	11040	3478557	264164	ABORT	796	10514	667	1804	6991	1419	4	21	28	50	0	0	1	2	0.00	
0.95	0.05	0.80	20	WOUND_WAIT	0	3047344.54	COMMIT	673552	3876666	16464	3413253	264822	ABORT	1493	80115	1553	64433	12912	2215	4	22	30	62	0	0	1	2	0.00	
0.95	0.05	0.80	24	WOUND_WAIT	0	3373206.91	COMMIT	665714	3868712	19433	3404170	265766	ABORT	1703	88934	2293	69862	15631	2809	4	22	32	79	0	0	1	3	0.00	
0.95	0.05	0.80	28	WOUND_WAIT	0	3655756.64	COMMIT	644280	3777788	24652	3323741	260979	ABORT	2036	180855	3028	157563	19005	3597	4	22	35	98	0	0	1	3	0.00	
0.95	0.05	0.80	32	WOUND_WAIT	0	3553348.39	COMMIT	627777	3706764	23983	3249144	260372	ABORT	1720	249969	2963	229085	16751	3457	4	23	37	110	0	0	1	3	0.00	
0.95	0.05	0.80	36	WOUND_WAIT	0	3570518.46	COMMIT	509335	3107737	22498	2729449	217840	ABORT	1522	857182	2925	836557	16159	3860	5	23	40	133	0	0	1	3	0.00	
0.95	0.05	0.80	1	DLOCK	0	192493.11	COMMIT	763318	3956567	87337	3425320	308015	ABORT	0	0	0	0	0	0	3	16	18	20	0	0	0	0	0.00	
0.95	0.05	0.80	4	DLOCK	0	649872.21	COMMIT	719442	3958250	87508	3452425	301743	ABORT	55	606	1	85	447	38	4	21	24	28	0	0	0	1	0.00	
0.95	0.05	0.80	8	DLOCK	0	1293443.60	COMMIT	715128	3956227	88343	3438425	312206	ABORT	199	2146	1	288	1632	126	4	21	24	29	0	0	0	1	0.00	
0.95	0.05	0.80	12	DLOCK	0	1880535.10	COMMIT	695083	3954736	88818	3441528	307514	ABORT	378	3932	10	568	2956	234	4	22	25	32	0	0	0	1	0.00	
0.95	0.05	0.80	16	DLOCK	0	2535759.79	COMMIT	699278	3952019	91128	3430726	309119	ABORT	595	6598	72	977	4874	417	4	21	25	33	0	0	0	1	0.00	
0.95	0.05	0.80	20	DLOCK	0	3079416.74	COMMIT	680320	3951165	90873	3429285	312478	ABORT	699	7846	61	1081	5961	478	4	22	26	35	0	0	0	1	0.00	
0.95	0.05	0.80	24	DLOCK	0	3689997.75	COMMIT	676682	3949668	91451	3426761	314743	ABORT	760	8372	65	1239	6316	506	4	22	26	37	0	0	1	1	0.00	
0.95	0.05	0.80	28	DLOCK	0	4265271.01	COMMIT	672555	3943797	92840	3419055	316191	ABORT	1172	12628	127	2023	9328	783	5	22	27	40	0	0	1	1	0.00	
0.95	0.05	0.80	32	DLOCK	0	4822980.48	COMMIT	663386	3941544	94495	3417305	317779	ABORT	1209	13986	283	2214	10222	1003	5	23	28	44	0	0	1	1	0.00	
0.95	0.05	0.80	36	DLOCK	0	5337514.42	COMMIT	648916	3946119	93001	3420131	316354	ABORT	930	10532	105	1573	7806	661	5	23	30	47	0	0	1	1	0.00	
0.95	0.05	0.80	1	HLOCK	0	207614.88	COMMIT	824884	3952378	96222	3381886	348739	ABORT	0	0	0	0	0	0	3	15	16	20	0	0	0	0	0.00	
0.95	0.05	0.80	4	HLOCK	0	678661.52	COMMIT	744340	3956292	103909	3375753	349080	ABORT	109	1141	2	176	827	74	4	20	22	27	0	0	0	1	0.00	
0.95	0.05	0.80	8	HLOCK	0	1332969.72	COMMIT	732945	3955242	106406	3367727	358158	ABORT	237	2291	4	348	1648	162	4	20	23	28	0	0	0	1	0.00	
0.95	0.05	0.80	12	HLOCK	0	1984543.71	COMMIT	725247	3953560	108855	3377359	362910	ABORT	339	3406	44	531	2441	255	4	20	23	30	0	0	0	1	0.00	
0.95	0.05	0.80	16	HLOCK	0	2630816.25	COMMIT	717001	3953313	109048	3380517	357760	ABORT	356	3798	33	532	2782	280	4	20	24	32	0	0	0	1	0.00	
0.95	0.05	0.80	20	HLOCK	0	3244776.16	COMMIT	707163	3950062	110531	3364103	360834	ABORT	571	5999	63	896	4392	434	4	21	24	34	0	0	0	1	0.00	
0.95	0.05	0.80	24	HLOCK	0	3843228.58	COMMIT	695733	3947631	110907	3364353	361705	ABORT	651	6787	76	1010	4898	500	4	21	25	37	0	0	1	1	0.00	
0.95	0.05	0.80	28	HLOCK	0	4417031.42	COMMIT	686563	3944053	112408	3356354	366222	ABORT	926	10252	133	1498	7545	775	4	21	26	40	0	0	1	1	0.00	
0.95	0.05	0.80	32	HLOCK	0	5004966.38	COMMIT	681499	3944892	112664	3357028	365003	ABORT	942	10165	190	1593	7240	868	4	22	28	46	0	0	1	1	0.00	
0.95	0.05	0.80	36	HLOCK	0	5556144.72	COMMIT	666373	3947529	111786	3367286	364090	ABORT	618	7208	315	958	5110	783	4	22	30	51	0	0	1	1	0.00	
0.95	0.05	0.80	1	SILO	0	234790.50	COMMIT	934267	3946112	0	3516102	219375	ABORT	0	0	0	0	0	0	3	13	15	18	0	0	0	0	0.00	
0.95	0.05	0.80	4	SILO	0	799577.04	COMMIT	888422	3944786	0	3519647	225042	ABORT	294	3213	0	437	2538	119	3	17	20	24	0	0	0	1	0.00	
0.95	0.05	0.80	8	SILO	0	1568872.24	COMMIT	876531	3941528	0	3507257	229657	ABORT	652	7327	0	998	5834	245	3	17	20	26	0	0	0	1	0.00	
0.95	0.05	0.80	12	SILO	0	2335710.09	COMMIT	868652	3936328	0	3506054	228101	ABORT	1061	11895	0	1719	9367	405	3	17	21	27	0	0	1	1	0.00	
0.95	0.05	0.80	16	SILO	0	3083048.49	COMMIT	856464	3933602	0	3506826	228450	ABORT	1464	16426	0	2508	12817	592	3	18	22	30	0	0	1	1	0.00	
0.95	0.05	0.80	20	SILO	0	3824926.34	COMMIT	849506	3928589	0	3500500	230611	ABORT	1779	20427	0	3068	16081	700	3	18	22	32	0	0	1	1	0.00	
0.95	0.05	0.80	24	SILO	0	4538342.37	COMMIT	836813	3923461	0	3482764	241178	ABORT	2087	24541	0	3778	19197	885	3	18	24	36	0	0	1	1	0.00	
0.95	0.05	0.80	28	SILO	0	5247973.75	COMMIT	832365	3919441	0	3485022	232386	ABORT	2477	28565	0	4558	22202	996	3	18	25	40	0	0	1	1	0.00	
0.95	0.05	0.80	32	SILO	0	5937835.64	COMMIT	823331	3913869	0	3487188	229799	ABORT	2733	32641	0	5136	25447	1129	4	19	26	44	0	0	1	1	0.00	
0.95	0.05	0.80	36	SILO	0	6529120.45	COMMIT	800315	3907477	0	3473440	230606	ABORT	3244	39074	0	6397	30201	1407	4	19	28	51	0	0	1	1	0.00	
