w/o log
	T	CC	TP	P50	P90	P99	P999	Abt
TPCC	NO_WAIT	1	44631.49	COMMIT	175545	3986112	0	0	0	ABORT	0	0	0	0	0	0	14	193	218	236	0	0	0	0	0.00	
TPCC	NO_WAIT	4	163464.43	COMMIT	170932	3977178	0	0	0	ABORT	14	832	0	25	0	0	12	186	214	237	0	0	0	0	0.00	
TPCC	NO_WAIT	8	216312.23	COMMIT	114989	2810930	0	0	0	ABORT	40655	1162846	0	843005	0	0	20	340	1267	2828	0	6	10	14	0.27	
TPCC	NO_WAIT	12	247237.25	COMMIT	89558	2199533	0	0	0	ABORT	49598	1789725	0	1402362	0	0	22	557	2534	4702	0	8	14	19	0.37	
TPCC	NO_WAIT	16	257532.15	COMMIT	67781	1730833	0	0	0	ABORT	48417	2259176	0	1913836	0	0	24	965	3679	6320	0	10	17	23	0.42	
TPCC	NO_WAIT	20	262705.13	COMMIT	55258	1443378	0	0	0	ABORT	46681	2547965	0	2171472	0	0	26	1377	4516	7931	0	11	19	27	0.46	
TPCC	NO_WAIT	24	267071.15	COMMIT	46573	1247363	0	0	0	ABORT	43788	2743574	0	2420647	0	0	27	1809	5313	8996	0	12	21	31	0.49	
TPCC	NO_WAIT	28	273052.93	COMMIT	39160	1049448	0	0	0	ABORT	41387	2942090	0	2591610	0	0	28	2177	5877	9793	0	13	22	32	0.52	
TPCC	NO_WAIT	32	284531.50	COMMIT	38062	1010328	0	0	0	ABORT	42159	2975928	0	2690928	0	0	28	2477	6483	10593	0	14	24	34	0.53	
TPCC	NO_WAIT	36	295248.32	COMMIT	33268	882731	0	0	0	ABORT	39894	3105267	0	2793402	0	0	28	2717	6967	11021	0	14	25	36	0.55	
TPCC	WAIT_DIE	1	44587.42	COMMIT	175315	3992408	0	0	0	ABORT	0	0	0	0	0	0	14	193	218	236	0	0	0	0	0.00	
TPCC	WAIT_DIE	4	161806.69	COMMIT	169398	3977652	12	0	0	ABORT	4	387	0	8	0	0	13	187	216	237	0	0	0	0	0.00	
TPCC	WAIT_DIE	8	241477.10	COMMIT	127806	3276321	68073	0	0	ABORT	53513	703250	1335	382915	0	0	23	246	522	877	0	5	6	9	0.31	
TPCC	WAIT_DIE	12	292631.05	COMMIT	102030	2862437	162951	0	0	ABORT	83160	1120946	4538	560811	0	0	29	365	710	1223	0	6	7	8	0.46	
TPCC	WAIT_DIE	16	322482.31	COMMIT	84225	2640744	285930	0	0	ABORT	96981	1345229	6312	694796	0	0	35	412	883	1578	0	6	7	8	0.55	
TPCC	WAIT_DIE	20	335187.74	COMMIT	70512	2430446	384102	0	0	ABORT	100141	1556498	9366	808004	0	0	41	475	1098	2091	0	6	7	9	0.60	
TPCC	WAIT_DIE	24	347554.20	COMMIT	60448	2269376	461223	0	0	ABORT	98843	1718203	11651	891884	0	0	46	572	1322	2772	0	7	8	10	0.63	
TPCC	WAIT_DIE	28	358253.78	COMMIT	53820	2240343	578380	0	0	ABORT	101736	1744942	11252	1005460	0	0	51	592	1464	3426	1	7	8	11	0.66	
TPCC	WAIT_DIE	32	380415.41	COMMIT	48855	2116398	614838	0	0	ABORT	99677	1869424	13823	1067356	0	0	54	617	1524	3763	1	7	8	11	0.68	
TPCC	WAIT_DIE	36	392802.23	COMMIT	45023	2111356	709437	0	0	ABORT	101525	1874682	12870	1149283	0	0	57	632	1671	4045	2	7	8	12	0.70	
TPCC	WOUND_WAIT	1	44516.92	COMMIT	174912	3986588	0	0	0	ABORT	0	0	0	0	0	0	14	194	218	239	0	0	0	0	0.00	
TPCC	WOUND_WAIT	4	160967.40	COMMIT	167360	3982406	41	0	0	ABORT	3	315	0	5	0	0	13	189	219	240	0	0	0	0	0.00	
TPCC	WOUND_WAIT	8	248958.02	COMMIT	130613	3578892	268043	0	0	ABORT	5389	397242	7703	13271	0	0	22	245	535	831	0	1	3	4	0.04	
TPCC	WOUND_WAIT	12	302909.28	COMMIT	108094	3502309	630879	0	0	ABORT	7436	488336	24900	23848	0	0	29	362	739	1180	0	1	4	6	0.06	
TPCC	WOUND_WAIT	16	316399.97	COMMIT	83384	3255794	911641	0	0	ABORT	6262	736522	17006	31367	0	0	37	447	1055	1822	0	2	5	8	0.07	
TPCC	WOUND_WAIT	20	323938.93	COMMIT	67853	3252330	1220768	0	0	ABORT	5652	737848	25161	42745	0	0	46	532	1234	2529	0	2	5	9	0.08	
TPCC	WOUND_WAIT	24	331271.70	COMMIT	58195	3262832	1484433	0	0	ABORT	5235	726993	34844	32582	0	0	56	575	1382	2949	0	2	6	9	0.08	
TPCC	WOUND_WAIT	28	328238.18	COMMIT	48752	3191074	1664474	0	0	ABORT	5040	798697	43376	49217	0	0	67	647	1582	3667	0	2	6	10	0.09	
TPCC	WOUND_WAIT	32	340323.20	COMMIT	45039	3392015	2012783	0	0	ABORT	4075	599470	57637	31735	0	0	79	608	1512	3394	0	2	6	10	0.09	
TPCC	WOUND_WAIT	36	353501.70	COMMIT	41612	3429698	2151048	0	0	ABORT	3732	564135	63641	28399	0	0	88	594	1499	3621	0	2	6	10	0.09	
TPCC	DLOCK	1	41912.83	COMMIT	165057	3987397	186876	0	0	ABORT	0	0	0	0	0	0	16	198	227	246	0	0	0	0	0.00	
TPCC	DLOCK	4	156579.83	COMMIT	164753	3977003	138721	0	0	ABORT	2	72	0	4	0	0	14	188	221	246	0	0	0	0	0.00	
TPCC	DLOCK	8	259598.00	COMMIT	138247	3944230	425857	0	0	ABORT	3265	45461	4291	6065	0	0	24	208	244	274	0	1	2	4	0.03	
TPCC	DLOCK	12	327778.81	COMMIT	115635	3911965	745010	0	0	ABORT	4681	78140	10146	9591	0	0	30	216	254	295	0	1	2	5	0.04	
TPCC	DLOCK	16	356677.61	COMMIT	94088	3848180	1023996	0	0	ABORT	7450	143325	4095	11771	0	0	38	227	267	324	0	1	2	3	0.07	
TPCC	DLOCK	20	372413.73	COMMIT	78392	3696358	1187540	0	0	ABORT	12688	294221	5833	21281	0	0	47	239	279	330	0	2	2	3	0.14	
TPCC	DLOCK	24	370391.45	COMMIT	63921	3519518	1319686	0	0	ABORT	18021	472846	7399	33093	0	0	58	252	297	420	0	2	3	4	0.21	
TPCC	DLOCK	28	369073.27	COMMIT	54006	3382442	1394203	0	0	ABORT	21525	606671	9572	42755	0	0	69	269	316	440	0	2	3	4	0.27	
TPCC	DLOCK	32	395991.83	COMMIT	50246	3207571	1441920	0	0	ABORT	27714	784789	11628	61564	0	0	75	255	301	527	0	3	4	4	0.33	
TPCC	DLOCK	36	403740.86	COMMIT	44663	3085597	1506516	0	0	ABORT	30426	900213	14219	75489	0	0	85	259	309	658	0	3	4	5	0.38	
TPCC	HLOCK	1	39530.02	COMMIT	155395	3990619	360893	0	0	ABORT	0	0	0	0	0	0	17	192	218	240	0	0	0	0	0.00	
TPCC	HLOCK	4	151678.77	COMMIT	156681	3980787	306205	0	0	ABORT	1	228	0	0	0	0	13	178	207	231	0	0	0	0	0.00	
TPCC	HLOCK	8	238682.10	COMMIT	125782	3614041	491168	0	0	ABORT	8291	376132	2713	28805	0	0	25	230	470	721	0	2	4	6	0.06	
TPCC	HLOCK	12	305125.35	COMMIT	106216	3362308	681501	0	0	ABORT	12743	619672	5614	51220	0	0	30	332	640	971	0	3	5	7	0.10	
TPCC	HLOCK	16	339718.88	COMMIT	87092	3230395	876218	0	0	ABORT	14504	758484	8427	54098	0	0	36	376	812	1235	0	4	6	8	0.14	
TPCC	HLOCK	20	360481.45	COMMIT	74610	3125616	1030559	0	0	ABORT	17232	866705	23589	66279	0	0	43	454	1001	1557	0	4	6	9	0.19	
TPCC	HLOCK	24	364468.72	COMMIT	63560	3076516	1190967	0	0	ABORT	19924	912310	62945	89466	0	0	50	560	1232	1886	0	5	7	9	0.24	
TPCC	HLOCK	28	379740.19	COMMIT	55911	2946872	1258904	0	0	ABORT	22976	1041093	125942	109927	0	0	57	604	1416	2320	0	5	7	10	0.29	
TPCC	HLOCK	32	403394.51	COMMIT	51567	2678547	1216110	0	0	ABORT	26090	1309332	175075	111547	0	0	60	652	1499	2459	0	5	8	12	0.33	
TPCC	HLOCK	36	415104.62	COMMIT	46520	2547764	1256949	0	0	ABORT	28327	1438564	215780	126986	0	0	66	682	1635	2557	0	6	8	12	0.38	
TPCC	SILO	1	52284.94	COMMIT	204906	3990769	0	0	0	ABORT	0	0	0	0	0	0	12	161	181	196	0	0	0	0	0.00	
TPCC	SILO	4	188496.59	COMMIT	198324	3989923	0	0	0	ABORT	6	335	0	8	0	0	11	159	186	207	0	0	0	1	0.00	
TPCC	SILO	8	261093.58	COMMIT	136096	2994282	0	0	0	ABORT	26624	984128	0	103647	0	0	13	235	470	748	0	3	6	7	0.17	
TPCC	SILO	12	301848.27	COMMIT	104700	2393895	0	0	0	ABORT	38918	1594683	0	272182	0	0	14	358	839	1775	0	5	8	11	0.28	
TPCC	SILO	16	288989.67	COMMIT	72857	1931588	0	0	0	ABORT	39177	2059820	0	524690	0	0	16	588	1574	3199	0	6	10	14	0.35	
TPCC	SILO	20	275253.03	COMMIT	55780	1677677	0	0	0	ABORT	36915	2313538	0	695531	0	0	17	904	2419	4382	0	8	12	17	0.40	
TPCC	SILO	24	259692.05	COMMIT	43285	1452942	0	0	0	ABORT	34034	2539329	0	860750	0	0	18	1322	3262	5674	0	9	14	20	0.44	
TPCC	SILO	28	249952.05	COMMIT	35183	1283403	0	0	0	ABORT	30235	2708210	0	882370	0	0	19	1718	4031	6537	0	9	15	21	0.47	
TPCC	SILO	32	258618.55	COMMIT	32800	1184118	0	0	0	ABORT	30872	2806161	0	1066624	0	0	20	1972	4550	7420	0	10	16	24	0.50	
TPCC	SILO	36	267683.42	COMMIT	28822	1050843	0	0	0	ABORT	30105	2940225	0	1239602	0	0	20	2203	5112	8495	0	11	18	26	0.52	
