	T	CC	TP	P50	P90	P99	P999	Abt
TPCC	WOUND_WAIT	1	363441.99	1	6	6	7	15	0	0	0	0	0	0.00	0.00	
TPCC	WOUND_WAIT	4	690507.86	4	12	14	16	21	0	0	0	0	0	0.00	0.00	
TPCC	WOUND_WAIT	8	1148390.81	5	15	17	21	27	0	0	0	0	0	0.00	0.00	
TPCC	WOUND_WAIT	12	1694617.95	5	15	17	19	22	0	0	0	0	0	0.00	0.00	
TPCC	WOUND_WAIT	16	1792823.45	7	18	21	25	30	0	0	0	0	0	0.00	0.00	
TPCC	WOUND_WAIT	20	1972030.17	8	21	24	29	34	0	0	0	0	0	0.00	0.00	
TPCC	WOUND_WAIT	24	2430653.24	7	21	24	28	34	0	0	0	0	0	0.00	0.00	
TPCC	WOUND_WAIT	28	2591375.32	8	23	27	32	40	0	0	0	0	0	0.00	0.00	
TPCC	WOUND_WAIT	32	2717817.86	9	25	28	34	40	0	0	0	0	0	0.00	0.00	
TPCC	WOUND_WAIT	36	2907185.10	9	26	30	36	44	0	0	0	0	0	0.00	0.00	
TPCC	DLOCK	1	402506.84	1	5	5	6	10	0	0	0	0	0	0.00	0.00	
TPCC	DLOCK	4	803544.38	3	10	11	13	16	0	0	0	0	0	0.00	0.00	
TPCC	DLOCK	8	1224900.85	5	14	16	20	27	0	0	0	0	0	0.00	0.00	
TPCC	DLOCK	12	1614009.66	6	15	18	22	28	0	0	0	0	0	0.00	0.00	
TPCC	DLOCK	16	2262625.92	5	15	16	19	23	0	0	0	0	0	0.00	0.00	
TPCC	DLOCK	20	2211995.70	7	18	20	25	30	0	0	0	0	0	0.00	0.00	
TPCC	DLOCK	24	2301443.33	8	22	25	30	37	0	0	0	0	0	0.00	0.00	
TPCC	DLOCK	28	2742879.22	7	22	26	32	39	0	0	0	0	0	0.00	0.00	
TPCC	DLOCK	32	3025685.01	7	23	28	35	42	0	0	0	0	0	0.00	0.00	
TPCC	DLOCK	36	3153593.26	8	24	28	34	42	0	0	0	0	0	0.00	0.00	
TPCC	SILO	1	430153.66	1	5	5	6	13	0	0	0	0	0	0.00	0.00	
TPCC	SILO	4	787561.45	4	11	12	14	18	0	0	0	0	0	0.00	0.00	
TPCC	SILO	8	1401595.27	4	12	14	18	24	0	0	0	0	0	0.00	0.00	
TPCC	SILO	12	1878200.28	5	13	14	17	20	0	0	0	0	0	0.00	0.00	
TPCC	SILO	16	2375092.58	5	14	16	19	22	0	0	0	0	0	0.00	0.00	
TPCC	SILO	20	2591335.71	6	16	18	21	26	0	0	0	0	0	0.00	0.00	
TPCC	SILO	24	2571773.45	7	19	22	27	33	0	0	0	0	0	0.00	0.00	
TPCC	SILO	28	3101502.46	7	20	23	29	36	0	0	0	0	0	0.00	0.00	
TPCC	SILO	32	3358991.01	7	21	24	30	37	0	0	0	0	0	0.00	0.00	
TPCC	SILO	36	3638265.40	7	21	24	30	37	0	0	0	0	0	0.00	0.00	
	T	CC	TP	P50	P90	P99	P999	Abt
TPCC	WAIT_DIE	1	369784.53	1	5	6	6	9	0	0	0	0	0	0.00	0.00	
TPCC	WAIT_DIE	4	697757.11	4	12	14	17	22	0	0	0	0	0	0.00	0.00	
TPCC	WAIT_DIE	8	1148856.38	5	15	16	20	25	0	0	0	0	0	0.00	0.00	
TPCC	WAIT_DIE	12	1515777.54	6	17	19	24	30	0	0	0	0	0	0.00	0.00	
TPCC	WAIT_DIE	16	1819851.49	7	18	21	25	31	0	0	0	0	0	0.00	0.00	
TPCC	WAIT_DIE	20	1949706.63	8	21	24	29	35	0	0	0	0	0	0.00	0.00	
TPCC	WAIT_DIE	24	2132348.18	8	24	27	33	40	0	0	0	0	0	0.00	0.00	
TPCC	WAIT_DIE	28	2572413.72	8	24	27	32	37	0	0	0	0	0	0.00	0.00	
TPCC	WAIT_DIE	32	2915673.03	8	24	27	32	38	0	0	0	0	0	0.00	0.00	
TPCC	WAIT_DIE	36	2857647.95	9	27	31	38	46	0	0	0	0	0	0.00	0.00	
TPCC	NO_WAIT	1	373134.23	1	5	6	7	14	0	0	0	0	0	0.00	0.00	
TPCC	NO_WAIT	4	700478.98	4	12	14	16	21	0	0	0	0	0	0.00	0.00	
TPCC	NO_WAIT	8	1179809.28	5	15	17	21	27	0	0	0	0	0	0.00	0.00	
TPCC	NO_WAIT	12	1544453.49	6	16	18	23	28	0	0	0	0	0	0.00	0.00	
TPCC	NO_WAIT	16	1969583.42	6	16	18	21	24	0	0	0	0	0	0.00	0.00	
TPCC	NO_WAIT	20	2188942.90	7	20	22	27	31	0	0	0	0	0	0.00	0.00	
TPCC	NO_WAIT	24	2383698.62	7	21	24	30	36	0	0	0	0	0	0.00	0.00	
TPCC	NO_WAIT	28	2521286.90	8	24	28	33	40	0	0	0	0	0	0.00	0.00	
TPCC	NO_WAIT	32	2725165.50	9	26	29	35	43	0	0	0	0	0	0.00	0.00	
TPCC	NO_WAIT	36	2988541.87	9	26	30	37	43	0	0	0	0	0	0.00	0.00	
