Rd	Wt	Zip	T	CC	TP	P50	P90	P99	P999	Abt
0.00	1.00	0.10	1	WOUND_WAIT	0	164278.39	6	6	7	7	11	0	0	0	0	0	0
0.00	1.00	0.10	4	WOUND_WAIT	0	669198.65	5	6	7	7	12	0	0	0	0	0	0
0.00	1.00	0.10	8	WOUND_WAIT	0	1275648.88	6	7	7	7	12	0	0	0	0	0	0
0.00	1.00	0.10	12	WOUND_WAIT	0	1436717.13	8	9	9	10	15	0	0	0	0	0	0
0.00	1.00	0.10	16	WOUND_WAIT	0	2191281.30	7	10	10	11	16	0	0	0	0	0	0
0.00	1.00	0.10	20	WOUND_WAIT	0	2368162.41	8	10	10	11	16	0	0	0	0	0	1
0.00	1.00	0.10	24	WOUND_WAIT	0	2791566.96	8	10	11	11	17	0	0	0	0	0	1
0.00	1.00	0.10	28	WOUND_WAIT	0	3087617.95	9	11	11	12	18	0	0	0	0	0	1
0.00	1.00	0.10	32	WOUND_WAIT	0	3462017.03	9	11	12	13	18	0	0	0	0	0	3
0.00	1.00	0.10	36	WOUND_WAIT	0	3837895.72	9	11	12	13	18	0	0	0	0	0	1
0.00	1.00	0.10	40	WOUND_WAIT	0	4212636.61	9	11	12	13	19	0	0	0	0	0	2
0.00	1.00	0.10	44	WOUND_WAIT	0	4608851.79	9	12	12	14	20	0	0	0	0	0	5
0.00	1.00	0.10	48	WOUND_WAIT	0	4775974.01	9	13	13	15	21	0	0	0	0	0	10
0.00	1.00	0.10	52	WOUND_WAIT	0	5216756.96	9	13	14	15	22	0	0	0	0	0	7
0.00	1.00	0.10	56	WOUND_WAIT	0	5406941.40	10	15	16	18	25	0	0	0	0	0	3
0.00	1.00	0.10	60	WOUND_WAIT	0	5749340.37	10	15	16	18	24	0	0	0	0	0	4
0.00	1.00	0.10	64	WOUND_WAIT	0	6102384.45	10	15	17	19	23	0	0	0	0	0	18
0.00	1.00	0.10	1	SILO	0	216550.67	4	5	5	6	8	0	0	0	0	0	0
0.00	1.00	0.10	4	SILO	0	853949.99	4	5	5	5	8	0	0	0	0	0	342
0.00	1.00	0.10	8	SILO	0	1698606.14	4	5	5	6	9	0	0	0	0	0	1526
0.00	1.00	0.10	12	SILO	0	1901785.81	6	7	8	8	12	0	0	0	0	0	2567
0.00	1.00	0.10	16	SILO	0	2860161.20	5	8	8	9	12	0	0	0	0	0	5266
0.00	1.00	0.10	20	SILO	0	3136411.52	6	8	8	9	14	0	0	0	0	0	7067
0.00	1.00	0.10	24	SILO	0	3665830.29	6	7	8	9	14	0	0	0	0	0	10106
0.00	1.00	0.10	28	SILO	0	4277321.25	6	8	8	9	17	0	0	0	0	0	13728
0.00	1.00	0.10	32	SILO	0	4755457.28	6	8	9	9	19	0	0	0	0	0	17551
0.00	1.00	0.10	36	SILO	0	5455761.38	6	8	9	10	21	0	0	0	0	1	22195
0.00	1.00	0.10	40	SILO	0	5870769.90	6	8	9	10	29	0	0	0	0	1	27248
0.00	1.00	0.10	44	SILO	0	6529279.66	6	8	9	11	37	0	0	0	0	1	32505
0.00	1.00	0.10	48	SILO	0	6575795.57	7	9	9	11	43	0	0	0	0	1	36604
0.00	1.00	0.10	52	SILO	0	7436083.75	6	9	10	11	50	0	0	0	0	1	43481
0.00	1.00	0.10	56	SILO	0	7534437.05	7	10	10	12	55	0	0	0	0	1	47474
0.00	1.00	0.10	60	SILO	0	8259266.02	6	11	12	14	59	0	0	0	0	1	55011
0.00	1.00	0.10	64	SILO	0	8970390.89	6	10	11	14	63	0	0	0	0	1	63738
0.50	0.50	0.10	1	WOUND_WAIT	0	186120.39	5	6	6	6	9	0	0	0	0	0	0
0.50	0.50	0.10	4	WOUND_WAIT	0	704641.19	5	6	6	7	10	0	0	0	0	0	0
0.50	0.50	0.10	8	WOUND_WAIT	0	1357486.58	5	6	6	7	12	0	0	0	0	0	0
0.50	0.50	0.10	12	WOUND_WAIT	0	1537887.45	7	8	9	9	15	0	0	0	0	0	0
0.50	0.50	0.10	16	WOUND_WAIT	0	2348373.21	6	9	10	10	14	0	0	0	0	0	0
0.50	0.50	0.10	20	WOUND_WAIT	0	2550866.33	7	9	9	10	16	0	0	0	0	0	0
0.50	0.50	0.10	24	WOUND_WAIT	0	2983884.67	8	9	10	10	16	0	0	0	0	0	0
0.50	0.50	0.10	28	WOUND_WAIT	0	3315461.99	8	10	10	11	16	0	0	0	0	0	1
0.50	0.50	0.10	32	WOUND_WAIT	0	3739115.00	8	10	11	12	16	0	0	0	0	0	1
0.50	0.50	0.10	36	WOUND_WAIT	0	4225815.88	8	10	10	12	16	0	0	0	0	0	4
0.50	0.50	0.10	40	WOUND_WAIT	0	4561540.96	8	10	11	12	17	0	0	0	0	0	3
0.50	0.50	0.10	44	WOUND_WAIT	0	5001976.79	8	10	11	12	18	0	0	0	0	0	3
0.50	0.50	0.10	48	WOUND_WAIT	0	5092799.95	9	12	13	14	19	0	0	0	0	0	5
0.50	0.50	0.10	52	WOUND_WAIT	0	5669710.61	9	12	12	14	20	0	0	0	0	0	6
0.50	0.50	0.10	56	WOUND_WAIT	0	5878469.92	9	12	13	14	21	0	0	0	0	0	11
0.50	0.50	0.10	60	WOUND_WAIT	0	6205535.10	9	14	15	17	21	0	0	0	0	0	7
0.50	0.50	0.10	64	WOUND_WAIT	0	6611851.93	9	13	14	16	20	0	0	0	0	0	10
0.50	0.50	0.10	1	SILO	0	219407.93	4	5	5	5	7	0	0	0	0	0	0
0.50	0.50	0.10	4	SILO	0	825481.19	4	5	5	6	9	0	0	0	0	0	152
0.50	0.50	0.10	8	SILO	0	1560295.04	5	5	6	6	10	0	0	0	0	0	655
0.50	0.50	0.10	12	SILO	0	1759370.32	6	8	8	9	13	0	0	0	0	0	1222
0.50	0.50	0.10	16	SILO	0	2766785.00	5	8	9	9	12	0	0	0	0	0	2510
0.50	0.50	0.10	20	SILO	0	2926440.20	6	8	8	9	14	0	0	0	0	0	3217
0.50	0.50	0.10	24	SILO	0	3530007.41	6	8	8	9	14	0	0	0	0	0	4908
0.50	0.50	0.10	28	SILO	0	3922063.74	7	8	9	9	14	0	0	0	0	0	6338
0.50	0.50	0.10	32	SILO	0	4386792.20	7	9	9	10	14	0	0	0	0	0	8174
0.50	0.50	0.10	36	SILO	0	4920547.84	7	9	9	10	14	0	0	0	0	0	9967
0.50	0.50	0.10	40	SILO	0	5478558.39	7	8	9	10	14	0	0	0	0	0	12691
0.50	0.50	0.10	44	SILO	0	6057564.83	7	9	9	11	17	0	0	0	0	0	15092
0.50	0.50	0.10	48	SILO	0	6410773.72	7	9	10	11	17	0	0	0	0	0	17806
0.50	0.50	0.10	52	SILO	0	6990160.57	7	9	10	11	18	0	0	0	0	0	20186
0.50	0.50	0.10	56	SILO	0	7432838.21	7	9	10	11	21	0	0	0	0	0	23168
0.50	0.50	0.10	60	SILO	0	7600346.32	7	11	11	13	25	0	0	0	0	0	25516
0.50	0.50	0.10	64	SILO	0	8319228.91	7	11	12	14	24	0	0	0	0	0	28854
1.00	0.00	0.10	1	WOUND_WAIT	0	216912.80	4	5	5	6	7	0	0	0	0	0	0
1.00	0.00	0.10	4	WOUND_WAIT	0	769615.57	5	5	6	6	9	0	0	0	0	0	0
1.00	0.00	0.10	8	WOUND_WAIT	0	1458528.87	5	6	6	6	12	0	0	0	0	0	0
1.00	0.00	0.10	12	WOUND_WAIT	0	1681918.57	7	8	8	8	12	0	0	0	0	0	0
1.00	0.00	0.10	16	WOUND_WAIT	0	2524990.53	6	8	9	9	13	0	0	0	0	0	0
1.00	0.00	0.10	20	WOUND_WAIT	0	2752400.25	7	8	9	9	14	0	0	0	0	0	0
1.00	0.00	0.10	24	WOUND_WAIT	0	3239857.88	7	9	9	10	14	0	0	0	0	0	0
1.00	0.00	0.10	28	WOUND_WAIT	0	3614648.79	7	9	9	10	13	0	0	0	0	0	0
1.00	0.00	0.10	32	WOUND_WAIT	0	4126162.16	7	9	10	10	13	0	0	0	0	0	0
1.00	0.00	0.10	36	WOUND_WAIT	0	4567207.51	7	9	9	10	13	0	0	0	0	0	0
1.00	0.00	0.10	40	WOUND_WAIT	0	5051354.84	7	9	9	10	14	0	0	0	0	0	0
1.00	0.00	0.10	44	WOUND_WAIT	0	5480430.93	8	9	10	11	15	0	0	0	0	0	0
1.00	0.00	0.10	48	WOUND_WAIT	0	5541476.68	8	10	11	12	16	0	0	0	0	0	0
1.00	0.00	0.10	52	WOUND_WAIT	0	6273212.17	8	10	11	12	15	0	0	0	0	0	0
1.00	0.00	0.10	56	WOUND_WAIT	0	6620751.26	8	10	11	12	16	0	0	0	0	0	0
1.00	0.00	0.10	60	WOUND_WAIT	0	6878435.74	8	11	11	13	16	0	0	0	0	0	0
1.00	0.00	0.10	64	WOUND_WAIT	0	7210972.37	8	11	12	13	16	0	0	0	0	0	0
1.00	0.00	0.10	1	SILO	0	223273.04	4	5	5	5	8	0	0	0	0	0	0
1.00	0.00	0.10	4	SILO	0	868343.50	4	5	5	6	8	0	0	0	0	0	0
1.00	0.00	0.10	8	SILO	0	1678561.66	4	5	5	6	8	0	0	0	0	0	0
1.00	0.00	0.10	12	SILO	0	1789923.15	6	7	8	8	12	0	0	0	0	0	0
1.00	0.00	0.10	16	SILO	0	2934066.62	5	8	9	9	11	0	0	0	0	0	0
1.00	0.00	0.10	20	SILO	0	2972802.72	6	8	9	9	13	0	0	0	0	0	0
1.00	0.00	0.10	24	SILO	0	3549682.44	6	8	9	9	13	0	0	0	0	0	0
1.00	0.00	0.10	28	SILO	0	4194350.26	6	8	8	9	12	0	0	0	0	0	0
1.00	0.00	0.10	32	SILO	0	4535037.76	7	8	8	9	13	0	0	0	0	0	0
1.00	0.00	0.10	36	SILO	0	5159859.81	6	8	8	9	12	0	0	0	0	0	0
1.00	0.00	0.10	40	SILO	0	5842177.78	6	8	8	9	12	0	0	0	0	0	0
1.00	0.00	0.10	44	SILO	0	6778732.60	6	7	8	9	13	0	0	0	0	0	0
1.00	0.00	0.10	48	SILO	0	6765639.00	7	8	9	10	13	0	0	0	0	0	0
1.00	0.00	0.10	52	SILO	0	7691209.08	6	8	8	9	13	0	0	0	0	0	0
1.00	0.00	0.10	56	SILO	0	8199132.99	6	8	9	10	14	0	0	0	0	0	0
1.00	0.00	0.10	60	SILO	0	8619940.63	6	8	9	10	14	0	0	0	0	0	0
1.00	0.00	0.10	64	SILO	0	9183627.66	6	9	9	11	14	0	0	0	0	0	0
0.00	1.00	0.70	1	WOUND_WAIT	0	208172.41	4	5	5	6	8	0	0	0	0	0	0
0.00	1.00	0.70	4	WOUND_WAIT	0	804851.06	4	5	6	7	11	0	0	0	0	0	127
0.00	1.00	0.70	8	WOUND_WAIT	0	1545351.54	5	6	6	10	15	0	0	0	0	0	1425
0.00	1.00	0.70	12	WOUND_WAIT	0	1708109.67	7	8	9	15	31	0	0	0	0	0	4203
0.00	1.00	0.70	16	WOUND_WAIT	0	2682328.12	5	8	10	16	57	0	0	0	0	1	13696
0.00	1.00	0.70	20	WOUND_WAIT	0	./run.sh: line 34: 76929 Killed                  ./rundb
0.00	1.00	0.70	24	WOUND_WAIT	0	