uniform, w log
Rd	Wt	Zip	T	CC	TP	P50	P90	P99	P999	Abt
0.50	0.50	0.10	1	NO_WAIT	0	33846.71	COMMIT	134986	3992167	0	2371220	1591575	ABORT	0	0	0	0	0	0	29	41	45	56	0	0	0	0	0.00	
0.50	0.50	0.10	4	NO_WAIT	0	114244.54	COMMIT	122723	3992484	0	2409848	1554942	ABORT	11	106	0	33	60	5	34	48	52	60	0	0	0	0	0.00	
0.50	0.50	0.10	8	NO_WAIT	0	215656.74	COMMIT	113354	3992797	0	2322343	1643555	ABORT	13	162	0	40	104	9	36	49	54	62	0	0	0	0	0.00	
0.50	0.50	0.10	12	NO_WAIT	0	304137.35	COMMIT	103340	3992652	0	2198784	1770212	ABORT	61	691	0	302	324	34	38	52	58	66	0	0	0	2	0.00	
0.50	0.50	0.10	16	NO_WAIT	0	382215.70	COMMIT	94034	3992845	0	2070150	1901531	ABORT	61	685	0	289	336	35	41	57	64	73	0	0	0	3	0.00	
0.50	0.50	0.10	20	NO_WAIT	0	452048.30	COMMIT	86414	3993067	0	1972556	2000725	ABORT	57	768	0	429	276	35	43	62	69	79	0	0	0	3	0.00	
0.50	0.50	0.10	24	NO_WAIT	0	514399.08	COMMIT	80571	3993303	0	1928783	2046107	ABORT	54	687	0	245	379	37	45	66	74	86	0	0	0	4	0.00	
0.50	0.50	0.10	28	NO_WAIT	0	568159.47	COMMIT	75795	3992750	0	1929773	2045174	ABORT	68	947	0	331	530	60	48	70	79	92	0	0	0	4	0.00	
0.50	0.50	0.10	32	NO_WAIT	0	611567.58	COMMIT	71274	3992670	0	1969826	2005753	ABORT	76	1001	0	403	511	55	51	75	84	100	0	0	0	4	0.00	
0.50	0.50	0.10	36	NO_WAIT	0	644117.32	COMMIT	66386	3992589	0	2025218	1942507	ABORT	100	1262	0	540	606	68	54	80	91	110	0	0	0	4	0.00	
0.50	0.50	0.10	1	WAIT_DIE	0	33586.35	COMMIT	133883	3951802	0	2326065	1572216	ABORT	0	0	0	0	0	0	29	41	45	55	0	0	0	0	0.00	
0.50	0.50	0.10	4	WAIT_DIE	0	113276.23	COMMIT	121564	3979969	0	2383381	1537672	ABORT	14	121	0	47	56	4	34	48	53	59	0	0	0	0	0.00	
0.50	0.50	0.10	8	WAIT_DIE	0	213632.13	COMMIT	112264	3993652	112	2297356	1623605	ABORT	6	63	0	11	41	2	36	50	55	62	0	0	0	0	0.00	
0.50	0.50	0.10	12	WAIT_DIE	0	300932.39	COMMIT	102394	3994703	53	2183148	1755174	ABORT	36	369	0	163	160	18	39	53	58	67	0	0	0	1	0.00	
0.50	0.50	0.10	16	WAIT_DIE	0	379020.01	COMMIT	93402	3994255	30	2059750	1892489	ABORT	29	330	0	83	202	17	41	57	64	72	0	0	0	2	0.00	
0.50	0.50	0.10	20	WAIT_DIE	0	448548.65	COMMIT	86026	3995016	17	1971267	1986947	ABORT	30	359	0	172	153	14	43	62	70	78	0	0	0	2	0.00	
0.50	0.50	0.10	24	WAIT_DIE	0	510399.72	COMMIT	79926	3994447	98	1923960	2025132	ABORT	71	821	0	338	392	40	45	67	75	84	0	0	0	3	0.00	
0.50	0.50	0.10	28	WAIT_DIE	0	562626.85	COMMIT	75100	3992811	135	1914972	2029307	ABORT	35	399	0	145	207	19	48	71	80	93	0	0	0	3	0.00	
0.50	0.50	0.10	32	WAIT_DIE	0	606909.98	COMMIT	70718	3993685	163	1958459	1984984	ABORT	63	753	0	303	362	41	51	75	85	99	0	0	0	4	0.00	
0.50	0.50	0.10	36	WAIT_DIE	0	638133.26	COMMIT	65982	3992075	76	2014581	1930561	ABORT	63	802	0	411	310	30	55	80	91	108	0	0	0	4	0.00	
0.50	0.50	0.10	1	WOUND_WAIT	0	33690.35	COMMIT	134251	3954824	0	2323750	1577469	ABORT	0	0	0	0	0	0	28	40	45	54	0	0	0	0	0.00	
0.50	0.50	0.10	4	WOUND_WAIT	0	112759.96	COMMIT	121110	3994663	121	2400399	1527150	ABORT	0	0	0	0	0	0	34	48	53	59	0	0	0	0	0.00	
0.50	0.50	0.10	8	WOUND_WAIT	0	213257.82	COMMIT	111808	3988904	148	2293686	1615746	ABORT	0	0	0	0	0	0	36	50	55	62	0	0	0	0	0.00	
0.50	0.50	0.10	12	WOUND_WAIT	0	302506.89	COMMIT	102824	3992089	191	2183990	1760512	ABORT	0	0	0	0	0	0	38	52	58	67	0	0	0	0	0.00	
0.50	0.50	0.10	16	WOUND_WAIT	0	381609.14	COMMIT	93865	3995070	227	2062116	1888325	ABORT	0	0	0	0	0	0	41	57	64	71	0	0	0	0	0.00	
0.50	0.50	0.10	20	WOUND_WAIT	0	450113.04	COMMIT	86068	3994444	421	1964153	1987258	ABORT	0	0	0	0	0	0	43	62	70	78	0	0	0	0	0.00	
0.50	0.50	0.10	24	WOUND_WAIT	0	512230.77	COMMIT	80298	3994577	456	1913722	2039065	ABORT	0	0	0	0	0	0	45	66	74	83	0	0	0	0	0.00	
0.50	0.50	0.10	28	WOUND_WAIT	0	566233.47	COMMIT	75490	3994355	361	1911978	2039957	ABORT	0	0	0	0	0	0	48	71	79	89	0	0	0	0	0.00	
0.50	0.50	0.10	32	WOUND_WAIT	0	605704.66	COMMIT	70370	3994068	733	1945314	1997887	ABORT	0	0	0	0	0	0	51	75	85	97	0	0	0	0	0.00	
0.50	0.50	0.10	36	WOUND_WAIT	0	641903.69	COMMIT	66205	3993784	657	2009000	1936106	ABORT	0	0	0	0	0	0	54	80	91	104	0	0	0	0	0.00	
0.50	0.50	0.10	1	DLOCK	0	33527.72	COMMIT	133495	3994439	0	2155985	1798776	ABORT	0	0	0	0	0	0	29	41	45	60	0	0	0	0	0.00	
0.50	0.50	0.10	4	DLOCK	0	113696.20	COMMIT	120035	3994686	31	2114422	1833788	ABORT	0	0	0	0	0	0	34	47	52	59	0	0	0	0	0.00	
0.50	0.50	0.10	8	DLOCK	0	211370.25	COMMIT	108504	3995051	58	2027820	1924110	ABORT	0	0	0	0	0	0	37	50	55	62	0	0	0	0	0.00	
0.50	0.50	0.10	12	DLOCK	0	299584.94	COMMIT	98472	3995403	9	1844301	2100860	ABORT	0	0	0	0	0	0	39	54	60	67	0	0	0	0	0.00	
0.50	0.50	0.10	16	DLOCK	0	376787.28	COMMIT	89728	3995519	40	1740967	2197191	ABORT	0	0	0	0	0	0	41	59	66	73	0	0	0	0	0.00	
0.50	0.50	0.10	20	DLOCK	0	439767.21	COMMIT	82790	3995544	62	1716225	2219572	ABORT	0	0	0	0	0	0	44	64	71	79	0	0	0	0	0.00	
0.50	0.50	0.10	24	DLOCK	0	496718.90	COMMIT	77321	3995612	39	1731625	2225411	ABORT	0	0	0	0	0	0	47	68	76	85	0	0	0	0	0.00	
0.50	0.50	0.10	28	DLOCK	0	539949.23	COMMIT	72060	3995065	239	1768346	2183249	ABORT	0	0	0	0	0	0	50	73	82	93	0	0	0	0	0.00	
0.50	0.50	0.10	32	DLOCK	0	574445.98	COMMIT	67075	3995415	112	1793697	2145894	ABORT	0	0	0	0	0	0	54	79	89	102	0	0	0	0	0.00	
0.50	0.50	0.10	36	DLOCK	0	590979.67	COMMIT	61187	3990003	197	1868684	2073853	ABORT	0	0	0	0	0	0	59	86	97	114	0	0	0	0	0.00	
0.50	0.50	0.10	1	HLOCK	0	32504.04	COMMIT	129444	3992456	60828	2100084	1841031	ABORT	0	0	0	0	0	0	30	42	47	62	0	0	0	0	0.00	
0.50	0.50	0.10	4	HLOCK	0	110882.60	COMMIT	117093	3992729	60528	2083652	1847752	ABORT	1	15	0	0	10	0	35	49	54	61	0	0	0	0	0.00	
0.50	0.50	0.10	8	HLOCK	0	210216.65	COMMIT	107799	3993388	58361	1963072	1976770	ABORT	1	23	0	0	18	0	37	51	56	64	0	0	0	0	0.00	
0.50	0.50	0.10	12	HLOCK	0	295810.18	COMMIT	97652	3993672	52527	1836741	2107398	ABORT	0	0	0	0	0	0	39	55	61	69	0	0	0	0	0.00	
0.50	0.50	0.10	16	HLOCK	0	371863.79	COMMIT	88932	3993892	48977	1726806	2219995	ABORT	0	0	0	0	0	0	42	60	68	75	0	0	0	0	0.00	
0.50	0.50	0.10	20	HLOCK	0	437418.15	COMMIT	82471	3994014	46148	1683256	2265436	ABORT	3	68	0	2	57	2	44	65	73	81	0	0	0	0	0.00	
0.50	0.50	0.10	24	HLOCK	0	494286.90	COMMIT	77134	3993844	44861	1681190	2269410	ABORT	4	107	0	3	90	6	47	70	78	87	0	0	0	0	0.00	
0.50	0.50	0.10	28	HLOCK	0	539097.21	COMMIT	72127	3993830	43966	1715350	2234381	ABORT	4	97	0	3	81	3	50	74	84	94	0	0	0	0	0.00	
0.50	0.50	0.10	32	HLOCK	0	571041.66	COMMIT	67001	3994281	43893	1771760	2177583	ABORT	3	73	0	2	60	3	54	80	90	103	0	0	0	0	0.00	
0.50	0.50	0.10	36	HLOCK	0	591551.40	COMMIT	61164	3993149	44230	1838789	2106650	ABORT	4	114	0	3	94	5	59	87	100	118	0	0	0	0	0.00	
0.50	0.50	0.10	1	SILO	0	34717.61	COMMIT	138311	3991357	0	2265225	1695723	ABORT	0	0	0	0	0	0	28	39	44	63	0	0	0	0	0.00	
0.50	0.50	0.10	4	SILO	0	115417.17	COMMIT	122711	3992553	0	2250161	1714546	ABORT	1	33	0	0	19	10	34	46	51	59	0	0	0	0	0.00	
0.50	0.50	0.10	8	SILO	0	214768.62	COMMIT	109794	3993156	0	2067773	1900665	ABORT	4	102	0	3	83	9	36	49	54	61	0	0	0	0	0.00	
0.50	0.50	0.10	12	SILO	0	295392.36	COMMIT	96806	3993565	0	1908215	2063377	ABORT	4	103	0	3	82	11	39	55	62	69	0	0	0	0	0.00	
0.50	0.50	0.10	16	SILO	0	363595.77	COMMIT	86429	3994008	0	1813800	2160247	ABORT	2	57	0	4	43	5	42	62	69	77	0	0	0	0	0.00	
0.50	0.50	0.10	20	SILO	0	415669.71	COMMIT	78608	3994302	0	1841124	2134886	ABORT	1	33	0	0	26	1	46	67	75	84	0	0	0	0	0.00	
0.50	0.50	0.10	24	SILO	0	455109.44	COMMIT	71770	3994065	0	1912559	2064921	ABORT	9	314	0	13	241	46	51	73	82	90	0	0	0	0	0.00	
0.50	0.50	0.10	28	SILO	0	477487.53	COMMIT	65033	3994236	0	2021985	1956737	ABORT	2	92	0	1	62	22	57	80	89	100	0	0	0	0	0.00	
0.50	0.50	0.10	32	SILO	0	489238.46	COMMIT	58643	3994661	0	2139600	1839951	ABORT	6	253	0	9	220	8	63	88	102	162	0	0	0	1	0.00	
0.50	0.50	0.10	36	SILO	0	494145.20	COMMIT	52778	3994312	0	2249831	1729814	ABORT	8	453	0	11	342	72	71	97	114	141	0	0	0	1	0.00	
0.50	0.50	0.99	1	NO_WAIT	0	44732.90	COMMIT	178561	3989451	0	1919372	2031696	ABORT	0	0	0	0	0	0	21	34	38	48	0	0	0	0	0.00	
0.50	0.50	0.99	4	NO_WAIT	0	56767.95	COMMIT	59252	1469323	0	744622	712086	ABORT	71023	2522228	0	2200769	266249	40615	29	1144	4129	7966	0	10	18	28	0.55	
0.50	0.50	0.99	8	NO_WAIT	0	62108.86	COMMIT	32421	809110	0	404999	396900	ABORT	57158	3184316	0	2931395	208547	32333	31	2633	6905	11729	0	14	25	37	0.64	
0.50	0.50	0.99	12	NO_WAIT	0	65007.30	COMMIT	22385	559504	0	276479	277972	ABORT	47989	3434542	0	3223814	172917	27488	33	3750	9072	14534	0	17	31	44	0.69	
0.50	0.50	0.99	16	NO_WAIT	0	66826.09	COMMIT	18053	453728	0	224154	225850	ABORT	43488	3541767	0	3354855	154177	24560	34	4768	10809	18182	1	20	35	54	0.71	
0.50	0.50	0.99	20	NO_WAIT	0	68364.16	COMMIT	13389	338248	0	165457	169518	ABORT	37304	3656628	0	3496440	130180	21331	35	5612	12525	20135	1	22	40	59	0.74	
0.50	0.50	0.99	24	NO_WAIT	0	69423.34	COMMIT	11108	281853	0	137693	141646	ABORT	33962	3714366	0	3568404	119891	19425	36	6330	14187	23229	1	24	44	66	0.75	
0.50	0.50	0.99	28	NO_WAIT	0	70399.26	COMMIT	10484	266000	0	129622	133940	ABORT	33737	3729830	0	3587514	116689	19080	37	7205	15188	24270	1	26	47	71	0.77	
0.50	0.50	0.99	32	NO_WAIT	0	71287.20	COMMIT	9011	228234	0	110394	115699	ABORT	31414	3765958	0	3632682	108311	17642	38	7745	16858	26545	1	27	51	79	0.78	
0.50	0.50	0.99	36	NO_WAIT	0	71632.59	COMMIT	8157	209994	0	102206	105759	ABORT	30374	3785745	0	3654192	107247	17652	39	8664	18240	29542	2	30	55	88	0.79	
0.50	0.50	0.99	1	WAIT_DIE	0	44430.53	COMMIT	177363	3988597	0	1901278	2019627	ABORT	0	0	0	0	0	0	21	34	38	49	0	0	0	0	0.00	
0.50	0.50	0.99	4	WAIT_DIE	0	71683.29	COMMIT	72619	2278261	403306	1321205	921933	ABORT	143599	1707800	25132	1047348	519997	78060	41	185	282	447	1	6	7	8	0.66	
0.50	0.50	0.99	8	WAIT_DIE	0	77845.22	COMMIT	39046	1473612	449904	941092	513981	ABORT	123322	2514023	80727	1897889	491689	68143	62	502	797	1099	3	8	9	9	0.76	
0.50	0.50	0.99	12	WAIT_DIE	0	78670.05	COMMIT	26682	1124764	418182	754935	356921	ABORT	99748	2866059	99239	2331250	432641	56324	77	906	1276	1530	4	9	10	11	0.79	
0.50	0.50	0.99	16	WAIT_DIE	0	78468.40	COMMIT	19508	894795	376275	622220	263219	ABORT	82127	3097144	106305	2633515	379355	46510	92	1217	1617	1939	5	10	11	12	0.81	
0.50	0.50	0.99	20	WAIT_DIE	0	78301.87	COMMIT	15917	759587	334530	535707	215927	ABORT	71271	3232244	112401	2810084	348147	40705	105	1468	1903	2216	5	10	12	13	0.82	
0.50	0.50	0.99	24	WAIT_DIE	0	77861.83	COMMIT	12859	656388	312914	474657	175618	ABORT	61493	3337716	124406	2945690	329253	35752	117	1725	2180	2532	5	11	12	13	0.83	
0.50	0.50	0.99	28	WAIT_DIE	0	76995.17	COMMIT	11030	592873	296935	435901	151469	ABORT	55667	3401518	121168	3038800	305262	32270	132	1954	2440	2828	6	11	13	14	0.83	
0.50	0.50	0.99	32	WAIT_DIE	0	76420.77	COMMIT	9555	536721	280227	400642	131203	ABORT	50565	3456539	130875	3103864	297987	29517	147	2179	2686	3108	6	12	14	15	0.84	
0.50	0.50	0.99	36	WAIT_DIE	0	75453.45	COMMIT	8425	492361	261676	370812	117276	ABORT	46246	3502026	124595	3170628	281456	28464	164	2412	2965	3358	6	13	14	16	0.85	
0.50	0.50	0.99	1	WOUND_WAIT	0	44460.84	COMMIT	177382	3989597	0	1902506	2017499	ABORT	0	0	0	0	0	0	22	34	38	58	0	0	0	0	0.00	
0.50	0.50	0.99	4	WOUND_WAIT	0	77578.24	COMMIT	78365	3796987	1596016	2755095	1002737	ABORT	7629	197539	95814	12986	166069	14564	46	112	136	169	0	1	2	4	0.09	
0.50	0.50	0.99	8	WOUND_WAIT	0	80072.93	COMMIT	40240	3302072	2161642	2746645	533606	ABORT	14638	692082	489689	36457	619176	27847	102	208	257	382	0	3	5	6	0.27	
0.50	0.50	0.99	12	WOUND_WAIT	0	78299.20	COMMIT	26226	2911161	2167349	2540231	356507	ABORT	17333	1084937	828216	63828	976671	34283	163	302	394	638	0	5	6	8	0.40	
0.50	0.50	0.99	16	WOUND_WAIT	0	76341.17	COMMIT	19137	2610907	2063908	2336161	265241	ABORT	18102	1385932	1087597	99906	1240586	36491	225	399	571	1082	0	6	7	9	0.49	
0.50	0.50	0.99	20	WOUND_WAIT	0	74408.59	COMMIT	14895	2345416	1916565	2127519	209669	ABORT	18573	1651292	1311271	135146	1467490	38550	289	506	810	1457	0	7	8	10	0.55	
0.50	0.50	0.99	24	WOUND_WAIT	0	73070.33	COMMIT	12174	2170794	1816852	1990438	173595	ABORT	18180	1826284	1455057	169200	1608850	38514	354	613	1022	1781	1	7	9	11	0.60	
0.50	0.50	0.99	28	WOUND_WAIT	0	71453.82	COMMIT	10240	1979941	1681785	1825748	148382	ABORT	18316	2016878	1599414	213726	1753863	39251	420	741	1384	2152	1	8	9	11	0.64	
0.50	0.50	0.99	32	WOUND_WAIT	0	70186.70	COMMIT	8720	1848692	1590325	1714659	129019	ABORT	17474	2148076	1696124	255374	1845071	37935	486	886	1585	2473	1	8	10	12	0.66	
0.50	0.50	0.99	36	WOUND_WAIT	0	66418.28	COMMIT	7378	1710042	1482753	1594234	111508	ABORT	16484	2285585	1800638	285559	1951181	38625	570	1069	1859	2751	1	9	10	13	0.69	
0.50	0.50	0.99	1	DLOCK	0	44629.38	COMMIT	178084	3989350	0	1775688	2142189	ABORT	0	0	0	0	0	0	21	34	38	54	0	0	0	0	0.00	
0.50	0.50	0.99	4	DLOCK	0	111665.25	COMMIT	113026	3858488	780099	2178340	1618553	ABORT	6274	134020	64251	12083	111685	6693	30	90	126	222	0	1	3	4	0.05	
0.50	0.50	0.99	8	DLOCK	0	133619.73	COMMIT	67173	3556402	1605510	2448334	1070831	ABORT	15398	438054	259762	48338	365019	16268	41	169	205	272	0	3	5	7	0.18	
0.50	0.50	0.99	12	DLOCK	0	137887.65	COMMIT	45912	3265637	1875644	2432733	805651	ABORT	19978	728048	472478	99825	594735	22771	61	247	310	511	0	5	7	8	0.30	
0.50	0.50	0.99	16	DLOCK	0	141313.01	COMMIT	35216	3025782	1929087	2352177	653896	ABORT	22490	969048	635173	164466	766489	26065	86	323	432	750	0	6	8	9	0.38	
0.50	0.50	0.99	20	DLOCK	0	143104.55	COMMIT	28599	2860316	1928098	2285101	559258	ABORT	22995	1135353	727530	229529	863659	30259	111	404	616	1141	0	7	8	9	0.44	
0.50	0.50	0.99	24	DLOCK	0	145171.51	COMMIT	24114	2724060	1922437	2216656	493856	ABORT	23364	1271713	799520	297650	930495	31439	135	483	796	1361	0	7	9	10	0.48	
0.50	0.50	0.99	28	DLOCK	0	146713.17	COMMIT	20787	2592105	1887230	2139904	440249	ABORT	23389	1403695	864967	362976	995222	33457	158	570	1021	1607	0	8	9	11	0.52	
0.50	0.50	0.99	32	DLOCK	0	149679.34	COMMIT	18828	2470915	1817411	2040350	419963	ABORT	23409	1524136	932853	414125	1060640	37444	179	655	1198	1773	0	8	10	11	0.54	
0.50	0.50	0.99	36	DLOCK	0	150803.55	COMMIT	16591	2376642	1783533	1982821	383400	ABORT	22967	1617646	951374	490717	1077639	37424	200	749	1309	1925	0	8	10	11	0.57	
0.50	0.50	0.99	1	HLOCK	0	42509.54	COMMIT	169665	3990171	76432	1691084	2232446	ABORT	0	0	0	0	0	0	23	35	40	52	0	0	0	0	0.00	
0.50	0.50	0.99	4	HLOCK	0	118917.44	COMMIT	119451	3629211	358024	1394985	2169637	ABORT	22992	361658	41798	43839	227322	77445	31	63	92	182	0	2	3	4	0.15	
0.50	0.50	0.99	8	HLOCK	0	156522.40	COMMIT	77669	2778718	606686	765750	1971548	ABORT	58688	1211140	328348	148346	559879	469478	42	126	158	206	0	4	5	6	0.43	
0.50	0.50	0.99	12	HLOCK	0	146119.89	COMMIT	48114	1874883	499055	420065	1427881	ABORT	78956	2114857	737968	436936	653697	977864	62	234	326	455	1	6	7	8	0.62	
0.50	0.50	0.99	16	HLOCK	0	129654.52	COMMIT	31799	1282365	353095	266085	997743	ABORT	78993	2705619	914736	864509	602841	1188934	83	408	612	878	2	7	8	9	0.71	
0.50	0.50	0.99	20	HLOCK	0	118073.86	COMMIT	23050	958741	266639	195156	750873	ABORT	71049	3033992	951430	1250690	535352	1208695	102	641	985	1236	2	8	9	10	0.75	
0.50	0.50	0.99	24	HLOCK	0	112338.52	COMMIT	18136	747877	200577	152611	584863	ABORT	63926	3244583	887644	1615740	469440	1123126	116	882	1266	1461	3	9	10	10	0.77	
0.50	0.50	0.99	28	HLOCK	0	104161.90	COMMIT	14415	602964	164211	120205	474596	ABORT	55953	3390524	861245	1876541	403855	1078692	127	1202	1504	1784	3	9	10	11	0.79	
0.50	0.50	0.99	32	HLOCK	0	100111.81	COMMIT	12181	510670	135151	102455	401180	ABORT	50376	3481719	796556	2089725	366981	995502	137	1392	1735	2001	4	10	11	12	0.80	
0.50	0.50	0.99	36	HLOCK	0	94661.71	COMMIT	10279	446258	126525	86622	353584	ABORT	44627	3544597	788184	2220653	323985	973695	145	1612	1978	2246	4	10	11	12	0.81	
0.50	0.50	0.99	1	SILO	0	45221.81	COMMIT	180496	3989450	0	1818756	2131250	ABORT	0	0	0	0	0	0	21	33	38	54	0	0	0	0	0.00	
0.50	0.50	0.99	4	SILO	0	105601.92	COMMIT	108567	2993545	0	1475611	1494617	ABORT	43483	996966	0	96577	681170	208738	33	92	147	259	0	3	4	6	0.29	
0.50	0.50	0.99	8	SILO	0	137582.91	COMMIT	69478	2005496	0	957431	1032464	ABORT	63619	1986031	0	574862	1080595	315112	41	255	1679	4421	1	6	11	18	0.48	
0.50	0.50	0.99	12	SILO	0	144458.02	COMMIT	47301	1401312	0	665438	724267	ABORT	56540	2591902	0	1294954	998771	284031	45	689	4285	9414	1	8	17	29	0.55	
0.50	0.50	0.99	16	SILO	0	147670.60	COMMIT	35606	1076223	0	507073	559337	ABORT	49538	2917093	0	1753113	897373	251359	48	1477	6641	14070	1	10	23	41	0.58	
0.50	0.50	0.99	20	SILO	0	149073.30	COMMIT	27791	846573	0	400763	439333	ABORT	43955	3147923	0	2107922	805317	224338	50	2250	8484	18012	1	12	28	52	0.61	
0.50	0.50	0.99	24	SILO	0	150005.05	COMMIT	24515	756086	0	357929	392486	ABORT	41402	3238563	0	2252594	766971	209275	51	2909	10299	22914	1	14	32	64	0.63	
0.50	0.50	0.99	28	SILO	0	150901.13	COMMIT	20586	639894	0	301432	333441	ABORT	37331	3355325	0	2456543	700212	189700	52	3587	12168	27763	1	16	37	76	0.64	
0.50	0.50	0.99	32	SILO	0	151331.00	COMMIT	17073	534314	0	250119	279936	ABORT	33920	3460609	0	2633990	644051	173979	53	4129	14258	33359	1	17	42	89	0.66	
0.50	0.50	0.99	36	SILO	0	151517.53	COMMIT	15562	491188	0	230524	256910	ABORT	32545	3502437	0	2697262	629380	166769	54	4733	16594	38126	1	18	48	104	0.67	
bimodal, w log
Rd	Wt	Zip	T	CC	TP	P50	P90	P99	P999	Abt
0.50	0.50	0.10	1	NO_WAIT	0	33947.04	COMMIT	135308	3992108	0	2366222	1595153	ABORT	0	0	0	0	0	0	28	40	45	56	0	0	0	0	0.00	
0.50	0.50	0.10	4	NO_WAIT	0	114165.77	COMMIT	122784	3992584	0	2409916	1555006	ABORT	7	87	0	27	48	4	34	48	53	60	0	0	0	0	0.00	
0.50	0.50	0.10	8	NO_WAIT	0	216036.27	COMMIT	113578	3992651	0	2320315	1646762	ABORT	32	347	0	136	179	19	36	49	54	62	0	0	0	0	0.00	
0.50	0.50	0.10	12	NO_WAIT	0	304659.00	COMMIT	103375	3993168	0	2197990	1771488	ABORT	19	226	0	71	129	13	38	52	58	66	0	0	0	1	0.00	
0.50	0.50	0.10	16	NO_WAIT	0	382439.58	COMMIT	93866	3992808	0	2071615	1899599	ABORT	52	626	0	228	343	30	41	57	64	73	0	0	0	3	0.00	
0.50	0.50	0.10	20	NO_WAIT	0	452109.82	COMMIT	86453	3993141	0	1972490	2000709	ABORT	48	592	0	225	316	31	43	62	69	80	0	0	0	3	0.00	
0.50	0.50	0.10	24	NO_WAIT	0	514168.57	COMMIT	80548	3992763	0	1928517	2045665	ABORT	79	1015	0	386	534	62	45	66	74	87	0	0	0	4	0.00	
0.50	0.50	0.10	28	NO_WAIT	0	568445.78	COMMIT	75867	3993188	0	1929828	2045444	ABORT	47	629	0	198	370	39	48	70	79	92	0	0	0	4	0.00	
0.50	0.50	0.10	32	NO_WAIT	0	611431.61	COMMIT	71247	3992694	0	1969886	2005596	ABORT	110	1406	0	637	641	79	51	75	84	103	0	0	0	4	0.00	
0.50	0.50	0.10	36	NO_WAIT	0	644443.25	COMMIT	66379	3992290	0	2026703	1941271	ABORT	107	1531	0	531	860	91	54	80	90	109	0	0	0	4	0.00	
0.50	0.50	0.10	1	WAIT_DIE	0	33729.49	COMMIT	134442	3954843	0	2320764	1581239	ABORT	0	0	0	0	0	0	28	41	45	59	0	0	0	0	0.00	
0.50	0.50	0.10	4	WAIT_DIE	0	113131.56	COMMIT	121537	3994644	19	2395893	1550010	ABORT	7	53	0	19	21	5	34	48	53	59	0	0	0	0	0.00	
0.50	0.50	0.10	8	WAIT_DIE	0	213865.44	COMMIT	112333	3993643	62	2311544	1631256	ABORT	17	139	0	55	63	6	36	49	55	62	0	0	0	0	0.00	
0.50	0.50	0.10	12	WAIT_DIE	0	301083.31	COMMIT	102443	3994872	60	2183372	1750221	ABORT	31	363	0	153	168	18	39	53	58	67	0	0	0	1	0.00	
0.50	0.50	0.10	16	WAIT_DIE	0	378836.89	COMMIT	93265	3995000	59	2044958	1900718	ABORT	33	398	0	86	259	24	41	57	64	73	0	0	0	2	0.00	
0.50	0.50	0.10	20	WAIT_DIE	0	448643.66	COMMIT	85758	3994608	117	1967852	1982560	ABORT	56	688	0	246	367	34	43	62	70	78	0	0	0	3	0.00	
0.50	0.50	0.10	24	WAIT_DIE	0	510066.08	COMMIT	79964	3992237	0	1916813	2026280	ABORT	64	792	0	388	323	36	45	67	75	86	0	0	0	3	0.00	
0.50	0.50	0.10	28	WAIT_DIE	0	562840.66	COMMIT	75109	3993339	155	1918289	2032785	ABORT	69	858	0	304	453	51	48	71	80	93	0	0	0	4	0.00	
0.50	0.50	0.10	32	WAIT_DIE	0	606740.14	COMMIT	70762	3990255	271	1962241	1986728	ABORT	42	538	0	169	294	29	51	75	84	98	0	0	0	4	0.00	
0.50	0.50	0.10	36	WAIT_DIE	0	637997.04	COMMIT	66048	3993091	76	2016228	1931029	ABORT	84	1048	0	328	576	59	55	80	91	108	0	0	0	4	0.00	
0.50	0.50	0.10	1	WOUND_WAIT	0	33665.12	COMMIT	134186	3954237	0	2324237	1576244	ABORT	0	0	0	0	0	0	28	41	45	59	0	0	0	0	0.00	
0.50	0.50	0.10	4	WOUND_WAIT	0	112681.26	COMMIT	120962	3994335	92	2408210	1528185	ABORT	0	0	0	0	0	0	34	48	53	60	0	0	0	0	0.00	
0.50	0.50	0.10	8	WOUND_WAIT	0	213232.37	COMMIT	112030	3981851	155	2309331	1618656	ABORT	0	0	0	0	0	0	36	50	55	62	0	0	0	0	0.00	
0.50	0.50	0.10	12	WOUND_WAIT	0	302144.48	COMMIT	102699	3990409	156	2166755	1766317	ABORT	0	0	0	0	0	0	39	52	58	66	0	0	0	0	0.00	
0.50	0.50	0.10	16	WOUND_WAIT	0	381223.50	COMMIT	93760	3991841	168	2054435	1894417	ABORT	0	0	0	0	0	0	41	57	64	72	0	0	0	0	0.00	
0.50	0.50	0.10	20	WOUND_WAIT	0	450126.03	COMMIT	86084	3992433	420	1956023	1992096	ABORT	0	0	0	0	0	0	43	62	69	78	0	0	0	0	0.00	
0.50	0.50	0.10	24	WOUND_WAIT	0	511886.93	COMMIT	80231	3993797	391	1917762	2034797	ABORT	0	0	0	0	0	0	45	66	74	83	0	0	0	0	0.00	
0.50	0.50	0.10	28	WOUND_WAIT	0	565885.33	COMMIT	75539	3994521	340	1913579	2038866	ABORT	0	0	0	0	0	0	48	70	79	89	0	0	0	0	0.00	
0.50	0.50	0.10	32	WOUND_WAIT	0	606144.45	COMMIT	70743	3992851	399	1952509	1995466	ABORT	0	0	0	0	0	0	51	75	85	96	0	0	0	0	0.00	
0.50	0.50	0.10	36	WOUND_WAIT	0	641743.41	COMMIT	66192	3994328	542	2013388	1936558	ABORT	0	0	0	0	0	0	55	80	91	104	0	0	0	0	0.00	
0.50	0.50	0.10	1	DLOCK	0	33556.70	COMMIT	133571	3994030	0	2155636	1798447	ABORT	0	0	0	0	0	0	29	41	45	60	0	0	0	0	0.00	
0.50	0.50	0.10	4	DLOCK	0	113649.82	COMMIT	120044	3994217	17	2104776	1789964	ABORT	0	0	0	0	0	0	34	47	52	59	0	0	0	0	0.00	
0.50	0.50	0.10	8	DLOCK	0	211591.60	COMMIT	108657	3994698	70	2035421	1916450	ABORT	0	0	0	0	0	0	37	49	54	63	0	0	0	0	0.00	
0.50	0.50	0.10	12	DLOCK	0	299986.92	COMMIT	98472	3994946	28	1864033	2086261	ABORT	0	0	0	0	0	0	39	54	60	67	0	0	0	0	0.00	
0.50	0.50	0.10	16	DLOCK	0	376529.89	COMMIT	89630	3987177	69	1751342	2187707	ABORT	0	0	0	0	0	0	41	59	66	74	0	0	0	0	0.00	
0.50	0.50	0.10	20	DLOCK	0	439650.84	COMMIT	82715	3995090	102	1743588	2215719	ABORT	0	0	0	0	0	0	44	64	72	79	0	0	0	0	0.00	
0.50	0.50	0.10	24	DLOCK	0	496614.25	COMMIT	77222	3991514	324	1722129	2229819	ABORT	0	0	0	0	0	0	47	68	76	85	0	0	0	0	0.00	
0.50	0.50	0.10	28	DLOCK	0	539566.71	COMMIT	72061	3992938	159	1759888	2185020	ABORT	0	0	0	0	0	0	50	73	82	92	0	0	0	0	0.00	
0.50	0.50	0.10	32	DLOCK	0	573362.44	COMMIT	66922	3991458	177	1801260	2144418	ABORT	0	0	0	0	0	0	54	79	89	101	0	0	0	0	0.00	
0.50	0.50	0.10	36	DLOCK	0	590520.09	COMMIT	61195	3994888	138	1872223	2078357	ABORT	0	0	0	0	0	0	59	86	98	114	0	0	0	0	0.00	
0.50	0.50	0.10	1	HLOCK	0	32435.05	COMMIT	129195	3992061	60621	2101624	1839088	ABORT	0	0	0	0	0	0	30	42	47	60	0	0	0	0	0.00	
0.50	0.50	0.10	4	HLOCK	0	111315.16	COMMIT	117380	3992153	59902	2079508	1850989	ABORT	0	0	0	0	0	0	35	49	54	61	0	0	0	0	0.00	
0.50	0.50	0.10	8	HLOCK	0	210185.36	COMMIT	107719	3992966	58835	1961595	1976183	ABORT	1	22	0	0	16	0	37	51	56	64	0	0	0	0	0.00	
0.50	0.50	0.10	12	HLOCK	0	292937.34	COMMIT	97896	3993206	52512	1837171	2105396	ABORT	1	24	0	0	18	0	40	55	62	69	0	0	0	0	0.00	
0.50	0.50	0.10	16	HLOCK	0	371381.69	COMMIT	88830	3993418	49536	1729400	2216936	ABORT	1	18	0	2	11	0	42	61	68	75	0	0	0	0	0.00	
0.50	0.50	0.10	20	HLOCK	0	437621.28	COMMIT	82365	3993565	46437	1683295	2265784	ABORT	3	68	0	2	54	3	44	65	73	81	0	0	0	0	0.00	
0.50	0.50	0.10	24	HLOCK	0	494743.22	COMMIT	77169	3993447	44912	1680027	2270895	ABORT	1	26	0	0	18	1	47	69	78	87	0	0	0	0	0.00	
0.50	0.50	0.10	28	HLOCK	0	538678.27	COMMIT	72071	3993158	44151	1718133	2231405	ABORT	3	54	0	2	41	3	50	74	83	94	0	0	0	0	0.00	
0.50	0.50	0.10	32	HLOCK	0	570547.29	COMMIT	66983	3993742	43434	1777308	2171805	ABORT	2	47	0	1	37	2	54	80	90	104	0	0	0	0	0.00	
0.50	0.50	0.10	36	HLOCK	0	591350.65	COMMIT	61342	3992279	43421	1836705	2108041	ABORT	6	179	0	9	148	4	59	87	100	117	0	0	0	0	0.00	
0.50	0.50	0.10	1	SILO	0	34668.69	COMMIT	138202	3991569	0	2265717	1695549	ABORT	0	0	0	0	0	0	28	39	44	57	0	0	0	0	0.00	
0.50	0.50	0.10	4	SILO	0	115178.74	COMMIT	122344	3992077	0	2256362	1707361	ABORT	1	39	0	0	18	18	34	46	51	59	0	0	0	0	0.00	
0.50	0.50	0.10	8	SILO	0	214539.39	COMMIT	109896	3992814	0	2068509	1899713	ABORT	0	0	0	0	0	0	36	49	55	62	0	0	0	0	0.00	
0.50	0.50	0.10	12	SILO	0	295598.75	COMMIT	96760	3993214	0	1907926	2063341	ABORT	4	160	0	3	77	73	39	55	62	69	0	0	0	0	0.00	
0.50	0.50	0.10	16	SILO	0	363708.38	COMMIT	86477	3993598	0	1816599	2157114	ABORT	3	105	0	5	80	12	42	62	69	77	0	0	0	0	0.00	
0.50	0.50	0.10	20	SILO	0	415362.24	COMMIT	78611	3993659	0	1842951	2132428	ABORT	6	243	0	8	141	83	46	67	75	83	0	0	0	0	0.00	
0.50	0.50	0.10	24	SILO	0	455111.07	COMMIT	71792	3993656	0	1912527	2064316	ABORT	11	435	0	16	289	115	51	73	82	92	0	0	0	1	0.00	
0.50	0.50	0.10	28	SILO	0	477834.51	COMMIT	65004	3993679	0	2020482	1957647	ABORT	4	215	0	3	126	71	57	80	90	102	0	0	0	1	0.00	
0.50	0.50	0.10	32	SILO	0	489404.40	COMMIT	58612	3993892	0	2136374	1842709	ABORT	4	186	0	3	152	18	63	89	102	160	0	0	0	1	0.00	
0.50	0.50	0.10	36	SILO	0	494513.53	COMMIT	52778	3993883	0	2248349	1730915	ABORT	4	243	0	3	183	43	71	97	112	141	0	0	0	1	0.00	
0.50	0.50	0.99	1	NO_WAIT	0	44796.45	COMMIT	178758	3989109	0	1917516	2033173	ABORT	0	0	0	0	0	0	21	34	38	50	0	0	0	0	0.00	
0.50	0.50	0.99	4	NO_WAIT	0	56688.64	COMMIT	57220	1421141	0	719818	689251	ABORT	70608	2570020	0	2249019	266202	40915	29	1137	4137	7379	0	10	18	26	0.55	
0.50	0.50	0.99	8	NO_WAIT	0	62090.54	COMMIT	32260	802695	0	401369	394276	ABORT	56237	3190273	0	2942374	204281	31880	31	2645	6833	12255	0	14	25	39	0.64	
0.50	0.50	0.99	12	NO_WAIT	0	64726.08	COMMIT	22053	552155	0	273205	274041	ABORT	47737	3441820	0	3234195	170480	27005	33	3731	8901	14584	0	17	30	47	0.69	
0.50	0.50	0.99	16	NO_WAIT	0	66783.25	COMMIT	17085	430533	0	212437	214598	ABORT	42028	3564870	0	3384584	148364	23800	34	4704	10793	18789	1	19	35	55	0.71	
0.50	0.50	0.99	20	NO_WAIT	0	68337.03	COMMIT	13591	343609	0	167970	172305	ABORT	37874	3650583	0	3486890	132994	21673	35	5528	12722	21844	1	22	40	64	0.74	
0.50	0.50	0.99	24	NO_WAIT	0	69611.27	COMMIT	11883	299513	0	146444	150507	ABORT	35702	3696032	0	3543381	125406	20411	36	6360	13967	22505	1	24	44	66	0.75	
0.50	0.50	0.99	28	NO_WAIT	0	70342.87	COMMIT	9970	252067	0	122043	127718	ABORT	33200	3743476	0	3602816	115344	18806	37	7156	16257	25340	1	26	50	74	0.77	
0.50	0.50	0.99	32	NO_WAIT	0	71132.23	COMMIT	9157	233044	0	113197	117668	ABORT	32006	3760744	0	3623611	111687	18277	38	7897	17328	28270	1	28	52	81	0.78	
0.50	0.50	0.99	36	NO_WAIT	0	71941.41	COMMIT	8226	212151	0	103538	106592	ABORT	29931	3783231	0	3655892	103672	17158	39	8628	18220	30462	2	30	55	85	0.79	
0.50	0.50	0.99	1	WAIT_DIE	0	44470.67	COMMIT	177480	3989212	0	1900833	2020651	ABORT	0	0	0	0	0	0	21	34	38	48	0	0	0	0	0.00	
0.50	0.50	0.99	4	WAIT_DIE	0	71722.75	COMMIT	72469	2271452	398931	1316207	921079	ABORT	143912	1714427	25350	1055228	520508	77727	41	184	280	431	1	6	7	8	0.66	
0.50	0.50	0.99	8	WAIT_DIE	0	77873.20	COMMIT	39051	1478203	453147	945055	514990	ABORT	123130	2509685	78598	1893462	492025	68569	62	504	789	1094	3	8	9	10	0.76	
0.50	0.50	0.99	12	WAIT_DIE	0	78760.13	COMMIT	26253	1108171	413715	744215	350610	ABORT	98415	2882407	99263	2353627	426547	55297	77	902	1272	1524	4	9	10	11	0.79	
0.50	0.50	0.99	16	WAIT_DIE	0	78543.73	COMMIT	19684	900913	377845	625647	265571	ABORT	81879	3091322	108451	2627104	380353	46086	91	1220	1624	1936	5	10	11	12	0.81	
0.50	0.50	0.99	20	WAIT_DIE	0	78350.59	COMMIT	15886	766772	342700	543073	215616	ABORT	71182	3225060	113119	2800707	349387	41300	104	1482	1927	2233	5	10	11	13	0.82	
0.50	0.50	0.99	24	WAIT_DIE	0	77648.74	COMMIT	12949	663963	317468	481856	176090	ABORT	61958	3329783	118784	2944114	322947	35709	118	1736	2200	2511	5	11	12	13	0.83	
0.50	0.50	0.99	28	WAIT_DIE	0	77003.44	COMMIT	10791	578911	287812	424589	148871	ABORT	54598	3414936	119684	3057469	300870	31798	132	1961	2451	2853	6	11	13	14	0.83	
0.50	0.50	0.99	32	WAIT_DIE	0	76253.46	COMMIT	9413	527916	273596	393186	130101	ABORT	49820	3464845	124060	3121623	290352	29074	148	2189	2683	3075	6	12	14	15	0.84	
0.50	0.50	0.99	36	WAIT_DIE	0	75550.12	COMMIT	8393	492053	262650	371130	116613	ABORT	46225	3501811	131554	3163128	288267	28022	165	2404	2925	3280	6	13	14	16	0.85	
0.50	0.50	0.99	1	WOUND_WAIT	0	44297.19	COMMIT	176834	3989265	0	1904870	2014888	ABORT	0	0	0	0	0	0	22	34	38	50	0	0	0	0	0.00	
0.50	0.50	0.99	4	WOUND_WAIT	0	77524.55	COMMIT	78460	3796910	1594765	2748896	1006663	ABORT	7662	197356	95590	13172	165307	14647	47	112	136	170	0	1	2	3	0.09	
0.50	0.50	0.99	8	WOUND_WAIT	0	80119.84	COMMIT	40388	3320676	2173159	2762525	536233	ABORT	14503	675170	475391	35928	603705	27708	102	208	253	366	0	3	5	6	0.27	
0.50	0.50	0.99	12	WOUND_WAIT	0	78510.53	COMMIT	26266	2920218	2173361	2548876	357434	ABORT	16941	1075931	824761	63956	969373	33475	162	302	397	657	0	5	6	8	0.40	
0.50	0.50	0.99	16	WOUND_WAIT	0	76491.46	COMMIT	19120	2600347	2052421	2325120	265182	ABORT	18266	1394778	1090497	101168	1246062	37172	225	400	570	1018	0	6	7	9	0.49	
0.50	0.50	0.99	20	WOUND_WAIT	0	74509.80	COMMIT	14908	2352617	1923221	2134331	209830	ABORT	18428	1643744	1308148	131082	1464107	38199	290	503	775	1491	0	7	8	10	0.55	
0.50	0.50	0.99	24	WOUND_WAIT	0	73040.45	COMMIT	12164	2147247	1795120	1967284	173046	ABORT	18355	1849321	1478581	168459	1632053	38834	354	608	1036	1864	1	7	9	11	0.60	
0.50	0.50	0.99	28	WOUND_WAIT	0	71345.55	COMMIT	10170	1961201	1663784	1808245	147172	ABORT	18089	2035298	1608598	224130	1762052	39310	421	737	1313	2150	1	8	9	11	0.63	
0.50	0.50	0.99	32	WOUND_WAIT	0	70224.38	COMMIT	8754	1814806	1557633	1682080	127975	ABORT	17547	2180817	1723117	260668	1872173	38064	487	872	1562	2367	1	8	10	12	0.66	
0.50	0.50	0.99	36	WOUND_WAIT	0	66626.88	COMMIT	7449	1710739	1479716	1592939	113239	ABORT	16879	2283586	1779147	302940	1931599	38725	569	1082	1852	2940	1	9	10	12	0.69	
0.50	0.50	0.99	1	DLOCK	0	44847.81	COMMIT	178899	3989224	0	1768537	2150197	ABORT	0	0	0	0	0	0	21	33	38	46	0	0	0	0	0.00	
0.50	0.50	0.99	4	DLOCK	0	111688.53	COMMIT	112658	3854220	792598	2185229	1609640	ABORT	6420	137653	65857	13052	114250	6843	30	89	128	221	0	1	3	4	0.05	
0.50	0.50	0.99	8	DLOCK	0	133285.91	COMMIT	66998	3548559	1605277	2444870	1067216	ABORT	15542	445328	266235	48101	372314	16646	41	170	206	276	0	3	5	7	0.18	
0.50	0.50	0.99	12	DLOCK	0	137616.61	COMMIT	45810	3265644	1882818	2441325	797014	ABORT	19682	727643	472478	98317	595460	23242	61	249	309	490	0	5	7	8	0.29	
0.50	0.50	0.99	16	DLOCK	0	141706.18	COMMIT	35301	3033139	1936811	2360860	652599	ABORT	22149	961289	628945	164029	758264	27113	85	322	447	787	0	6	8	9	0.38	
0.50	0.50	0.99	20	DLOCK	0	143691.07	COMMIT	28661	2847487	1918630	2268502	562949	ABORT	23031	1147090	733411	237918	866446	30377	110	402	619	1172	0	7	8	10	0.44	
0.50	0.50	0.99	24	DLOCK	0	145451.14	COMMIT	24180	2720868	1915669	2209837	497696	ABORT	23437	1274324	799007	303548	929114	29921	134	480	797	1374	0	7	9	10	0.48	
0.50	0.50	0.99	28	DLOCK	0	147229.33	COMMIT	20885	2595339	1882297	2136761	446143	ABORT	23286	1399951	864117	361740	993659	32324	158	571	1027	1619	0	8	9	11	0.52	
0.50	0.50	0.99	32	DLOCK	0	150616.96	COMMIT	18700	2495506	1848035	2069219	415305	ABORT	23220	1499828	896310	428567	1021629	37366	178	648	1158	1773	0	8	10	11	0.54	
0.50	0.50	0.99	36	DLOCK	0	150816.47	COMMIT	16636	2387798	1794223	1995070	382026	ABORT	22598	1606000	956849	473849	1081892	38259	201	745	1314	1997	0	8	10	12	0.57	
0.50	0.50	0.99	1	HLOCK	0	42241.55	COMMIT	168579	3989553	77592	1701547	2220261	ABORT	0	0	0	0	0	0	23	35	40	55	0	0	0	0	0.00	
0.50	0.50	0.99	4	HLOCK	0	118566.88	COMMIT	119149	3628824	361591	1395538	2170446	ABORT	22957	361822	41451	43304	227865	78238	31	64	91	176	0	2	3	5	0.15	
0.50	0.50	0.99	8	HLOCK	0	156513.52	COMMIT	77611	2773631	598965	761833	1970830	ABORT	58806	1215768	331070	149883	559137	473534	42	127	159	205	0	4	5	6	0.43	
0.50	0.50	0.99	12	HLOCK	0	146858.22	COMMIT	48419	1850214	470969	421635	1401908	ABORT	81025	2138703	739569	441803	670511	978403	61	232	323	440	1	6	7	8	0.62	
0.50	0.50	0.99	16	HLOCK	0	129468.00	COMMIT	31699	1276537	346152	266419	992075	ABORT	78960	2711416	916158	868798	604207	1189885	83	410	613	860	2	7	8	9	0.71	
0.50	0.50	0.99	20	HLOCK	0	120793.04	COMMIT	23470	957847	256174	197295	747473	ABORT	72405	3034407	929739	1272398	540007	1181560	101	624	969	1229	2	8	9	10	0.75	
0.50	0.50	0.99	24	HLOCK	0	111981.35	COMMIT	18214	751983	198967	155677	585704	ABORT	63904	3241270	899858	1593374	478304	1132662	116	882	1255	1462	3	9	10	10	0.77	
0.50	0.50	0.99	28	HLOCK	0	103433.25	COMMIT	14270	596049	162487	118682	469388	ABORT	55420	3396915	854362	1890484	402971	1072787	127	1213	1512	1784	3	9	10	11	0.79	
0.50	0.50	0.99	32	HLOCK	0	98654.18	COMMIT	11849	496573	133616	100131	389483	ABORT	49338	3496185	797839	2115219	355821	996300	137	1409	1748	2041	4	10	11	12	0.80	
0.50	0.50	0.99	36	HLOCK	0	96620.95	COMMIT	10280	435642	114941	87470	342025	ABORT	45063	3554346	742060	2275980	327538	923756	147	1566	1924	2167	4	10	11	12	0.81	
0.50	0.50	0.99	1	SILO	0	45103.46	COMMIT	180105	3988849	0	1822970	2126664	ABORT	0	0	0	0	0	0	21	33	38	47	0	0	0	0	0.00	
0.50	0.50	0.99	4	SILO	0	105961.93	COMMIT	108930	2995339	0	1475252	1496718	ABORT	43540	994919	0	95567	681098	207856	33	92	146	266	0	3	4	6	0.29	
0.50	0.50	0.99	8	SILO	0	137303.35	COMMIT	69410	2002186	0	954941	1031391	ABORT	63396	1989079	0	580987	1079014	313637	41	252	1761	4603	1	6	11	18	0.48	
0.50	0.50	0.99	12	SILO	0	144347.52	COMMIT	47755	1411523	0	670136	730083	ABORT	57224	2581196	0	1270753	1009306	287125	45	687	4381	9722	1	8	17	30	0.55	
0.50	0.50	0.99	16	SILO	0	148130.81	COMMIT	36219	1094672	0	515403	568363	ABORT	50299	2897881	0	1723700	906197	251563	48	1490	6435	14503	1	10	23	42	0.58	
0.50	0.50	0.99	20	SILO	0	149399.24	COMMIT	28052	855247	0	405283	443464	ABORT	43923	3139137	0	2099593	807784	221503	50	2239	8369	17665	1	12	28	50	0.61	
0.50	0.50	0.99	24	SILO	0	150973.90	COMMIT	24958	766455	0	360341	400121	ABORT	42006	3228197	0	2226908	776303	215163	51	2874	10434	23103	1	14	33	65	0.63	
0.50	0.50	0.99	28	SILO	0	150668.43	COMMIT	21874	677523	0	317938	354278	ABORT	39252	3316278	0	2372720	733028	201067	52	3545	12197	29921	1	15	37	81	0.64	
0.50	0.50	0.99	32	SILO	0	151536.35	COMMIT	18899	591970	0	277041	309543	ABORT	35956	3402630	0	2530659	680017	182139	53	4102	14737	30937	1	17	44	83	0.66	
0.50	0.50	0.99	36	SILO	0	151697.77	COMMIT	14325	452894	0	212146	237331	ABORT	30734	3541738	0	2781175	596291	156776	54	4718	16453	35650	1	18	48	97	0.67	
bimodal, w log
Rd	Wt	Zip	T	CC	TP	P50	P90	P99	P999	Abt
0.50	0.50	0.10	1	NO_WAIT	0	98581.43	COMMIT	392780	3976458	0	2312842	1583185	ABORT	0	0	0	0	0	0	7	35	41	45	0	0	0	0	0.00	
0.50	0.50	0.10	4	NO_WAIT	0	339643.00	COMMIT	366925	3978226	0	2304162	1578948	ABORT	7	48	0	27	14	1	9	41	48	53	0	0	0	0	0.00	
0.50	0.50	0.10	8	NO_WAIT	0	646634.71	COMMIT	343222	3976189	0	2243946	1660719	ABORT	19	170	0	135	22	3	9	42	49	54	0	0	0	0	0.00	
0.50	0.50	0.10	12	NO_WAIT	0	917740.46	COMMIT	314703	3980375	0	2140484	1773345	ABORT	14	118	0	76	28	6	10	45	51	57	0	0	0	0	0.00	
0.50	0.50	0.10	16	NO_WAIT	0	1151759.37	COMMIT	286152	3981806	0	2024460	1897714	ABORT	22	157	0	91	46	7	10	48	56	62	0	0	0	0	0.00	
0.50	0.50	0.10	20	NO_WAIT	0	1356768.69	COMMIT	260928	3983431	0	1922020	1989321	ABORT	28	229	0	132	72	9	11	51	61	68	0	0	0	0	0.00	
0.50	0.50	0.10	24	NO_WAIT	0	1539030.55	COMMIT	241716	3984082	0	1865644	2053540	ABORT	25	206	0	155	26	4	12	55	65	73	0	0	0	0	0.00	
0.50	0.50	0.10	28	NO_WAIT	0	1699173.54	COMMIT	226583	3983688	0	1857102	2077463	ABORT	32	265	0	132	108	11	12	58	69	78	0	0	0	0	0.00	
0.50	0.50	0.10	32	NO_WAIT	0	1829278.79	COMMIT	211814	3984829	0	1872420	2048934	ABORT	38	369	0	156	168	18	13	62	73	82	0	0	0	0	0.00	
0.50	0.50	0.10	36	NO_WAIT	0	1928202.63	COMMIT	197797	3985128	0	1935037	1992370	ABORT	23	197	0	116	60	8	14	66	78	88	0	0	0	0	0.00	
0.50	0.50	0.10	1	WAIT_DIE	0	97031.89	COMMIT	386605	3977151	0	2274805	1560883	ABORT	0	0	0	0	0	0	8	35	41	45	0	0	0	0	0.00	
0.50	0.50	0.10	4	WAIT_DIE	0	331684.84	COMMIT	357747	3978085	0	2268329	1544219	ABORT	1	9	0	0	4	0	9	41	48	53	0	0	0	0	0.00	
0.50	0.50	0.10	8	WAIT_DIE	0	628999.62	COMMIT	331914	3973251	39	2197761	1610644	ABORT	6	42	0	23	9	0	9	43	49	55	0	0	0	0	0.00	
0.50	0.50	0.10	12	WAIT_DIE	0	894489.56	COMMIT	307456	3981059	7	2096035	1729758	ABORT	9	103	0	44	44	5	10	45	52	57	0	0	0	0	0.00	
0.50	0.50	0.10	16	WAIT_DIE	0	1125361.12	COMMIT	280330	3982407	97	1983838	1854719	ABORT	2	19	0	4	8	0	11	48	56	63	0	0	0	0	0.00	
0.50	0.50	0.10	20	WAIT_DIE	0	1324119.28	COMMIT	256338	3983596	90	1891167	1954606	ABORT	13	91	0	57	17	2	11	52	61	68	0	0	0	0	0.00	
0.50	0.50	0.10	24	WAIT_DIE	0	1505670.41	COMMIT	237627	3983845	50	1835264	2017965	ABORT	25	281	0	123	122	11	12	55	66	73	0	0	0	0	0.00	
0.50	0.50	0.10	28	WAIT_DIE	0	1665787.31	COMMIT	222609	3984154	47	1819846	2032296	ABORT	17	159	0	56	78	9	13	59	70	78	0	0	0	0	0.00	
0.50	0.50	0.10	32	WAIT_DIE	0	1796486.27	COMMIT	209429	3985237	60	1844195	2015362	ABORT	18	127	0	62	37	6	13	62	74	82	0	0	0	0	0.00	
0.50	0.50	0.10	36	WAIT_DIE	0	1901549.96	COMMIT	195524	3985243	81	1891511	1961390	ABORT	34	357	0	206	109	12	14	66	78	88	0	0	0	0	0.00	
0.50	0.50	0.10	1	WOUND_WAIT	0	97309.25	COMMIT	387819	3977882	0	2271420	1565416	ABORT	0	0	0	0	0	0	8	35	41	46	0	0	0	0	0.00	
0.50	0.50	0.10	4	WOUND_WAIT	0	329771.55	COMMIT	355515	3978330	11	2265913	1531709	ABORT	0	0	0	0	0	0	9	42	48	54	0	0	0	0	0.00	
0.50	0.50	0.10	8	WOUND_WAIT	0	634483.75	COMMIT	336622	3979251	12	2194040	1624411	ABORT	0	0	0	0	0	0	9	43	49	54	0	0	0	0	0.00	
0.50	0.50	0.10	12	WOUND_WAIT	0	900800.47	COMMIT	309073	3980871	85	2095419	1730975	ABORT	0	0	0	0	0	0	10	45	51	57	0	0	0	0	0.00	
0.50	0.50	0.10	16	WOUND_WAIT	0	1126591.29	COMMIT	280632	3982141	62	1984021	1854019	ABORT	0	0	0	0	0	0	11	48	56	62	0	0	0	0	0.00	
0.50	0.50	0.10	20	WOUND_WAIT	0	1335930.16	COMMIT	258174	3983490	99	1893464	1957013	ABORT	0	0	0	0	0	0	11	51	61	68	0	0	0	0	0.00	
0.50	0.50	0.10	24	WOUND_WAIT	0	1517643.72	COMMIT	238588	3984227	43	1835342	2021871	ABORT	0	0	0	0	0	0	12	55	65	73	0	0	0	0	0.00	
0.50	0.50	0.10	28	WOUND_WAIT	0	1679501.10	COMMIT	224162	3984775	135	1818681	2040301	ABORT	0	0	0	0	0	0	13	58	69	78	0	0	0	0	0.00	
0.50	0.50	0.10	32	WOUND_WAIT	0	1800546.81	COMMIT	210023	3984135	133	1842222	2012912	ABORT	0	0	0	0	0	0	13	62	74	83	0	0	0	0	0.00	
0.50	0.50	0.10	36	WOUND_WAIT	0	1909638.34	COMMIT	196229	3985515	204	1884145	1969719	ABORT	0	0	0	0	0	0	14	66	78	88	0	0	0	0	0.00	
0.50	0.50	0.10	1	DLOCK	0	98157.94	COMMIT	390862	3977312	0	2099157	1734887	ABORT	0	0	0	0	0	0	7	35	41	45	0	0	0	0	0.00	
0.50	0.50	0.10	4	DLOCK	0	335270.74	COMMIT	356582	3978807	7	2045936	1739939	ABORT	0	0	0	0	0	0	9	41	47	53	0	0	0	0	0.00	
0.50	0.50	0.10	8	DLOCK	0	635551.70	COMMIT	329869	3979437	0	1955610	1865429	ABORT	0	0	0	0	0	0	9	43	49	54	0	0	0	0	0.00	
0.50	0.50	0.10	12	DLOCK	0	894797.74	COMMIT	298486	3981588	16	1836571	1998577	ABORT	0	0	0	0	0	0	10	46	53	59	0	0	0	0	0.00	
0.50	0.50	0.10	16	DLOCK	0	1121126.67	COMMIT	270932	3983000	17	1731991	2115715	ABORT	0	0	0	0	0	0	11	49	58	65	0	0	0	0	0.00	
0.50	0.50	0.10	20	DLOCK	0	1321525.37	COMMIT	249796	3983732	39	1664304	2188011	ABORT	0	0	0	0	0	0	11	53	63	71	0	0	0	0	0.00	
0.50	0.50	0.10	24	DLOCK	0	1491587.03	COMMIT	232231	3984787	22	1653215	2204790	ABORT	0	0	0	0	0	0	12	57	68	76	0	0	0	0	0.00	
0.50	0.50	0.10	28	DLOCK	0	1623819.41	COMMIT	215558	3985031	93	1688330	2164162	ABORT	0	0	0	0	0	0	13	61	72	81	0	0	0	0	0.00	
0.50	0.50	0.10	32	DLOCK	0	1715984.77	COMMIT	199703	3985610	77	1749266	2106672	ABORT	0	0	0	0	0	0	14	65	77	87	0	0	0	0	0.00	
0.50	0.50	0.10	36	DLOCK	0	1772459.71	COMMIT	183454	3986824	60	1828867	2027392	ABORT	0	0	0	0	0	0	15	71	83	94	0	0	0	0	0.00	
0.50	0.50	0.10	1	HLOCK	0	94250.26	COMMIT	375509	3978397	56411	2045644	1796834	ABORT	0	0	0	0	0	0	8	37	42	47	0	0	0	0	0.00	
0.50	0.50	0.10	4	HLOCK	0	322954.23	COMMIT	343042	3978476	56276	2009438	1796183	ABORT	0	0	0	0	0	0	9	43	49	55	0	0	0	0	0.00	
0.50	0.50	0.10	8	HLOCK	0	611583.18	COMMIT	317201	3979543	53367	1929492	1899989	ABORT	0	0	0	0	0	0	10	45	51	57	0	0	0	0	0.00	
0.50	0.50	0.10	12	HLOCK	0	879746.78	COMMIT	293100	3981992	50286	1779193	2058284	ABORT	1	7	0	0	3	0	10	47	54	61	0	0	0	0	0.00	
0.50	0.50	0.10	16	HLOCK	0	1092513.76	COMMIT	265519	3982224	45774	1709141	2135378	ABORT	1	16	0	2	9	0	11	51	60	68	0	0	0	0	0.00	
0.50	0.50	0.10	20	HLOCK	0	1296404.48	COMMIT	246376	3984277	43413	1649206	2203703	ABORT	0	0	0	0	0	0	12	54	65	73	0	0	0	0	0.00	
0.50	0.50	0.10	24	HLOCK	0	1466130.64	COMMIT	229656	3984623	41507	1637958	2217374	ABORT	0	0	0	0	0	0	12	58	69	77	0	0	0	0	0.00	
0.50	0.50	0.10	28	HLOCK	0	1605961.31	COMMIT	214850	3984706	40211	1663476	2192156	ABORT	3	55	0	5	40	2	13	62	73	82	0	0	0	0	0.00	
0.50	0.50	0.10	32	HLOCK	0	1705036.79	COMMIT	199850	3985573	39432	1723615	2130541	ABORT	0	0	0	0	0	0	14	66	78	89	0	0	0	0	0.00	
0.50	0.50	0.10	36	HLOCK	0	1766656.10	COMMIT	182818	3986312	42658	1796174	2055211	ABORT	0	0	0	0	0	0	15	72	85	97	0	0	0	0	0.00	
0.50	0.50	0.10	1	SILO	0	102253.35	COMMIT	407514	3975570	0	2232106	1661454	ABORT	0	0	0	0	0	0	7	34	40	45	0	0	0	0	0.00	
0.50	0.50	0.10	4	SILO	0	343728.42	COMMIT	369675	3977147	0	2218745	1681260	ABORT	2	33	0	1	27	0	9	41	47	52	0	0	0	0	0.00	
0.50	0.50	0.10	8	SILO	0	641500.20	COMMIT	333934	3979762	0	2078463	1832246	ABORT	2	41	0	1	34	1	9	43	49	54	0	0	0	0	0.00	
0.50	0.50	0.10	12	SILO	0	889171.53	COMMIT	295087	3981725	0	1915464	2003270	ABORT	1	9	0	0	5	0	10	47	55	61	0	0	0	0	0.00	
0.50	0.50	0.10	16	SILO	0	1104870.09	COMMIT	264474	3982956	0	1794126	2133547	ABORT	1	30	0	2	22	0	11	51	61	68	0	0	0	0	0.00	
0.50	0.50	0.10	20	SILO	0	1255926.90	COMMIT	238720	3984061	0	1815679	2118158	ABORT	1	11	0	0	5	0	12	56	67	75	0	0	0	0	0.00	
0.50	0.50	0.10	24	SILO	0	1377653.73	COMMIT	217674	3985172	0	1879090	2059213	ABORT	4	79	0	3	58	9	13	61	72	81	0	0	0	0	0.00	
0.50	0.50	0.10	28	SILO	0	1449544.43	COMMIT	196894	3985782	0	1996720	1945294	ABORT	5	122	0	5	99	8	14	68	79	89	0	0	0	0	0.00	
0.50	0.50	0.10	32	SILO	0	1483242.70	COMMIT	177068	3986231	0	2131998	1813304	ABORT	2	86	0	1	74	1	16	75	87	104	0	0	0	0	0.00	
0.50	0.50	0.10	36	SILO	0	1509797.22	COMMIT	159112	3986996	0	2244638	1702329	ABORT	3	138	0	2	93	31	18	82	95	108	0	0	0	0	0.00	
0.50	0.50	0.99	1	NO_WAIT	0	125187.62	COMMIT	499770	3969511	0	1886894	1980417	ABORT	0	0	0	0	0	0	6	28	34	39	0	0	0	0	0.00	
0.50	0.50	0.99	4	NO_WAIT	0	223238.55	COMMIT	230607	2092373	0	1060978	976457	ABORT	68928	1889616	0	1706482	144067	24825	7	86	871	4899	0	5	8	12	0.23	
0.50	0.50	0.99	8	NO_WAIT	0	271461.83	COMMIT	127560	1178745	0	593636	559429	ABORT	66624	2980814	0	2806339	137696	24197	8	212	2549	10521	0	6	12	19	0.33	
0.50	0.50	0.99	12	NO_WAIT	0	321412.62	COMMIT	109961	1027405	0	510339	494500	ABORT	74166	2960276	0	2765614	153332	27169	8	475	3606	8942	0	8	16	26	0.40	
0.50	0.50	0.99	16	NO_WAIT	0	353787.00	COMMIT	91726	872166	0	431655	421496	ABORT	73424	3116525	0	2921807	153457	27120	8	942	4612	9407	0	9	19	32	0.45	
0.50	0.50	0.99	20	NO_WAIT	0	364121.44	COMMIT	75784	724748	0	356740	351533	ABORT	66348	3265156	0	3087262	140167	24532	8	1297	5505	10934	0	10	21	36	0.47	
0.50	0.50	0.99	24	NO_WAIT	0	372623.81	COMMIT	64001	614958	0	301632	299455	ABORT	59929	3375929	0	3216035	125954	22380	8	1634	6294	12131	0	11	23	39	0.49	
0.50	0.50	0.99	28	NO_WAIT	0	377775.13	COMMIT	54955	531671	0	260306	259360	ABORT	54920	3459984	0	3312439	116608	20489	9	1946	6997	13814	0	12	25	43	0.50	
0.50	0.50	0.99	32	NO_WAIT	0	381610.40	COMMIT	49704	483187	0	235617	236761	ABORT	52091	3507720	0	3363905	112949	19808	9	2242	7780	15173	0	13	28	47	0.52	
0.50	0.50	0.99	36	NO_WAIT	0	386148.72	COMMIT	43817	430900	0	210548	210792	ABORT	48661	3559541	0	3421147	108665	19020	9	2526	8435	16225	0	14	29	49	0.53	
0.50	0.50	0.99	1	WAIT_DIE	0	124287.40	COMMIT	496086	3970786	0	1832550	1962061	ABORT	0	0	0	0	0	0	6	28	34	39	0	0	0	0	0.00	
0.50	0.50	0.99	4	WAIT_DIE	0	280039.53	COMMIT	286706	2932170	160850	1539697	1250550	ABORT	77269	1045005	2563	820176	159282	27256	8	76	282	961	0	4	6	8	0.21	
0.50	0.50	0.99	8	WAIT_DIE	0	366253.96	COMMIT	188089	2168349	266462	1192548	884203	ABORT	110566	1811343	10500	1476488	240689	40030	9	171	689	1678	0	6	7	9	0.37	
0.50	0.50	0.99	12	WAIT_DIE	0	401379.10	COMMIT	136129	1738679	325932	997485	672778	ABORT	125337	2244555	19688	1857959	283611	45479	9	258	1029	3085	0	7	8	9	0.48	
0.50	0.50	0.99	16	WAIT_DIE	0	428213.23	COMMIT	107824	1563136	408510	952488	557551	ABORT	136636	2420562	33551	1983351	325849	49736	10	334	782	2681	0	7	8	10	0.56	
0.50	0.50	0.99	20	WAIT_DIE	0	437483.80	COMMIT	88536	1422468	456421	907356	469691	ABORT	132985	2561235	45662	2116481	333454	49111	10	454	856	1176	0	8	9	10	0.60	
0.50	0.50	0.99	24	WAIT_DIE	0	435344.12	COMMIT	72433	1256485	454598	829970	390897	ABORT	119436	2730241	50593	2315991	316600	45291	10	582	1086	1394	0	8	9	10	0.62	
0.50	0.50	0.99	28	WAIT_DIE	0	432399.70	COMMIT	61773	1146044	455852	776906	336452	ABORT	107917	2841329	59920	2443827	305380	41286	10	719	1256	1603	0	9	10	11	0.64	
0.50	0.50	0.99	32	WAIT_DIE	0	427472.18	COMMIT	53373	1049887	448715	727401	295314	ABORT	98636	2938839	60249	2572660	282739	38031	11	899	1417	1824	0	9	10	11	0.65	
0.50	0.50	0.99	36	WAIT_DIE	0	426156.29	COMMIT	47342	976002	437150	689886	262122	ABORT	91599	3011774	65938	2655749	277646	35725	11	1043	1597	2019	0	9	11	12	0.66	
0.50	0.50	0.99	1	WOUND_WAIT	0	123759.25	COMMIT	493843	3970448	0	1834354	1954233	ABORT	0	0	0	0	0	0	6	28	34	38	0	0	0	0	0.00	
0.50	0.50	0.99	4	WOUND_WAIT	0	318217.11	COMMIT	320282	3897766	682592	2305918	1424795	ABORT	4375	81766	34191	8977	63977	6291	8	53	84	130	0	0	1	3	0.01	
0.50	0.50	0.99	8	WOUND_WAIT	0	425845.57	COMMIT	215358	3814228	1542789	2670930	1034700	ABORT	6376	171469	85145	29934	128548	9587	9	91	153	350	0	1	2	5	0.03	
0.50	0.50	0.99	12	WOUND_WAIT	0	441538.45	COMMIT	147358	3781979	2180634	2969921	740322	ABORT	6096	207707	125395	25326	169029	10177	10	128	199	413	0	1	3	6	0.04	
0.50	0.50	0.99	16	WOUND_WAIT	0	439865.53	COMMIT	113288	3767774	2521806	3134573	577145	ABORT	5668	223275	154418	15775	195047	9529	11	155	209	937	0	1	3	6	0.05	
0.50	0.50	0.99	20	WOUND_WAIT	0	433699.93	COMMIT	86410	3732196	2757898	3234909	447927	ABORT	5275	256511	192631	11848	232017	9467	12	187	233	287	0	2	3	5	0.06	
0.50	0.50	0.99	24	WOUND_WAIT	0	429004.84	COMMIT	71296	3694659	2884378	3281717	374351	ABORT	5365	294158	226903	13388	267840	9690	13	218	270	329	0	2	4	5	0.07	
0.50	0.50	0.99	28	WOUND_WAIT	0	423841.37	COMMIT	60384	3655489	2968711	3304900	319078	ABORT	5303	337470	270912	14050	310822	9610	15	249	304	380	0	2	4	6	0.08	
0.50	0.50	0.99	32	WOUND_WAIT	0	417211.32	COMMIT	52029	3620702	3023790	3316654	276990	ABORT	5409	373442	303934	15511	345229	9749	21	279	338	437	0	2	5	6	0.09	
0.50	0.50	0.99	36	WOUND_WAIT	0	397625.54	COMMIT	44158	3583279	3049008	3313561	244227	ABORT	5242	409001	335054	17125	378194	10382	30	320	391	463	0	3	5	7	0.11	
0.50	0.50	0.99	1	DLOCK	0	126188.58	COMMIT	503574	3969999	0	1723943	2062025	ABORT	0	0	0	0	0	0	6	28	33	38	0	0	0	0	0.00	
0.50	0.50	0.99	4	DLOCK	0	372672.36	COMMIT	373970	3939640	307876	1884746	1843223	ABORT	3245	34431	9686	9531	21025	2135	7	41	63	90	0	0	2	4	0.01	
0.50	0.50	0.99	8	DLOCK	0	578696.04	COMMIT	288800	3853845	832131	2090546	1614511	ABORT	9544	127431	39094	45518	71188	5898	8	71	121	205	0	1	4	5	0.03	
0.50	0.50	0.99	12	DLOCK	0	640443.74	COMMIT	213341	3751546	1393613	2337222	1301383	ABORT	12479	233285	86327	88348	130208	8416	9	111	189	463	0	2	5	6	0.05	
0.50	0.50	0.99	16	DLOCK	0	658628.49	COMMIT	163607	3636988	1757269	2484152	1065735	ABORT	14459	350440	136776	146192	186810	10087	9	150	284	915	0	3	6	8	0.08	
0.50	0.50	0.99	20	DLOCK	0	659516.15	COMMIT	135770	3495597	1900645	2506558	918410	ABORT	15918	493570	188717	233627	241054	11330	9	186	423	2750	0	4	7	9	0.11	
0.50	0.50	0.99	24	DLOCK	0	661438.59	COMMIT	99932	3336590	2095136	2539992	743949	ABORT	17679	654509	255587	319913	312072	14104	9	213	415	2613	0	5	7	10	0.14	
0.50	0.50	0.99	28	DLOCK	0	658984.34	COMMIT	93495	3471480	2285867	2700816	719323	ABORT	18775	519669	222454	216467	279151	14982	9	245	366	827	0	5	8	9	0.17	
0.50	0.50	0.99	32	DLOCK	0	658057.81	COMMIT	81651	3407037	2331449	2696469	667213	ABORT	19359	584597	247948	253257	305914	16312	9	280	457	1057	0	6	8	9	0.19	
0.50	0.50	0.99	36	DLOCK	0	654616.39	COMMIT	71702	3338584	2354499	2681355	617347	ABORT	19559	653169	266883	299365	326511	17539	10	316	534	1193	0	6	8	10	0.21	
0.50	0.50	0.99	1	HLOCK	0	119198.96	COMMIT	475987	3972293	70264	1662863	2139321	ABORT	0	0	0	0	0	0	6	29	36	40	0	0	0	0	0.00	
0.50	0.50	0.99	4	HLOCK	0	368508.72	COMMIT	371327	3843166	197057	1601219	2056155	ABORT	10189	131690	12296	25768	72252	28424	8	40	56	88	0	1	2	3	0.02	
0.50	0.50	0.99	8	HLOCK	0	617643.81	COMMIT	309844	3638410	367211	1337852	2149842	ABORT	20925	340282	68737	99447	127528	102863	8	55	107	273	0	1	3	5	0.06	
0.50	0.50	0.99	12	HLOCK	0	686538.18	COMMIT	233361	3104246	514169	980285	1999203	ABORT	32966	878899	200924	407499	189231	264375	9	94	219	2071	0	3	5	8	0.12	
0.50	0.50	0.99	16	HLOCK	0	694905.09	COMMIT	169540	2566705	595016	702758	1777608	ABORT	47826	1418048	489135	536855	251760	604798	9	182	462	1801	0	4	6	9	0.22	
0.50	0.50	0.99	20	HLOCK	0	602325.16	COMMIT	117803	2016630	597357	481585	1468116	ABORT	54301	1964306	832009	662419	269334	1000320	10	301	611	4035	0	6	8	11	0.31	
0.50	0.50	0.99	24	HLOCK	0	525685.15	COMMIT	84393	1650587	576140	338252	1267955	ABORT	57719	2338721	1047351	783238	277531	1248412	10	452	729	1104	0	7	8	9	0.39	
0.50	0.50	0.99	28	HLOCK	0	468525.14	COMMIT	63683	1385658	535961	256077	1093917	ABORT	50072	2604217	1154024	971540	242834	1363982	10	668	1128	1454	0	8	9	10	0.43	
0.50	0.50	0.99	32	HLOCK	0	444926.96	COMMIT	51686	1139931	432805	209217	901452	ABORT	46546	2845653	1181832	1213807	222818	1382208	10	882	1405	1752	0	8	10	11	0.45	
0.50	0.50	0.99	36	HLOCK	0	405318.20	COMMIT	42642	1013093	406975	172895	817143	ABORT	41371	2977728	1167204	1381133	201940	1372476	10	1201	1746	2113	0	9	10	12	0.47	
0.50	0.50	0.99	1	SILO	0	129587.94	COMMIT	517420	3969627	0	1797498	2067509	ABORT	0	0	0	0	0	0	6	27	33	38	0	0	0	0	0.00	
0.50	0.50	0.99	4	SILO	0	356075.39	COMMIT	374291	3537636	0	1731670	1726447	ABORT	23938	438640	0	130553	244603	57976	7	49	92	324	0	1	3	5	0.06	
0.50	0.50	0.99	8	SILO	0	410545.54	COMMIT	129933	1334445	0	640873	666227	ABORT	19422	2655971	0	2391023	212964	47665	8	69	348	3749	0	2	6	10	0.11	
0.50	0.50	0.99	12	SILO	0	478734.60	COMMIT	183465	1893180	0	897174	954896	ABORT	31587	2092935	0	1656000	351287	78419	8	94	1474	8127	0	3	9	19	0.16	
0.50	0.50	0.99	16	SILO	0	531062.26	COMMIT	125800	1343870	0	622702	693493	ABORT	30879	2659027	0	2218173	355135	78808	8	122	2819	11997	0	4	12	27	0.19	
0.50	0.50	0.99	20	SILO	0	583502.84	COMMIT	127331	1391441	0	651113	712826	ABORT	34970	2603256	0	2097377	410175	88112	9	155	4052	15107	0	5	16	35	0.23	
0.50	0.50	0.99	24	SILO	0	632541.14	COMMIT	108428	1216367	0	564386	628052	ABORT	35635	2773050	0	2245941	428168	90862	9	191	5085	15260	0	6	19	42	0.25	
0.50	0.50	0.99	28	SILO	0	673729.20	COMMIT	100039	1151983	0	534068	594960	ABORT	37648	2842422	0	2275939	463421	94634	9	248	6301	17717	0	6	23	52	0.28	
0.50	0.50	0.99	32	SILO	0	680670.05	COMMIT	89519	1041599	0	480255	540877	ABORT	36021	2948499	0	2403094	445440	91654	9	301	7305	19551	0	7	25	56	0.29	
0.50	0.50	0.99	36	SILO	0	685355.90	COMMIT	70648	826292	0	376237	433365	ABORT	31548	3159908	0	2671605	400507	78407	9	374	8450	22781	0	7	28	65	0.30	
