Rd	Wt	Zip	T	CC	TP	P50	P90	P99	P999	Abt
0.50	0.50	0.50	8	WAIT_DIE	0	1334170.92	5	6	6	7	10	|	0	0	0	0	0	|	306
0.50	0.50	0.50	8	WAIT_DIE	1	1317052.62	5	6	6	7	52	|	0	0	0	0	0	|	296
0.50	0.50	0.50	8	WAIT_DIE	10	1319143.02	5	6	6	7	59	|	0	0	0	0	0	|	282
0.50	0.50	0.50	8	WAIT_DIE	100	1296925.67	5	6	6	7	136	|	0	0	0	0	0	|	330
0.50	0.50	0.50	8	WAIT_DIE	1000	1108944.54	5	6	6	7	932	|	0	0	0	0	0	|	1308
0.50	0.50	0.50	36	WAIT_DIE	0	4460806.75	8	9	9	10	58	|	0	0	0	0	1	|	6078
0.50	0.50	0.50	36	WAIT_DIE	1	4433158.97	8	9	9	10	59	|	0	0	0	0	1	|	6366
0.50	0.50	0.50	36	WAIT_DIE	10	4531021.09	7	9	9	10	63	|	0	0	0	0	1	|	6202
0.50	0.50	0.50	36	WAIT_DIE	100	4449995.08	7	9	9	10	138	|	0	0	0	0	1	|	6775
0.50	0.50	0.50	36	WAIT_DIE	1000	4030820.57	7	8	9	14	934	|	0	0	0	0	1	|	28451
0.50	0.50	0.50	8	NO_WAIT	0	1518012.73	5	5	5	6	11	|	0	0	0	0	0	|	435
0.50	0.50	0.50	8	NO_WAIT	1	1507519.10	5	5	5	6	51	|	0	0	0	0	0	|	445
0.50	0.50	0.50	8	NO_WAIT	10	1338118.94	5	6	6	7	59	|	0	0	0	0	0	|	415
0.50	0.50	0.50	8	NO_WAIT	100	1312634.81	5	6	6	7	136	|	0	0	0	0	0	|	433
0.50	0.50	0.50	8	NO_WAIT	1000	1132517.13	5	6	6	7	932	|	0	0	0	0	0	|	1788
0.50	0.50	0.50	36	NO_WAIT	0	4557050.05	7	9	9	10	75	|	0	0	0	0	1	|	9033
0.50	0.50	0.50	36	NO_WAIT	1	4466774.23	7	9	9	10	78	|	0	0	0	0	1	|	9589
0.50	0.50	0.50	36	NO_WAIT	10	4475466.78	7	9	9	10	78	|	0	0	0	0	1	|	9663
0.50	0.50	0.50	36	NO_WAIT	100	4446860.18	7	9	9	10	138	|	0	0	0	0	1	|	9991
0.50	0.50	0.50	36	NO_WAIT	1000	4101004.26	7	8	9	15	934	|	0	0	0	0	1	|	31959
0.50	0.50	0.50	8	SILO	0	1487688.35	5	6	6	6	11	|	0	0	0	0	0	|	291
0.50	0.50	0.50	8	SILO	1	1622321.78	4	5	5	6	51	|	0	0	0	0	0	|	314
0.50	0.50	0.50	8	SILO	10	1453019.32	5	6	6	6	59	|	0	0	0	0	0	|	281
0.50	0.50	0.50	8	SILO	100	1419811.43	5	6	6	6	136	|	0	0	0	0	0	|	290
0.50	0.50	0.50	8	SILO	1000	1172943.77	5	6	6	6	931	|	0	0	0	0	0	|	350
0.50	0.50	0.50	36	SILO	0	4992838.65	7	8	8	9	55	|	0	0	0	0	1	|	5744
0.50	0.50	0.50	36	SILO	1	4895561.13	7	8	8	9	57	|	0	0	0	0	1	|	5670
0.50	0.50	0.50	36	SILO	10	4967897.54	7	8	8	9	63	|	0	0	0	0	1	|	5761
0.50	0.50	0.50	36	SILO	100	4802351.99	7	8	9	9	138	|	0	0	0	0	1	|	5795
0.50	0.50	0.50	36	SILO	1000	3563801.26	6	7	8	15	933	|	0	0	0	0	1	|	10228
0.50	0.50	0.50	8	TICTOC	0	1461185.55	5	6	6	6	12	|	0	0	0	0	0	|	211
0.50	0.50	0.50	8	TICTOC	1	1598060.08	4	5	5	6	51	|	0	0	0	0	0	|	229
0.50	0.50	0.50	8	TICTOC	10	1415933.52	5	6	6	6	59	|	0	0	0	0	0	|	201
0.50	0.50	0.50	8	TICTOC	100	1384935.54	5	6	6	7	136	|	0	0	0	0	0	|	192
0.50	0.50	0.50	8	TICTOC	1000	1163258.07	5	6	6	6	931	|	0	0	0	0	0	|	246
0.50	0.50	0.50	36	TICTOC	0	4952863.76	7	8	8	9	35	|	0	0	0	0	1	|	4173
0.50	0.50	0.50	36	TICTOC	1	4884662.84	7	8	8	9	55	|	0	0	0	0	1	|	4328
0.50	0.50	0.50	36	TICTOC	10	4917714.78	7	8	8	9	62	|	0	0	0	0	1	|	4168
0.50	0.50	0.50	36	TICTOC	100	4851447.14	7	8	8	9	138	|	0	0	0	0	1	|	4350
0.50	0.50	0.50	36	TICTOC	1000	3713399.45	6	7	8	15	933	|	0	0	0	0	1	|	7849
0.50	0.50	0.90	8	WAIT_DIE	0	1599820.06	4	69	98	195	1081	|	0	1	1	3	5	|	202003
0.50	0.50	0.90	8	WAIT_DIE	1	1531813.43	4	71	100	223	1200	|	0	1	1	3	5	|	207875
0.50	0.50	0.90	8	WAIT_DIE	10	1530210.54	4	70	99	217	1333	|	0	1	1	3	5	|	199710
0.50	0.50	0.90	8	WAIT_DIE	100	1371942.92	4	70	104	439	1762	|	0	1	1	3	5	|	198693
0.50	0.50	0.90	8	WAIT_DIE	1000	775131.66	4	64	109	1770	3417	|	0	1	1	5	13	|	223924
0.50	0.50	0.90	36	WAIT_DIE	0	1131971.76	6	1028	1650	2877	4593	|	0	4	6	13	23	|	3594783
0.50	0.50	0.90	36	WAIT_DIE	1	1112859.15	6	1046	1675	2923	4654	|	0	4	6	13	23	|	3592690
0.50	0.50	0.90	36	WAIT_DIE	10	1107415.58	6	1054	1683	2933	4659	|	0	4	6	13	23	|	3637136
0.50	0.50	0.90	36	WAIT_DIE	100	1074693.78	6	1093	1743	3039	4824	|	0	4	6	13	23	|	3711367
0.50	0.50	0.90	36	WAIT_DIE	1000	668088.05	6	1839	2950	5376	8859	|	0	4	7	15	25	|	4201377
0.50	0.50	0.90	8	NO_WAIT	0	1397340.54	4	80	134	646	2044	|	0	1	2	4	9	|	260971
0.50	0.50	0.90	8	NO_WAIT	1	1364895.67	4	82	141	694	1987	|	0	1	2	5	9	|	265576
0.50	0.50	0.90	8	NO_WAIT	10	1357181.93	4	80	139	708	2076	|	0	1	2	4	9	|	256760
0.50	0.50	0.90	8	NO_WAIT	100	1241979.88	4	82	154	857	2372	|	0	1	2	4	9	|	258826
0.50	0.50	0.90	8	NO_WAIT	1000	745959.86	4	81	249	1825	4093	|	0	1	2	6	14	|	296829
0.50	0.50	0.90	36	NO_WAIT	0	1146453.25	6	808	1763	4701	10277	|	0	3	6	17	38	|	3566066
0.50	0.50	0.90	36	NO_WAIT	1	1137052.78	5	825	1775	4725	10303	|	0	3	6	17	37	|	3431448
0.50	0.50	0.90	36	NO_WAIT	10	1147925.53	6	813	1756	4684	10135	|	0	3	6	17	37	|	3594113
0.50	0.50	0.90	36	NO_WAIT	100	1104399.24	6	852	1822	4836	10620	|	0	3	6	17	38	|	3518406
0.50	0.50	0.90	36	NO_WAIT	1000	880614.58	5	1162	2301	5938	13054	|	0	4	7	17	38	|	3694697
0.50	0.50	0.90	8	SILO	0	2157084.25	3	46	81	121	224	|	0	1	1	2	3	|	134586
0.50	0.50	0.90	8	SILO	1	942536.36	3	4	47	115	305	|	0	0	1	1	2	|	85264
0.50	0.50	0.90	8	SILO	10	886283.82	3	4	28	118	348	|	0	0	1	1	2	|	78698
0.50	0.50	0.90	8	SILO	100	510000.56	3	4	5	146	294	|	0	0	0	1	2	|	55960
0.50	0.50	0.90	8	SILO	1000	155792.24	3	5	15	25	1011	|	0	0	0	1	1	|	24084
0.50	0.50	0.90	36	SILO	0	3358367.58	5	148	335	1403	3242	|	0	2	3	7	17	|	2327724
0.50	0.50	0.90	36	SILO	1	1195510.25	4	61	112	253	1786	|	0	1	1	2	5	|	951949
0.50	0.50	0.90	36	SILO	10	986327.57	4	28	107	258	726	|	0	1	1	2	5	|	1260179
0.50	0.50	0.90	36	SILO	100	503187.57	4	6	31	180	515	|	0	0	1	1	4	|	910382
0.50	0.50	0.90	36	SILO	1000	114592.90	4	7	17	97	1927	|	0	0	0	1	3	|	417096
0.50	0.50	0.90	8	TICTOC	0	2096275.65	3	8	62	103	189	|	0	1	1	2	3	|	89816
0.50	0.50	0.90	8	TICTOC	1	1012017.21	3	4	8	102	250	|	0	0	0	1	2	|	69730
0.50	0.50	0.90	8	TICTOC	10	905240.85	3	4	5	100	279	|	0	0	0	1	2	|	75070
0.50	0.50	0.90	8	TICTOC	100	524943.33	3	4	4	99	214	|	0	0	0	1	2	|	52667
0.50	0.50	0.90	8	TICTOC	1000	175752.90	3	5	15	19	999	|	0	0	0	0	1	|	22632
0.50	0.50	0.90	36	TICTOC	0	2704426.44	5	144	353	1454	5048	|	0	2	5	18	65	|	3193562
0.50	0.50	0.90	36	TICTOC	1	1288154.11	4	12	94	215	983	|	0	0	1	2	6	|	1274452
0.50	0.50	0.90	36	TICTOC	10	1073574.65	4	7	83	228	638	|	0	0	1	2	6	|	1147536
0.50	0.50	0.90	36	TICTOC	100	568220.64	4	6	14	172	466	|	0	0	0	1	4	|	621100
0.50	0.50	0.90	36	TICTOC	1000	134111.14	4	7	16	86	1237	|	0	0	0	1	3	|	329925
