Rd	Wt	Zip	T	CC	TP	P50	P90	P99	P999	Abt
0.00	1.00	0.10	1	SILO	0	99234.05	10	11	11	12	15	0	0	0	0	0	0.00	0.00	
0.00	1.00	0.10	4	SILO	0	416180.78	9	10	11	11	15	0	0	0	0	0	0.00	0.00	
0.00	1.00	0.10	8	SILO	0	804549.27	10	11	12	13	15	0	0	0	0	0	0.00	0.00	
0.00	1.00	0.10	12	SILO	0	1199614.23	9	10	11	12	16	0	0	0	0	1	0.00	0.00	
0.00	1.00	0.10	16	SILO	0	1508586.41	10	11	12	13	17	0	0	0	0	1	0.00	0.00	
0.00	1.00	0.10	20	SILO	0	1732033.49	11	13	14	15	19	0	0	0	0	1	0.00	0.00	
0.00	1.00	0.10	24	SILO	0	1881912.47	12	14	15	16	20	0	0	0	0	1	0.00	0.00	
0.00	1.00	0.10	28	SILO	0	2139853.47	13	15	15	17	22	0	0	0	0	1	0.00	0.00	
0.00	1.00	0.10	32	SILO	0	2268277.37	14	16	17	19	23	0	0	0	0	1	0.00	0.00	
0.00	1.00	0.10	36	SILO	0	2696286.08	13	16	16	18	24	0	0	0	0	1	0.00	0.00	
0.00	1.00	0.10	40	SILO	0	2925830.26	13	17	17	19	26	0	0	0	0	1	0.01	0.01	
0.00	1.00	0.10	44	SILO	0	3047739.65	14	17	19	21	29	0	0	0	0	1	0.01	0.01	
0.00	1.00	0.10	48	SILO	0	3233012.47	14	19	20	23	33	0	0	0	0	1	0.01	0.01	
0.00	1.00	0.10	52	SILO	0	3679732.92	13	19	21	23	33	0	0	0	0	1	0.01	0.01	
0.00	1.00	0.10	56	SILO	0	3832161.31	14	19	20	23	37	0	0	0	0	1	0.01	0.01	
0.00	1.00	0.10	60	SILO	0	3748290.06	15	20	22	25	39	0	0	0	0	1	0.01	0.01	
0.00	1.00	0.10	64	SILO	0	3971163.24	15	22	23	27	40	0	0	0	0	1	0.01	0.01	
0.50	0.50	0.10	1	SILO	0	101520.33	9	11	11	12	15	0	0	0	0	0	0.00	0.00	
0.50	0.50	0.10	4	SILO	0	410307.13	9	11	11	12	16	0	0	0	0	0	0.00	0.00	
0.50	0.50	0.10	8	SILO	0	815369.11	9	11	11	12	15	0	0	0	0	0	0.00	0.00	
0.50	0.50	0.10	12	SILO	0	1200032.21	10	11	12	12	16	0	0	0	0	0	0.00	0.00	
0.50	0.50	0.10	16	SILO	0	1546711.64	10	11	12	13	18	0	0	0	0	0	0.00	0.00	
0.50	0.50	0.10	20	SILO	0	1720906.74	11	13	13	14	19	0	0	0	0	1	0.00	0.00	
0.50	0.50	0.10	24	SILO	0	1849720.51	12	14	15	16	21	0	0	0	0	1	0.00	0.00	
0.50	0.50	0.10	28	SILO	0	2053677.23	13	15	15	17	22	0	0	0	0	1	0.00	0.00	
0.50	0.50	0.10	32	SILO	0	2247795.68	14	16	17	19	24	0	0	0	0	1	0.00	0.00	
0.50	0.50	0.10	36	SILO	0	2652282.25	13	16	16	18	24	0	0	0	0	1	0.00	0.00	
0.50	0.50	0.10	40	SILO	0	2808813.05	14	16	17	19	27	0	0	0	0	1	0.00	0.00	
0.50	0.50	0.10	44	SILO	0	3020552.33	14	17	18	20	29	0	0	0	0	1	0.00	0.00	
0.50	0.50	0.10	48	SILO	0	3107002.01	15	19	20	22	34	0	0	0	0	1	0.00	0.00	
0.50	0.50	0.10	52	SILO	0	3548682.12	14	18	19	21	30	0	0	0	0	1	0.00	0.00	
0.50	0.50	0.10	56	SILO	0	3676454.06	14	20	21	23	33	0	0	0	0	1	0.00	0.00	
0.50	0.50	0.10	60	SILO	0	3768657.72	15	20	21	24	38	0	0	0	0	1	0.00	0.00	
0.50	0.50	0.10	64	SILO	0	3909422.87	16	21	22	24	37	0	0	0	0	1	0.00	0.00	
0.90	0.10	0.10	1	SILO	0	106440.85	9	10	10	11	14	0	0	0	0	0	0.00	0.00	
0.90	0.10	0.10	4	SILO	0	433860.24	9	10	11	12	15	0	0	0	0	0	0.00	0.00	
0.90	0.10	0.10	8	SILO	0	882223.64	8	9	10	10	15	0	0	0	0	0	0.00	0.00	
0.90	0.10	0.10	12	SILO	0	1286858.22	9	10	11	12	17	0	0	0	0	0	0.00	0.00	
0.90	0.10	0.10	16	SILO	0	1673139.85	9	10	11	12	17	0	0	0	0	0	0.00	0.00	
0.90	0.10	0.10	20	SILO	0	1828800.07	10	12	13	14	18	0	0	0	0	0	0.00	0.00	
0.90	0.10	0.10	24	SILO	0	1958102.86	12	13	14	15	19	0	0	0	0	0	0.00	0.00	
0.90	0.10	0.10	28	SILO	0	2158799.04	12	14	15	16	20	0	0	0	0	0	0.00	0.00	
0.90	0.10	0.10	32	SILO	0	2392127.85	13	15	15	17	21	0	0	0	0	0	0.00	0.00	
0.90	0.10	0.10	36	SILO	0	2791035.19	12	14	15	17	21	0	0	0	0	0	0.00	0.00	
0.90	0.10	0.10	40	SILO	0	2934360.60	13	15	16	18	23	0	0	0	0	0	0.00	0.00	
0.90	0.10	0.10	44	SILO	0	3075228.16	14	16	17	19	26	0	0	0	0	0	0.00	0.00	
0.90	0.10	0.10	48	SILO	0	3329651.47	14	17	18	20	26	0	0	0	0	0	0.00	0.00	
0.90	0.10	0.10	52	SILO	0	3757817.20	13	16	17	19	27	0	0	0	0	0	0.00	0.00	
0.90	0.10	0.10	56	SILO	0	3898365.57	14	18	19	21	31	0	0	0	0	0	0.00	0.00	
0.90	0.10	0.10	60	SILO	0	4069612.41	14	19	20	23	34	0	0	0	0	0	0.00	0.00	
0.90	0.10	0.10	64	SILO	0	4360778.05	14	18	19	22	32	0	0	0	0	0	0.00	0.00	
1.00	0.00	0.10	1	SILO	0	108115.93	9	10	10	11	13	0	0	0	0	0	0.00	0.00	
1.00	0.00	0.10	4	SILO	0	444337.93	8	10	10	10	14	0	0	0	0	0	0.00	0.00	
1.00	0.00	0.10	8	SILO	0	899754.83	8	10	10	11	15	0	0	0	0	0	0.00	0.00	
1.00	0.00	0.10	12	SILO	0	1317559.28	9	10	10	11	15	0	0	0	0	0	0.00	0.00	
1.00	0.00	0.10	16	SILO	0	1712603.44	9	10	11	12	17	0	0	0	0	0	0.00	0.00	
1.00	0.00	0.10	20	SILO	0	1887576.74	10	12	13	14	17	0	0	0	0	0	0.00	0.00	
1.00	0.00	0.10	24	SILO	0	2043458.71	11	13	14	15	18	0	0	0	0	0	0.00	0.00	
1.00	0.00	0.10	28	SILO	0	2191600.04	12	14	14	15	19	0	0	0	0	0	0.00	0.00	
1.00	0.00	0.10	32	SILO	0	2404876.53	13	15	16	17	22	0	0	0	0	0	0.00	0.00	
1.00	0.00	0.10	36	SILO	0	3016815.58	12	14	14	16	20	0	0	0	0	0	0.00	0.00	
1.00	0.00	0.10	40	SILO	0	3080678.99	13	15	16	17	23	0	0	0	0	0	0.00	0.00	
1.00	0.00	0.10	44	SILO	0	3266524.70	13	16	17	19	26	0	0	0	0	0	0.00	0.00	
1.00	0.00	0.10	48	SILO	0	3469938.18	13	16	17	19	26	0	0	0	0	0	0.00	0.00	
1.00	0.00	0.10	52	SILO	0	4099529.34	12	15	16	18	27	0	0	0	0	0	0.00	0.00	
1.00	0.00	0.10	56	SILO	0	4184623.75	13	16	17	19	25	0	0	0	0	0	0.00	0.00	
1.00	0.00	0.10	60	SILO	0	4303979.24	13	17	18	20	31	0	0	0	0	0	0.00	0.00	
1.00	0.00	0.10	64	SILO	0	4642276.35	13	17	18	20	29	0	0	0	0	0	0.00	0.00	
0.00	1.00	0.90	1	SILO	0	157969.20	6	7	7	8	9	0	0	0	0	0	0.00	0.00	
0.00	1.00	0.90	4	SILO	0	545470.07	6	9	10	15	22	0	1	2	3	5	0.55	0.43	
0.00	1.00	0.90	8	SILO	0	887989.18	8	12	14	23	57	1	3	4	7	17	1.19	0.63	
0.00	1.00	0.90	12	SILO	0	1074325.51	8	16	21	38	153	1	5	7	14	49	2.09	0.70	
0.00	1.00	0.90	16	SILO	0	1078413.63	9	24	35	78	249	1	8	13	31	97	3.43	0.72	
0.00	1.00	0.90	20	SILO	0	645182.17	13	52	90	285	1176	1	10	18	60	233	4.85	0.68	
0.00	1.00	0.90	24	SILO	0	532328.35	16	77	139	479	2028	1	11	21	71	277	5.49	0.68	
0.00	1.00	0.90	28	SILO	0	449429.43	18	111	207	719	2944	1	13	24	81	304	6.06	0.67	
0.00	1.00	0.90	32	SILO	0	360534.46	20	127	257	1133	5987	1	12	25	102	469	7.12	0.65	
0.00	1.00	0.90	36	SILO	0	293137.06	23	183	384	1705	8329	1	14	28	114	475	7.48	0.63	
0.00	1.00	0.90	40	SILO	0	259694.56	25	234	500	2276	10591	1	14	31	126	526	8.09	0.62	
0.00	1.00	0.90	44	SILO	0	224263.47	27	267	603	2995	15618	1	15	33	144	653	8.99	0.61	
0.00	1.00	0.90	48	SILO	0	197114.91	28	282	661	3664	22349	1	14	33	157	801	9.69	0.60	
0.00	1.00	0.90	52	SILO	0	153920.16	32	296	757	5322	38716	1	12	31	181	1064	10.74	0.57	
0.00	1.00	0.90	56	SILO	0	136979.52	35	365	937	6398	43004	1	14	34	197	1107	11.56	0.57	
0.00	1.00	0.90	60	SILO	0	127222.52	37	423	1112	7776	49739	1	15	37	215	1155	12.35	0.57	
0.00	1.00	0.90	64	SILO	0	110510.40	35	285	765	7554	88688	1	10	25	198	1870	13.20	0.53	
0.50	0.50	0.90	1	SILO	0	162690.36	6	7	7	8	10	0	0	0	0	0	0.00	0.00	
0.50	0.50	0.90	4	SILO	0	610607.31	6	8	9	11	15	0	1	1	2	3	0.28	0.25	
0.50	0.50	0.90	8	SILO	0	1084004.15	7	9	10	14	22	0	2	2	3	6	0.60	0.44	
0.50	0.50	0.90	12	SILO	0	1515029.53	7	10	12	17	31	1	2	3	5	10	0.90	0.55	
0.50	0.50	0.90	16	SILO	0	1826952.66	8	12	14	21	45	1	3	4	8	15	1.22	0.62	
0.50	0.50	0.90	20	SILO	0	1586611.57	10	19	25	51	135	1	4	6	15	37	1.79	0.66	
0.50	0.50	0.90	24	SILO	0	1310947.53	11	29	45	115	366	1	6	10	26	79	2.54	0.67	
0.50	0.50	0.90	28	SILO	0	1071664.22	13	42	70	215	872	1	7	12	38	146	3.26	0.66	
0.50	0.50	0.90	32	SILO	0	884848.65	15	54	97	343	1683	1	7	14	49	223	3.92	0.65	
0.50	0.50	0.90	36	SILO	0	694039.84	17	75	144	579	3148	1	8	15	59	302	4.48	0.63	
0.50	0.50	0.90	40	SILO	0	595972.80	18	91	182	802	4654	1	8	16	69	370	5.01	0.62	
0.50	0.50	0.90	44	SILO	0	528943.83	19	104	215	1017	6697	1	8	17	76	456	5.51	0.61	
0.50	0.50	0.90	48	SILO	0	491938.92	20	115	243	1224	8329	1	8	18	83	508	5.86	0.60	
0.50	0.50	0.90	52	SILO	0	421082.43	22	138	303	1597	11434	1	9	19	92	586	6.38	0.59	
0.50	0.50	0.90	56	SILO	0	377050.71	24	180	406	2119	13253	1	10	22	104	586	6.81	0.59	
0.50	0.50	0.90	60	SILO	0	355080.86	25	202	464	2493	15338	1	10	23	114	641	7.22	0.58	
0.50	0.50	0.90	64	SILO	0	327425.07	25	171	394	2489	21779	1	8	19	111	826	7.70	0.57	
0.90	0.10	0.90	1	SILO	0	182461.87	5	6	6	7	9	0	0	0	0	0	0.00	0.00	
0.90	0.10	0.90	4	SILO	0	769608.54	5	6	7	8	10	0	0	1	1	2	0.06	0.06	
0.90	0.10	0.90	8	SILO	0	1496625.44	5	6	7	9	11	0	1	1	1	2	0.13	0.12	
0.90	0.10	0.90	12	SILO	0	2224953.14	5	6	7	9	12	0	1	1	2	3	0.21	0.18	
0.90	0.10	0.90	16	SILO	0	2787886.05	5	7	8	9	14	0	1	1	2	3	0.27	0.24	
0.90	0.10	0.90	20	SILO	0	2952905.68	6	8	9	11	16	0	1	1	2	4	0.34	0.28	
0.90	0.10	0.90	24	SILO	0	3248685.33	7	9	10	12	17	0	1	2	3	4	0.40	0.33	
0.90	0.10	0.90	28	SILO	0	3572590.42	7	10	11	13	19	0	1	2	3	5	0.46	0.37	
0.90	0.10	0.90	32	SILO	0	3878981.00	7	10	11	14	21	0	1	2	3	5	0.52	0.40	
0.90	0.10	0.90	36	SILO	0	4161133.80	8	11	12	16	25	0	2	2	3	6	0.58	0.43	
0.90	0.10	0.90	40	SILO	0	4375481.42	8	12	13	18	29	0	2	2	4	7	0.65	0.46	
0.90	0.10	0.90	44	SILO	0	4606493.58	9	12	14	20	35	0	2	2	4	8	0.72	0.49	
0.90	0.10	0.90	48	SILO	0	4736523.03	9	13	15	23	43	1	2	3	5	10	0.79	0.51	
0.90	0.10	0.90	52	SILO	0	4777545.89	9	15	18	30	63	1	2	3	6	13	0.89	0.54	
0.90	0.10	0.90	56	SILO	0	4604299.55	10	17	21	39	93	1	2	3	7	16	1.00	0.56	
0.90	0.10	0.90	60	SILO	0	4414421.40	11	19	25	49	126	1	3	4	8	19	1.10	0.57	
0.90	0.10	0.90	64	SILO	0	4054562.62	12	23	33	74	212	1	3	5	11	28	1.29	0.58	
1.00	0.00	0.90	1	SILO	0	184848.30	5	6	6	7	9	0	0	0	0	0	0.00	0.00	
1.00	0.00	0.90	4	SILO	0	819982.32	4	6	6	7	9	0	0	0	0	0	0.00	0.00	
1.00	0.00	0.90	8	SILO	0	1626881.49	4	6	6	7	9	0	0	0	0	0	0.00	0.00	
1.00	0.00	0.90	12	SILO	0	2416051.71	4	6	6	7	10	0	0	0	0	0	0.00	0.00	
1.00	0.00	0.90	16	SILO	0	3218921.43	4	6	6	7	10	0	0	0	0	0	0.00	0.00	
1.00	0.00	0.90	20	SILO	0	3661458.41	5	7	7	8	11	0	0	0	0	0	0.00	0.00	
1.00	0.00	0.90	24	SILO	0	4102337.34	5	7	8	9	12	0	0	0	0	0	0.00	0.00	
1.00	0.00	0.90	28	SILO	0	4646740.28	5	7	8	9	12	0	0	0	0	0	0.00	0.00	
1.00	0.00	0.90	32	SILO	0	5200477.94	6	8	8	10	13	0	0	0	0	0	0.00	0.00	
1.00	0.00	0.90	36	SILO	0	5881839.27	6	8	8	10	12	0	0	0	0	0	0.00	0.00	
1.00	0.00	0.90	40	SILO	0	6340766.98	6	8	8	10	13	0	0	0	0	0	0.00	0.00	
1.00	0.00	0.90	44	SILO	0	6816731.99	6	8	9	10	14	0	0	0	0	0	0.00	0.00	
1.00	0.00	0.90	48	SILO	0	7378234.22	6	8	9	11	14	0	0	0	0	0	0.00	0.00	
1.00	0.00	0.90	52	SILO	0	7991007.34	6	8	9	11	15	0	0	0	0	0	0.00	0.00	
1.00	0.00	0.90	56	SILO	0	8515104.79	6	8	9	11	16	0	0	0	0	0	0.00	0.00	
1.00	0.00	0.90	60	SILO	0	8905865.83	6	9	10	12	16	0	0	0	0	0	0.00	0.00	
1.00	0.00	0.90	64	SILO	0	9383247.66	6	9	10	12	16	0	0	0	0	0	0.00	0.00	
