bimodal, w/o log
Rd	Wt	Zip	T	CC	TP	P50	P90	P99	P999	Abt
0.50	0.50	0.99	1	MOCC	0	4809.17	COMMIT	19074	3967938	0	0	0	0	ABORT	0	0	0	0	0	0	0	158	1560	1682	2611	0	0	0	0	0.00	
0.50	0.50	0.99	4	MOCC	0	19207.38	COMMIT	16398	2817277	0	0	0	0	ABORT	7737	1125513	0	0	65905	0	0	140	1580	3471	4855	0	5	8	12	0.31	
0.50	0.50	0.99	8	MOCC	0	27266.75	COMMIT	11702	1944175	0	0	0	0	ABORT	11681	1953710	0	0	374392	0	0	138	2940	6764	18084	0	10	15	23	0.49	
0.50	0.50	0.99	12	MOCC	0	
0.50	0.50	0.99	16	MOCC	0	26078.20	COMMIT	5648	2033526	0	0	0	0	ABORT	8024	1795853	0	0	538863	0	0	262	6343	19045	49861	0	14	26	45	0.57	
0.50	0.50	0.99	20	MOCC	0	23954.78	COMMIT	3827	2006575	0	0	0	0	ABORT	6532	1763142	0	0	610668	0	0	281	8879	25922	91547	0	17	33	81	0.61	
0.50	0.50	0.99	24	MOCC	0	21496.16	COMMIT	2690	2017949	0	0	0	0	ABORT	5406	1675070	0	0	651651	0	0	287	12724	43059	97634	0	19	41	88	0.64	
0.50	0.50	0.99	28	MOCC	0	
0.50	0.50	0.99	32	MOCC	0	
0.50	0.50	0.99	36	MOCC	0	16865.97	COMMIT	1483	1817847	0	0	0	0	ABORT	4360	1713940	0	0	630661	0	0	237	38954	99999	99999	0	28	83	164	0.73	
bimodal, w/o log
Rd	Wt	Zip	T	CC	TP	P50	P90	P99	P999	Abt
0.50	0.50	0.99	1	MOCC	0	4872.53	COMMIT	19317	3969170	0	0	0	0	ABORT	0	0	0	0	0	0	0	157	1537	1665	2445	0	0	0	0	0.00	
0.50	0.50	0.99	4	MOCC	0	19180.55	COMMIT	16354	2833203	0	0	0	0	ABORT	7666	1107072	0	0	62062	0	0	140	1575	3318	5175	0	5	9	12	0.31	
0.50	0.50	0.99	8	MOCC	0	27214.71	COMMIT	11457	1920458	0	0	0	0	ABORT	11835	1980916	0	0	374590	0	0	128	2943	7038	16859	0	9	15	23	0.49	
0.50	0.50	0.99	12	MOCC	0	27897.46	COMMIT	7537	1888814	0	0	0	0	ABORT	9417	1951477	0	0	516408	0	0	222	4411	12297	28600	0	12	21	32	0.54	
0.50	0.50	0.99	16	MOCC	0	26029.31	COMMIT	5232	2042862	0	0	0	0	ABORT	7735	1776690	0	0	581648	0	0	263	6265	18666	49579	0	14	26	48	0.57	
0.50	0.50	0.99	20	MOCC	0	
0.50	0.50	0.99	24	MOCC	0	21318.66	COMMIT	2477	1937883	0	0	0	0	ABORT	5493	1786279	0	0	665244	0	0	288	13043	39389	97124	0	19	41	88	0.64	
0.50	0.50	0.99	28	MOCC	0	
0.50	0.50	0.99	32	MOCC	0	18197.98	COMMIT	1613	1860556	0	0	0	0	ABORT	4440	1689974	0	0	641475	0	0	260	25919	76109	99999	0	24	65	154	0.70	
0.50	0.50	0.99	36	MOCC	0	
bimodal, w/o log
Rd	Wt	Zip	T	CC	TP	P50	P90	P99	P999	Abt
0.50	0.50	0.99	28	MOCC	0	19386.60	COMMIT	2020	1952218	0	0	0	0	ABORT	4935	1687849	0	0	617539	0	0	277	18911	54873	99999	0	22	50	111	0.67	
