	T	CC	TP	P50	P90	P99	P999	Abt
TPCC	WOUND_WAIT	1	360845.46	1	6	6	7	14	0	0	0	0	0	0.00	0.00	
TPCC	WOUND_WAIT	4	333782.85	8	17	21	46	417	0	0	0	0	1	0.01	0.01	
TPCC	WOUND_WAIT	8	344036.75	11	20	25	41	107	0	0	0	0	1	0.01	0.01	
TPCC	WOUND_WAIT	12	345860.47	12	27	36	53	123	0	0	0	0	1	0.01	0.01	
TPCC	WOUND_WAIT	16	344331.23	11	40	51	70	388	0	0	0	0	1	0.01	0.01	
TPCC	WOUND_WAIT	20	318782.66	12	88	103	127	180	0	0	0	0	1	0.01	0.01	
TPCC	WOUND_WAIT	24	319626.59	14	100	111	130	161	0	0	0	0	1	0.01	0.01	
TPCC	WOUND_WAIT	28	288953.24	14	126	136	157	214	0	0	0	0	1	0.00	0.00	
TPCC	WOUND_WAIT	32	295573.95	16	165	184	221	297	0	0	0	0	1	0.01	0.01	
TPCC	WOUND_WAIT	36	260701.82	20	187	199	224	277	0	0	0	0	1	0.00	0.00	
TPCC	WOUND_WAIT	40	227141.36	30	229	243	279	795	0	0	0	0	1	0.00	0.00	
TPCC	WOUND_WAIT	44	242398.23	27	249	264	300	379	0	0	0	0	1	0.00	0.00	
TPCC	WOUND_WAIT	48	198664.30	223	279	295	338	450	0	0	0	0	1	0.00	0.00	
TPCC	WOUND_WAIT	52	205648.49	261	319	335	373	569	0	0	0	0	1	0.00	0.00	
TPCC	WOUND_WAIT	56	180645.18	304	360	378	426	663	0	0	0	0	1	0.00	0.00	
TPCC	WOUND_WAIT	60	183303.62	330	385	404	457	836	0	0	0	0	1	0.00	0.00	
TPCC	WOUND_WAIT	64	177317.82	360	413	432	484	1031	0	0	0	0	1	0.00	0.00	
TPCC	DLOCK	1	402959.42	1	5	5	6	13	0	0	0	0	0	0.00	0.00	
TPCC	DLOCK	4	619861.97	6	11	15	81	111	0	0	0	1	1	0.03	0.03	
TPCC	DLOCK	8	667574.93	7	27	43	107	487	0	0	0	1	2	0.05	0.05	
TPCC	DLOCK	12	
TPCC	DLOCK	16	
TPCC	DLOCK	20	578636.38	9	36	71	109	259	0	0	0	1	1	0.05	0.05	
TPCC	DLOCK	24	466250.76	11	55	85	116	216	0	0	0	1	1	0.05	0.05	
TPCC	DLOCK	28	444277.12	11	82	117	154	585	0	0	0	1	1	0.05	0.04	
TPCC	DLOCK	32	485676.45	11	92	135	174	299	0	0	0	1	1	0.05	0.05	
TPCC	DLOCK	36	472655.57	9	122	153	190	809	0	0	0	1	1	0.04	0.04	
TPCC	DLOCK	40	419756.72	11	157	182	221	456	0	0	0	1	1	0.04	0.04	
TPCC	DLOCK	44	452150.61	12	186	215	263	404	0	0	0	1	1	0.05	0.05	
TPCC	DLOCK	48	430330.83	12	213	242	298	1166	0	0	0	1	1	0.05	0.04	
TPCC	DLOCK	52	427785.63	12	242	268	322	1532	0	0	0	1	1	0.04	0.04	
TPCC	DLOCK	56	389833.61	13	272	296	350	4628	0	0	0	1	1	0.04	0.04	
TPCC	DLOCK	60	397183.60	13	300	326	389	874	0	0	0	1	1	0.04	0.04	
TPCC	DLOCK	64	414575.31	12	324	350	422	1804	0	0	0	1	1	0.05	0.04	
TPCC	SILO	1	425099.76	1	5	5	6	12	0	0	0	0	0	0.00	0.00	
TPCC	SILO	4	391591.34	3	81	110	1122	11491	0	1	2	3	6	0.30	0.22	
TPCC	SILO	8	423114.20	3	97	156	5351	16019	0	2	2	4	7	0.39	0.27	
TPCC	SILO	12	433007.08	4	110	239	7543	18305	0	2	2	4	7	0.48	0.31	
TPCC	SILO	16	431519.82	4	140	1188	9269	20172	0	2	3	5	8	0.57	0.36	
TPCC	SILO	20	432642.32	4	160	2362	10972	22322	0	2	3	5	9	0.59	0.35	
TPCC	SILO	24	422219.66	8	265	3515	11725	23468	0	2	3	6	11	0.81	0.45	
TPCC	SILO	28	431044.62	6	377	4246	12910	25116	0	2	3	6	10	0.77	0.42	
TPCC	SILO	32	430944.88	8	1044	5002	14087	26191	0	2	4	7	11	0.85	0.45	
TPCC	SILO	36	425826.00	23	1793	5757	14574	27086	1	3	4	8	13	1.08	0.52	
TPCC	SILO	40	437605.53	12	2243	6278	15363	28579	1	3	4	8	13	1.01	0.49	
TPCC	SILO	44	438056.94	18	2849	6862	15864	29026	1	3	4	8	14	1.08	0.51	
TPCC	SILO	48	447755.15	18	3190	7299	16598	29845	1	3	4	8	14	1.09	0.51	
TPCC	SILO	52	125678.03	1042	3613	4816	7944	13166	5	21	28	47	75	8.66	0.91	
TPCC	SILO	56	271596.10	95	4056	7133	16315	30527	1	10	16	33	59	3.44	0.65	
TPCC	SILO	60	430265.54	42	4616	9004	19192	33825	1	4	6	11	23	1.43	0.57	
TPCC	SILO	64	436039.66	46	4964	9341	19454	34473	1	4	6	11	23	1.47	0.58	
