Rd	Wt	Zip	T	CC	TP	P50	P90	P99	P999	Abt
0.95	0.05	0.50	1	MOCC	0	206025.86	COMMIT	818285	3956044	0	0	3565119	209169	ABORT	0	0	0	0	0	0	0	3	15	16	20	0	0	0	0	0.00	
0.95	0.05	0.50	4	MOCC	0	703491.26	COMMIT	791386	3955997	0	0	3556384	209141	ABORT	1	13	0	0	2	3	2	4	20	22	26	0	0	0	0	0.00	
0.95	0.05	0.50	8	MOCC	0	1391559.65	COMMIT	783783	3955137	0	0	3561443	211245	ABORT	1	14	0	0	2	6	1	4	20	22	27	0	0	0	0	0.00	
0.95	0.05	0.50	12	MOCC	0	2068085.36	COMMIT	776320	3956112	0	0	3569507	210750	ABORT	4	78	0	0	8	56	6	4	20	22	28	0	0	0	0	0.00	
0.95	0.05	0.50	16	MOCC	0	2717075.68	COMMIT	753941	3957195	0	0	3546531	209501	ABORT	1	24	0	0	2	15	1	4	20	22	29	0	0	0	0	0.00	
0.95	0.05	0.50	20	MOCC	0	3385556.77	COMMIT	759458	3956307	0	0	3557383	212742	ABORT	5	69	0	0	9	41	7	4	20	23	31	0	0	0	0	0.00	
0.95	0.05	0.50	24	MOCC	0	4040003.20	COMMIT	748247	3955564	0	0	3552057	215340	ABORT	7	93	0	0	11	60	11	4	20	23	33	0	0	0	0	0.00	
0.95	0.05	0.50	28	MOCC	0	4649415.27	COMMIT	744114	3957045	0	0	3554279	215459	ABORT	6	81	0	0	14	50	8	4	21	24	37	0	0	0	0	0.00	
0.95	0.05	0.50	32	MOCC	0	5252352.89	COMMIT	729694	3954871	0	0	3554199	213783	ABORT	13	225	0	0	23	166	20	4	21	24	41	0	0	0	0	0.00	
0.95	0.05	0.50	36	MOCC	0	5790852.48	COMMIT	720335	3957507	0	0	3553966	210619	ABORT	3	59	0	0	5	42	4	4	22	25	48	0	0	0	0	0.00	
