No Backoff.
Rd	Wt	Zip	T	CC	TP	P50	P90	P99	P999	Abt
0.50	0.50	0.99	1	WOUND_WAIT	0	166546.13	3	17	23	46	79	0	0	0	0	0	0.00	0.00	
0.50	0.50	0.99	4	WOUND_WAIT	0	421092.28	3	26	37	67	117	0	0	0	1	3	0.04	0.03	
0.50	0.50	0.99	8	WOUND_WAIT	0	488132.54	4	44	63	106	206	0	0	1	2	7	0.12	0.06	
0.50	0.50	0.99	12	WOUND_WAIT	0	421338.61	5	69	91	143	410	0	0	1	3	13	0.34	0.08	
0.50	0.50	0.99	16	WOUND_WAIT	0	315639.80	6	93	117	173	1535	0	0	1	4	24	0.50	0.09	
0.50	0.50	0.99	20	WOUND_WAIT	0	218893.36	18	199	261	435	1796	0	1	2	6	28	0.49	0.11	
0.50	0.50	0.99	24	WOUND_WAIT	0	196151.04	25	301	401	749	2973	0	1	2	8	39	0.49	0.12	
0.50	0.50	0.99	28	WOUND_WAIT	0	185044.86	37	424	563	1002	3857	0	1	3	10	57	0.51	0.13	
0.50	0.50	0.99	32	WOUND_WAIT	0	114494.26	59	571	775	1413	8954	0	1	3	13	84	0.62	0.14	
0.50	0.50	0.99	36	WOUND_WAIT	0	120918.78	86	730	999	1756	7973	0	2	4	15	101	0.59	0.15	
0.50	0.50	0.99	40	WOUND_WAIT	0	91899.75	123	997	1346	2743	39498	0	2	5	22	168	0.71	0.16	
0.50	0.50	0.99	44	WOUND_WAIT	0	58432.41	181	1406	1826	3720	46631	0	2	5	29	205	0.78	0.16	
0.50	0.50	0.99	48	WOUND_WAIT	0	58189.65	260	1787	2484	5555	48174	0	2	6	36	429	0.83	0.17	
0.50	0.50	0.99	52	WOUND_WAIT	0	33540.11	342	2124	2651	6385	99999	0	3	8	41	387	0.86	0.18	
0.50	0.50	0.99	56	WOUND_WAIT	0	49692.77	412	2425	3113	7186	51878	0	3	9	47	548	0.79	0.18	
0.50	0.50	0.99	60	WOUND_WAIT	0	56871.33	478	2575	3320	7596	40958	0	3	10	53	417	0.77	0.19	
0.50	0.50	0.99	64	WOUND_WAIT	0	30812.43	653	3233	4192	11506	99999	0	4	10	60	521	0.90	0.19	
0.50	0.50	0.99	1	DLOCK	0	156052.21	3	17	24	49	85	0	0	0	0	0	0.00	0.00	
0.50	0.50	0.99	4	DLOCK	0	500836.92	3	22	30	56	97	0	0	0	1	40	0.13	0.01	
0.50	0.50	0.99	8	DLOCK	0	692829.41	4	28	41	73	130	0	0	0	10	75	0.38	0.04	
0.50	0.50	0.99	12	DLOCK	0	308302.69	4	43	61	99	162	0	0	1	24	127	0.84	0.07	
0.50	0.50	0.99	16	DLOCK	0	283278.98	4	59	83	129	211	0	0	2	32	156	0.91	0.08	
0.50	0.50	0.99	20	DLOCK	0	237887.80	5	125	175	294	997	0	0	2	62	358	0.89	0.10	
0.50	0.50	0.99	24	DLOCK	0	194910.00	5	181	258	499	1794	0	1	3	91	530	0.94	0.11	
0.50	0.50	0.99	28	DLOCK	0	128476.95	6	261	371	734	8641	0	1	5	137	766	0.96	0.12	
0.50	0.50	0.99	32	DLOCK	0	42597.05	8	480	687	1296	99999	0	1	7	242	1598	0.99	0.13	
0.50	0.50	0.99	36	DLOCK	0	158885.79	7	405	565	1058	18926	0	1	8	196	1041	0.95	0.13	
0.50	0.50	0.99	40	DLOCK	0	45674.55	21	749	1046	1958	99999	0	2	14	380	2262	0.99	0.14	
0.50	0.50	0.99	44	DLOCK	0	44795.02	32	922	1302	2586	99999	0	2	18	434	2794	0.99	0.14	
0.50	0.50	0.99	48	DLOCK	0	36752.51	31	986	1370	2567	99999	0	2	23	476	2375	0.99	0.15	
0.50	0.50	0.99	52	DLOCK	0	68764.54	36	1096	1560	3146	99999	0	3	27	521	3076	0.99	0.15	
0.50	0.50	0.99	56	DLOCK	0	43951.91	38	1282	1824	3407	99999	0	3	31	598	3118	0.99	0.16	
0.50	0.50	0.99	60	DLOCK	0	37415.80	49	1763	2430	5384	99999	0	4	48	805	6344	0.99	0.16	
0.50	0.50	0.99	64	DLOCK	0	59134.10	45	1539	2109	3973	99999	0	4	41	640	3477	0.98	0.16	
0.50	0.50	0.99	1	SILO	0	155077.02	3	19	25	42	66	0	0	0	0	0	0.00	0.00	
0.50	0.50	0.99	4	SILO	0	597029.16	3	21	30	43	65	0	1	1	2	4	0.13	0.11	
0.50	0.50	0.99	8	SILO	0	1126883.67	3	23	33	53	79	0	1	2	5	11	0.23	0.15	
0.50	0.50	0.99	12	SILO	0	1494211.55	3	24	39	69	127	0	1	3	9	22	0.33	0.17	
0.50	0.50	0.99	16	SILO	0	1733461.39	3	24	45	96	220	0	1	4	15	40	0.43	0.19	
0.50	0.50	0.99	20	SILO	0	1284292.49	4	33	66	192	676	0	1	5	22	83	0.52	0.20	
0.50	0.50	0.99	24	SILO	0	1021240.88	5	43	91	303	1351	0	1	5	27	124	0.58	0.20	
0.50	0.50	0.99	28	SILO	0	866764.75	6	49	110	448	2322	0	1	5	33	173	0.63	0.20	
0.50	0.50	0.99	32	SILO	0	774758.22	6	64	139	544	2999	0	1	5	35	194	0.65	0.21	
0.50	0.50	0.99	36	SILO	0	649026.13	7	64	147	745	5188	0	1	5	39	262	0.69	0.20	
0.50	0.50	0.99	40	SILO	0	601372.53	7	72	163	870	6452	0	1	5	41	282	0.70	0.20	
0.50	0.50	0.99	44	SILO	0	561829.84	8	74	167	930	8290	0	1	5	39	316	0.71	0.20	
0.50	0.50	0.99	48	SILO	0	539249.93	7	69	160	932	10580	0	1	4	37	348	0.72	0.19	
0.50	0.50	0.99	52	SILO	0	504114.18	8	80	181	995	12080	0	1	5	36	340	0.73	0.19	
0.50	0.50	0.99	56	SILO	0	472707.57	8	86	191	1087	13549	0	1	4	37	356	0.73	0.19	
0.50	0.50	0.99	60	SILO	0	457801.60	8	82	180	966	16660	0	1	4	32	389	0.74	0.19	
0.50	0.50	0.99	64	SILO	0	457924.60	8	87	184	792	15336	0	1	4	25	328	0.73	0.19	
Policy 0.
Rd	Wt	Zip	T	CC	TP	P50	P90	P99	P999	Abt
0.50	0.50	0.99	1	WOUND_WAIT	0	193164.10	2	15	20	42	81	0	0	0	0	0	0.00	0.00	
0.50	0.50	0.99	4	WOUND_WAIT	0	406063.20	3	28	44	127	251	0	0	0	1	2	0.03	0.03	
0.50	0.50	0.99	8	WOUND_WAIT	0	530536.97	4	59	116	229	449	0	0	1	2	4	0.10	0.08	
0.50	0.50	0.99	12	WOUND_WAIT	0	542270.73	5	107	175	327	708	0	1	1	3	6	0.15	0.11	
0.50	0.50	0.99	16	WOUND_WAIT	0	531695.35	6	149	230	411	1370	0	1	2	3	8	0.19	0.13	
0.50	0.50	0.99	20	WOUND_WAIT	0	362215.99	11	286	415	703	1219	0	1	2	3	5	0.20	0.14	
0.50	0.50	0.99	24	WOUND_WAIT	0	277826.76	20	455	648	1095	1969	0	1	2	4	6	0.22	0.15	
0.50	0.50	0.99	28	WOUND_WAIT	0	262666.82	23	581	822	1419	2597	0	1	2	4	6	0.24	0.16	
0.50	0.50	0.99	32	WOUND_WAIT	0	221065.79	27	788	1108	1887	3617	0	1	3	4	7	0.26	0.17	
0.50	0.50	0.99	36	WOUND_WAIT	0	189319.31	33	1056	1461	2453	4545	0	2	3	5	7	0.28	0.18	
0.50	0.50	0.99	40	WOUND_WAIT	0	149094.67	50	1453	1976	3269	5957	0	2	3	5	8	0.30	0.18	
0.50	0.50	0.99	44	WOUND_WAIT	0	152159.17	56	1627	2237	3836	7221	0	2	3	5	8	0.31	0.19	
0.50	0.50	0.99	48	WOUND_WAIT	0	129184.04	79	2068	2804	4676	8041	0	2	3	6	9	0.33	0.19	
0.50	0.50	0.99	52	WOUND_WAIT	0	110954.68	110	2618	3536	5826	9899	0	2	4	6	9	0.34	0.20	
0.50	0.50	0.99	56	WOUND_WAIT	0	94955.36	139	3185	4226	6924	10848	0	2	4	7	10	0.36	0.20	
0.50	0.50	0.99	60	WOUND_WAIT	0	99497.21	141	3379	4501	7302	11913	0	2	4	7	11	0.37	0.20	
0.50	0.50	0.99	64	WOUND_WAIT	0	97504.43	156	3759	5043	8316	13441	0	2	4	7	11	0.38	0.21	
0.50	0.50	0.99	1	DLOCK	0	156256.11	3	18	24	50	84	0	0	0	0	0	0.00	0.00	
0.50	0.50	0.99	4	DLOCK	0	515979.23	3	22	32	83	166	0	0	0	1	2	0.02	0.02	
0.50	0.50	0.99	8	DLOCK	0	787490.10	4	32	62	147	264	0	0	0	1	3	0.06	0.05	
0.50	0.50	0.99	12	DLOCK	0	921199.26	4	54	103	199	347	0	0	1	2	3	0.09	0.07	
0.50	0.50	0.99	16	DLOCK	0	939509.21	4	84	138	260	482	0	0	1	2	4	0.11	0.09	
0.50	0.50	0.99	20	DLOCK	0	711586.15	5	150	225	417	990	0	0	1	2	4	0.13	0.10	
0.50	0.50	0.99	24	DLOCK	0	595297.74	5	232	334	603	1174	0	1	1	3	4	0.14	0.11	
0.50	0.50	0.99	28	DLOCK	0	547006.56	5	305	437	788	1563	0	1	1	3	5	0.16	0.12	
0.50	0.50	0.99	32	DLOCK	0	553514.79	5	361	513	946	1889	0	1	1	3	5	0.17	0.12	
0.50	0.50	0.99	36	DLOCK	0	447836.46	6	504	715	1312	2559	0	1	2	3	6	0.18	0.13	
0.50	0.50	0.99	40	DLOCK	0	437029.96	6	592	836	1621	3124	0	1	2	4	6	0.19	0.13	
0.50	0.50	0.99	44	DLOCK	0	375721.38	6	752	1082	2037	4015	0	1	2	4	7	0.21	0.14	
0.50	0.50	0.99	48	DLOCK	0	379253.14	6	834	1187	2341	4376	0	1	2	4	7	0.21	0.14	
0.50	0.50	0.99	52	DLOCK	0	316209.64	7	1070	1533	2985	5947	0	1	2	4	7	0.23	0.15	
0.50	0.50	0.99	56	DLOCK	0	290829.59	8	1259	1837	3434	6580	0	1	2	5	8	0.24	0.15	
0.50	0.50	0.99	60	DLOCK	0	269013.42	9	1462	2125	3874	7021	0	1	2	5	8	0.24	0.15	
0.50	0.50	0.99	64	DLOCK	0	255458.73	12	1651	2434	4368	7918	0	1	2	5	9	0.25	0.16	
0.50	0.50	0.99	1	SILO	0	163095.78	3	18	24	41	64	0	0	0	0	0	0.00	0.00	
0.50	0.50	0.99	4	SILO	0	576979.02	3	34	100	208	387	0	1	1	3	5	0.13	0.10	
0.50	0.50	0.99	8	SILO	0	990570.25	3	77	151	420	882	0	1	2	6	13	0.25	0.15	
0.50	0.50	0.99	12	SILO	0	1297171.27	3	93	222	728	1763	0	1	3	11	27	0.36	0.16	
0.50	0.50	0.99	16	SILO	0	1471894.00	3	103	303	1152	3138	0	1	4	17	49	0.45	0.18	
0.50	0.50	0.99	20	SILO	0	1249742.71	4	121	394	1702	5755	0	1	5	24	83	0.53	0.19	
0.50	0.50	0.99	24	SILO	0	1111234.16	5	143	480	2218	8214	0	1	6	29	113	0.58	0.19	
0.50	0.50	0.99	28	SILO	0	1034680.28	5	164	577	2864	11454	0	1	6	36	154	0.63	0.20	
0.50	0.50	0.99	32	SILO	0	972382.24	5	181	649	3421	14898	0	1	7	41	197	0.67	0.20	
0.50	0.50	0.99	36	SILO	0	851286.34	6	212	740	3998	18309	0	2	7	44	226	0.69	0.21	
0.50	0.50	0.99	40	SILO	0	761337.26	7	227	802	4817	25242	0	2	7	51	298	0.72	0.21	
0.50	0.50	0.99	44	SILO	0	700427.81	7	253	884	5534	30209	0	2	7	55	335	0.74	0.21	
0.50	0.50	0.99	48	SILO	0	670951.29	7	267	922	6145	35029	0	2	7	57	370	0.75	0.21	
0.50	0.50	0.99	52	SILO	0	601771.62	8	283	934	6482	42426	0	2	7	55	399	0.76	0.21	
0.50	0.50	0.99	56	SILO	0	551825.16	8	271	889	6742	53805	0	1	6	54	460	0.77	0.20	
0.50	0.50	0.99	60	SILO	0	524889.47	9	292	917	6942	59974	0	1	6	51	478	0.78	0.21	
0.50	0.50	0.99	64	SILO	0	590295.55	6	177	477	3369	71983	0	1	4	25	217	0.64	0.19	
Policy 1.
Rd	Wt	Zip	T	CC	TP	P50	P90	P99	P999	Abt
0.50	0.50	0.99	1	WOUND_WAIT	0	169658.50	3	17	22	41	71	0	0	0	0	0	0.00	0.00	
0.50	0.50	0.99	4	WOUND_WAIT	0	422319.18	3	25	37	68	124	0	0	0	1	3	0.03	0.03	
0.50	0.50	0.99	8	WOUND_WAIT	0	530212.08	4	42	60	101	196	0	0	1	2	4	0.08	0.06	
0.50	0.50	0.99	12	WOUND_WAIT	0	542869.54	5	65	87	136	273	0	0	1	3	5	0.12	0.08	
0.50	0.50	0.99	16	WOUND_WAIT	0	543172.90	6	88	111	164	329	0	0	1	4	6	0.16	0.10	
0.50	0.50	0.99	20	WOUND_WAIT	0	331405.04	17	189	244	381	716	0	1	2	4	7	0.19	0.11	
0.50	0.50	0.99	24	WOUND_WAIT	0	286267.72	23	255	329	565	1070	0	1	2	5	7	0.23	0.13	
0.50	0.50	0.99	28	WOUND_WAIT	0	255120.46	27	332	436	770	1528	0	1	3	6	8	0.26	0.14	
0.50	0.50	0.99	32	WOUND_WAIT	0	229797.76	36	427	566	991	1867	0	1	3	6	9	0.29	0.15	
0.50	0.50	0.99	36	WOUND_WAIT	0	182883.06	61	597	788	1293	2501	0	2	3	7	9	0.31	0.15	
0.50	0.50	0.99	40	WOUND_WAIT	0	158578.09	94	766	1015	1634	2786	0	2	4	7	10	0.33	0.16	
0.50	0.50	0.99	44	WOUND_WAIT	0	132302.46	130	1003	1308	2028	3485	0	2	4	8	10	0.35	0.17	
0.50	0.50	0.99	48	WOUND_WAIT	0	131185.64	150	1127	1491	2450	4151	0	2	5	8	11	0.37	0.17	
0.50	0.50	0.99	52	WOUND_WAIT	0	113337.07	190	1366	1785	2640	4793	0	2	5	9	11	0.39	0.18	
0.50	0.50	0.99	56	WOUND_WAIT	0	97599.51	264	1709	2171	3185	5559	0	3	5	9	12	0.41	0.18	
0.50	0.50	0.99	60	WOUND_WAIT	0	87382.34	328	1997	2501	3527	6251	0	3	6	9	12	0.43	0.19	
0.50	0.50	0.99	64	WOUND_WAIT	0	80372.65	412	2269	2757	3848	7067	0	3	6	10	13	0.44	0.19	
0.50	0.50	0.99	1	DLOCK	0	148366.69	3	18	24	50	87	0	0	0	0	0	0.00	0.00	
0.50	0.50	0.99	4	DLOCK	0	545380.82	3	21	29	55	98	0	0	0	1	4	0.02	0.01	
0.50	0.50	0.99	8	DLOCK	0	768883.68	4	26	39	73	157	0	0	0	3	5	0.07	0.04	
0.50	0.50	0.99	12	DLOCK	0	824624.84	4	36	54	100	247	0	0	1	3	6	0.11	0.06	
0.50	0.50	0.99	16	DLOCK	0	
0.50	0.50	0.99	20	DLOCK	0	711118.23	5	94	133	233	636	0	0	2	5	8	0.18	0.09	
0.50	0.50	0.99	24	DLOCK	0	613565.46	5	136	188	334	814	0	1	2	6	8	0.22	0.10	
0.50	0.50	0.99	28	DLOCK	0	575896.75	5	173	239	451	1075	0	1	3	6	9	0.25	0.11	
0.50	0.50	0.99	32	DLOCK	0	552427.94	5	210	291	566	1204	0	1	3	7	9	0.27	0.12	
0.50	0.50	0.99	36	DLOCK	0	477240.98	6	276	386	777	1560	0	1	4	7	10	0.30	0.12	
0.50	0.50	0.99	40	DLOCK	0	427409.17	7	342	490	1001	2093	0	1	4	8	10	0.32	0.13	
0.50	0.50	0.99	44	DLOCK	0	403401.83	6	401	574	1125	2150	0	1	4	8	11	0.33	0.13	
0.50	0.50	0.99	48	DLOCK	0	387930.21	7	456	661	1358	2589	0	1	5	8	11	0.35	0.14	
0.50	0.50	0.99	52	DLOCK	0	342175.80	7	566	815	1555	2813	0	2	5	9	12	0.37	0.14	
0.50	0.50	0.99	56	DLOCK	0	344506.23	8	612	879	1755	3216	0	2	5	9	12	0.38	0.15	
0.50	0.50	0.99	60	DLOCK	0	313379.95	10	727	1047	2024	3624	0	2	6	9	13	0.39	0.15	
0.50	0.50	0.99	64	DLOCK	0	289970.32	13	834	1201	2127	3765	0	2	6	10	13	0.40	0.15	
0.50	0.50	0.99	1	SILO	0	163387.01	3	18	24	42	66	0	0	0	0	0	0.00	0.00	
0.50	0.50	0.99	4	SILO	0	338387.51	3	21	33	59	182	0	0	1	2	4	0.10	0.09	
0.50	0.50	0.99	8	SILO	0	402257.67	3	20	33	64	522	0	1	1	3	7	0.14	0.10	
0.50	0.50	0.99	12	SILO	0	474909.35	3	19	34	78	1120	0	1	1	4	9	0.17	0.12	
0.50	0.50	0.99	16	SILO	0	581959.08	3	19	35	95	1724	0	1	1	4	11	0.19	0.12	
0.50	0.50	0.99	20	SILO	0	646455.16	3	28	48	144	2490	0	1	2	5	13	0.23	0.14	
0.50	0.50	0.99	24	SILO	0	753166.72	4	33	58	183	3141	0	1	2	6	15	0.25	0.15	
0.50	0.50	0.99	28	SILO	0	850407.55	4	36	66	236	3823	0	1	2	7	18	0.28	0.16	
0.50	0.50	0.99	32	SILO	0	926353.48	4	42	79	332	4540	0	1	2	7	20	0.30	0.18	
0.50	0.50	0.99	36	SILO	0	910617.39	5	45	86	419	5303	0	1	2	8	22	0.31	0.18	
0.50	0.50	0.99	40	SILO	0	910057.07	5	46	90	530	5954	0	1	2	8	24	0.32	0.18	
0.50	0.50	0.99	44	SILO	0	909839.71	5	48	95	645	6614	0	1	2	9	26	0.33	0.18	
0.50	0.50	0.99	48	SILO	0	903946.75	5	51	102	845	7202	0	1	3	9	28	0.34	0.19	
0.50	0.50	0.99	52	SILO	0	904600.60	5	51	103	985	7794	0	1	3	10	30	0.35	0.19	
0.50	0.50	0.99	56	SILO	0	895003.80	5	57	117	1102	8531	0	1	3	10	32	0.36	0.19	
0.50	0.50	0.99	60	SILO	0	30004.57	4	53	92	87386	99999	0	0	1	1	2	0.06	0.05	
0.50	0.50	0.99	64	SILO	0	893654.24	5	60	126	1432	9644	0	1	3	11	35	0.37	0.19	
