Rd	Wt	Zip	T	CC	TP	P50	P90	P99	P999	Abt
0.50	0.50	0.80	1	WOUND_WAIT	0	23161.74	39	83	97	132	183	0	0	0	0	0	0.00	0.00	
0.50	0.50	0.80	4	WOUND_WAIT	0	150454.65	24	46	57	89	147	0	0	0	0	0	0.00	0.00	
0.50	0.50	0.80	8	WOUND_WAIT	0	327991.42	21	36	46	67	117	0	0	0	0	1	0.00	0.00	
0.50	0.50	0.80	12	WOUND_WAIT	0	497521.04	20	35	43	65	119	0	0	0	0	1	0.01	0.01	
0.50	0.50	0.80	16	WOUND_WAIT	0	639964.40	21	36	46	74	140	0	0	0	0	2	0.01	0.01	
0.50	0.50	0.80	20	WOUND_WAIT	0	663182.44	23	55	74	129	266	0	0	0	1	2	0.01	0.01	
0.50	0.50	0.80	24	WOUND_WAIT	0	661458.32	25	80	112	204	493	0	0	0	1	2	0.01	0.01	
0.50	0.50	0.80	28	WOUND_WAIT	0	604202.28	27	116	163	304	829	0	0	0	1	2	0.02	0.02	
0.50	0.50	0.80	32	WOUND_WAIT	0	556737.69	32	157	212	399	1076	0	0	0	1	2	0.02	0.02	
0.50	0.50	0.80	36	WOUND_WAIT	0	501152.30	46	207	278	552	1556	0	0	0	1	2	0.02	0.02	
0.50	0.50	0.80	40	WOUND_WAIT	0	437362.00	54	272	363	766	2201	0	0	0	1	2	0.03	0.02	
0.50	0.50	0.80	44	WOUND_WAIT	0	280821.68	77	473	632	1249	3254	0	0	0	1	3	0.03	0.03	
0.50	0.50	0.80	48	WOUND_WAIT	0	345551.45	66	421	570	1334	3239	0	0	0	1	3	0.03	0.03	
0.50	0.50	0.80	52	WOUND_WAIT	0	338131.10	70	461	626	1608	4164	0	0	0	1	3	0.04	0.03	
0.50	0.50	0.80	56	WOUND_WAIT	0	318037.85	76	523	721	1849	4311	0	0	0	1	3	0.04	0.03	
0.50	0.50	0.80	60	WOUND_WAIT	0	292025.32	89	614	835	2271	5036	0	0	0	1	3	0.04	0.04	
0.50	0.50	0.80	64	WOUND_WAIT	0	224423.96	122	872	1164	2784	6314	0	0	0	1	3	0.05	0.04	
0.50	0.50	0.80	1	DLOCK	0	23426.37	35	80	97	133	188	0	0	0	0	0	0.00	0.00	
0.50	0.50	0.80	4	DLOCK	0	138941.19	25	51	63	95	161	0	0	0	0	0	0.00	0.00	
0.50	0.50	0.80	8	DLOCK	0	317190.90	21	37	49	73	119	0	0	0	0	1	0.00	0.00	
0.50	0.50	0.80	12	DLOCK	0	525914.22	20	32	39	63	109	0	0	0	0	1	0.00	0.00	
0.50	0.50	0.80	16	DLOCK	0	685075.56	21	31	37	58	106	0	0	0	0	2	0.01	0.00	
0.50	0.50	0.80	20	DLOCK	0	806941.39	22	40	49	84	185	0	0	0	0	3	0.01	0.01	
0.50	0.50	0.80	24	DLOCK	0	872723.01	23	50	65	125	300	0	0	0	0	4	0.02	0.01	
0.50	0.50	0.80	28	DLOCK	0	894555.38	24	60	85	174	451	0	0	0	1	5	0.02	0.01	
0.50	0.50	0.80	32	DLOCK	0	888879.28	25	74	108	228	650	0	0	0	1	6	0.03	0.02	
0.50	0.50	0.80	36	DLOCK	0	788725.47	28	104	160	324	936	0	0	0	1	7	0.05	0.02	
0.50	0.50	0.80	40	DLOCK	0	852317.48	27	112	174	353	1013	0	0	0	2	7	0.06	0.02	
0.50	0.50	0.80	44	DLOCK	0	821919.03	29	138	217	444	1376	0	0	0	3	8	0.07	0.03	
0.50	0.50	0.80	48	DLOCK	0	796138.99	29	166	258	539	1682	0	0	0	4	8	0.09	0.03	
0.50	0.50	0.80	52	DLOCK	0	525271.04	61	289	436	870	2490	0	0	0	6	9	0.12	0.04	
0.50	0.50	0.80	56	DLOCK	0	703774.55	31	242	368	807	2426	0	0	0	6	9	0.13	0.04	
0.50	0.50	0.80	60	DLOCK	0	721137.59	31	261	392	917	2857	0	0	0	6	9	0.14	0.04	
0.50	0.50	0.80	64	DLOCK	0	728934.04	30	282	417	1034	3171	0	0	0	7	10	0.15	0.05	
0.50	0.50	0.80	1	SILO	0	23256.84	40	71	82	103	135	0	0	0	0	0	0.00	0.00	
0.50	0.50	0.80	4	SILO	0	122930.27	29	52	60	80	112	0	0	0	1	1	0.03	0.03	
0.50	0.50	0.80	8	SILO	0	317580.73	22	37	44	60	89	0	0	1	1	2	0.06	0.06	
0.50	0.50	0.80	12	SILO	0	481212.89	22	35	41	54	80	0	0	1	1	2	0.08	0.09	
0.50	0.50	0.80	16	SILO	0	672984.57	22	31	37	49	75	0	1	1	1	2	0.11	0.11	
0.50	0.50	0.80	20	SILO	0	783356.38	23	39	47	78	159	0	1	1	1	2	0.13	0.14	
0.50	0.50	0.80	24	SILO	0	798857.81	27	52	61	110	201	0	1	1	1	2	0.14	0.16	
0.50	0.50	0.80	28	SILO	0	841929.09	29	60	77	145	282	0	1	1	2	2	0.16	0.17	
0.50	0.50	0.80	32	SILO	0	891751.67	31	67	90	171	350	0	1	1	2	3	0.17	0.19	
0.50	0.50	0.80	36	SILO	0	942645.11	32	74	105	205	417	0	1	1	2	3	0.18	0.20	
0.50	0.50	0.80	40	SILO	0	1007571.99	33	77	111	245	571	0	1	1	2	3	0.19	0.22	
0.50	0.50	0.80	44	SILO	0	982337.45	36	89	131	263	561	0	1	1	2	3	0.20	0.23	
0.50	0.50	0.80	48	SILO	0	1045811.03	37	91	139	332	785	0	1	1	2	3	0.21	0.24	
0.50	0.50	0.80	52	SILO	0	1107891.95	37	97	150	327	719	0	1	1	2	3	0.22	0.25	
0.50	0.50	0.80	56	SILO	0	975424.24	46	111	177	432	989	0	1	1	2	3	0.23	0.27	
0.50	0.50	0.80	60	SILO	0	1198443.71	40	104	164	414	974	0	1	1	2	4	0.24	0.28	
0.50	0.50	0.80	64	SILO	0	1174666.05	47	101	158	457	1064	0	1	1	2	4	0.25	0.29	
0.95	0.05	0.80	1	WOUND_WAIT	0	36379.69	20	55	72	102	143	0	0	0	0	0	0.00	0.00	
0.95	0.05	0.80	4	WOUND_WAIT	0	204599.97	15	31	45	61	107	0	0	0	0	0	0.00	0.00	
0.95	0.05	0.80	8	WOUND_WAIT	0	458073.24	15	23	26	47	83	0	0	0	0	0	0.00	0.00	
0.95	0.05	0.80	12	WOUND_WAIT	0	699787.43	15	22	25	44	77	0	0	0	0	0	0.00	0.00	
0.95	0.05	0.80	16	WOUND_WAIT	0	916917.95	15	22	25	43	75	0	0	0	0	0	0.00	0.00	
0.95	0.05	0.80	20	WOUND_WAIT	0	1148191.17	16	23	29	47	114	0	0	0	0	1	0.00	0.00	
0.95	0.05	0.80	24	WOUND_WAIT	0	1326512.17	16	24	37	52	138	0	0	0	0	1	0.00	0.00	
0.95	0.05	0.80	28	WOUND_WAIT	0	1455590.47	17	26	41	62	183	0	0	0	0	1	0.00	0.00	
0.95	0.05	0.80	32	WOUND_WAIT	0	1512863.96	17	35	45	75	228	0	0	0	0	1	0.00	0.00	
0.95	0.05	0.80	36	WOUND_WAIT	0	1574441.65	19	43	51	101	386	0	0	0	0	1	0.00	0.00	
0.95	0.05	0.80	40	WOUND_WAIT	0	1621759.47	19	48	56	115	442	0	0	0	0	2	0.01	0.00	
0.95	0.05	0.80	44	WOUND_WAIT	0	1668926.46	20	52	61	131	519	0	0	0	0	2	0.01	0.00	
0.95	0.05	0.80	48	WOUND_WAIT	0	1624341.04	21	57	70	164	594	0	0	0	0	2	0.01	0.01	
0.95	0.05	0.80	52	WOUND_WAIT	0	1733427.26	21	61	77	168	648	0	0	0	0	2	0.01	0.01	
0.95	0.05	0.80	56	WOUND_WAIT	0	1675175.43	22	67	92	196	720	0	0	0	0	2	0.01	0.01	
0.95	0.05	0.80	60	WOUND_WAIT	0	1705390.21	23	71	104	220	750	0	0	0	0	2	0.01	0.01	
0.95	0.05	0.80	64	WOUND_WAIT	0	1524736.84	24	90	137	284	1130	0	0	0	0	2	0.01	0.01	
0.95	0.05	0.80	1	DLOCK	0	34313.99	23	58	75	109	173	0	0	0	0	0	0.00	0.00	
0.95	0.05	0.80	4	DLOCK	0	185673.28	17	36	47	70	119	0	0	0	0	0	0.00	0.00	
0.95	0.05	0.80	8	DLOCK	0	421358.08	16	25	29	52	91	0	0	0	0	0	0.00	0.00	
0.95	0.05	0.80	12	DLOCK	0	637110.85	17	24	27	45	83	0	0	0	0	0	0.00	0.00	
0.95	0.05	0.80	16	DLOCK	0	854119.32	17	24	26	41	73	0	0	0	0	1	0.00	0.00	
0.95	0.05	0.80	20	DLOCK	0	1108007.71	17	23	28	44	108	0	0	0	0	2	0.01	0.00	
0.95	0.05	0.80	24	DLOCK	0	1254642.08	17	24	36	58	208	0	0	0	0	3	0.01	0.00	
0.95	0.05	0.80	28	DLOCK	0	1467122.43	17	24	40	57	168	0	0	0	0	4	0.01	0.00	
0.95	0.05	0.80	32	DLOCK	0	1620163.76	18	25	42	64	237	0	0	0	0	4	0.02	0.01	
0.95	0.05	0.80	36	DLOCK	0	1685511.28	19	30	48	85	308	0	0	0	0	5	0.02	0.01	
0.95	0.05	0.80	40	DLOCK	0	1784959.95	19	37	51	85	370	0	0	0	1	5	0.03	0.01	
0.95	0.05	0.80	44	DLOCK	0	1887207.08	20	43	53	89	401	0	0	0	1	6	0.03	0.01	
0.95	0.05	0.80	48	DLOCK	0	1731886.57	22	55	64	152	596	0	0	0	2	7	0.05	0.02	
0.95	0.05	0.80	52	DLOCK	0	2079481.67	21	51	61	104	535	0	0	0	2	6	0.05	0.02	
0.95	0.05	0.80	56	DLOCK	0	2105659.67	22	54	64	115	600	0	0	0	3	7	0.06	0.02	
0.95	0.05	0.80	60	DLOCK	0	2135203.80	23	60	70	142	713	0	0	0	4	7	0.07	0.02	
0.95	0.05	0.80	64	DLOCK	0	2381410.18	22	54	69	129	713	0	0	0	4	7	0.08	0.02	
0.95	0.05	0.80	1	SILO	0	23256.49	40	70	81	102	132	0	0	0	0	0	0.00	0.00	
0.95	0.05	0.80	4	SILO	0	149847.74	25	44	52	71	105	0	0	0	0	1	0.00	0.00	
0.95	0.05	0.80	8	SILO	0	346096.77	20	34	41	56	86	0	0	0	0	1	0.01	0.01	
0.95	0.05	0.80	12	SILO	0	535057.74	20	31	37	52	80	0	0	0	1	1	0.01	0.01	
0.95	0.05	0.80	16	SILO	0	729593.46	20	29	34	45	70	0	0	0	1	1	0.01	0.01	
0.95	0.05	0.80	20	SILO	0	862314.10	21	36	44	73	144	0	0	0	1	1	0.02	0.02	
0.95	0.05	0.80	24	SILO	0	949721.57	22	45	54	100	187	0	0	0	1	1	0.02	0.02	
0.95	0.05	0.80	28	SILO	0	989996.46	24	54	69	147	323	0	0	0	1	1	0.02	0.02	
0.95	0.05	0.80	32	SILO	0	1028647.60	27	59	76	148	300	0	0	0	1	1	0.03	0.03	
0.95	0.05	0.80	36	SILO	0	1143442.99	27	62	83	184	412	0	0	0	1	1	0.03	0.03	
0.95	0.05	0.80	40	SILO	0	1176659.53	28	69	95	214	480	0	0	0	1	1	0.03	0.03	
0.95	0.05	0.80	44	SILO	0	1241087.42	29	73	105	247	575	0	0	0	1	1	0.04	0.04	
0.95	0.05	0.80	48	SILO	0	1330185.79	29	76	107	249	560	0	0	0	1	1	0.04	0.04	
0.95	0.05	0.80	52	SILO	0	1361255.19	30	82	122	295	673	0	0	0	1	1	0.04	0.04	
0.95	0.05	0.80	56	SILO	0	1435503.58	32	81	120	326	793	0	0	0	1	1	0.04	0.05	
0.95	0.05	0.80	60	SILO	0	1460986.01	33	88	137	358	842	0	0	0	1	1	0.05	0.05	
0.95	0.05	0.80	64	SILO	0	1638718.90	33	73	105	358	963	0	0	1	1	1	0.05	0.05	
0.50	0.50	0.85	1	WOUND_WAIT	0	26122.74	31	73	86	116	159	0	0	0	0	0	0.00	0.00	
0.50	0.50	0.85	4	WOUND_WAIT	0	144018.41	23	50	61	89	134	0	0	0	0	1	0.00	0.00	
0.50	0.50	0.85	8	WOUND_WAIT	0	307903.18	20	44	56	87	155	0	0	0	1	2	0.01	0.01	
0.50	0.50	0.85	12	WOUND_WAIT	0	437117.85	21	48	62	99	203	0	0	0	1	2	0.03	0.03	
0.50	0.50	0.85	16	WOUND_WAIT	0	475548.29	24	66	84	122	203	0	0	0	1	2	0.04	0.03	
0.50	0.50	0.85	20	WOUND_WAIT	0	429400.33	31	112	142	228	492	0	0	0	1	3	0.05	0.04	
0.50	0.50	0.85	24	WOUND_WAIT	0	365922.87	43	169	218	398	845	0	0	1	2	3	0.06	0.05	
0.50	0.50	0.85	28	WOUND_WAIT	0	305342.23	57	241	312	569	1231	0	0	1	2	4	0.07	0.06	
0.50	0.50	0.85	32	WOUND_WAIT	0	291038.47	70	288	373	760	1733	0	0	1	2	4	0.09	0.07	
0.50	0.50	0.85	36	WOUND_WAIT	0	243420.95	95	387	517	1160	2315	0	0	1	2	4	0.10	0.08	
0.50	0.50	0.85	40	WOUND_WAIT	0	215724.47	125	481	669	1531	2888	0	0	1	2	5	0.11	0.08	
0.50	0.50	0.85	44	WOUND_WAIT	0	172334.94	182	676	919	2121	4103	0	0	1	3	5	0.12	0.09	
0.50	0.50	0.85	48	WOUND_WAIT	0	168672.53	202	716	1193	2533	4668	0	0	1	3	5	0.13	0.10	
0.50	0.50	0.85	52	WOUND_WAIT	0	164213.91	237	817	1269	2796	4891	0	1	1	3	6	0.14	0.11	
0.50	0.50	0.85	56	WOUND_WAIT	0	146198.98	291	1009	1617	3122	5671	0	1	1	3	6	0.16	0.11	
0.50	0.50	0.85	60	WOUND_WAIT	0	126931.26	363	1282	2040	3607	6335	0	1	1	3	7	0.17	0.12	
0.50	0.50	0.85	64	WOUND_WAIT	0	118450.79	430	1470	2354	4395	7133	0	1	1	4	7	0.18	0.13	
0.50	0.50	0.85	1	DLOCK	0	26071.07	31	74	90	122	174	0	0	0	0	0	0.00	0.00	
0.50	0.50	0.85	4	DLOCK	0	150276.00	22	47	58	83	131	0	0	0	0	1	0.00	0.00	
0.50	0.50	0.85	8	DLOCK	0	344684.61	19	34	44	66	114	0	0	0	0	3	0.01	0.01	
0.50	0.50	0.85	12	DLOCK	0	519792.91	19	33	42	66	121	0	0	0	1	3	0.02	0.01	
0.50	0.50	0.85	16	DLOCK	0	654799.89	20	35	46	76	157	0	0	0	1	4	0.03	0.02	
0.50	0.50	0.85	20	DLOCK	0	698760.77	21	54	75	133	286	0	0	0	1	5	0.05	0.03	
0.50	0.50	0.85	24	DLOCK	0	662076.98	23	84	119	210	469	0	0	0	3	7	0.08	0.04	
0.50	0.50	0.85	28	DLOCK	0	611236.53	26	121	169	313	822	0	0	1	4	7	0.11	0.05	
0.50	0.50	0.85	32	DLOCK	0	547384.77	30	164	223	400	1104	0	0	1	5	8	0.14	0.06	
0.50	0.50	0.85	36	DLOCK	0	508830.57	41	209	285	571	1526	0	0	1	6	9	0.17	0.07	
0.50	0.50	0.85	40	DLOCK	0	360585.96	59	332	455	861	2226	0	0	1	7	9	0.20	0.08	
0.50	0.50	0.85	44	DLOCK	0	456579.60	52	299	404	880	2402	0	0	1	7	9	0.22	0.08	
0.50	0.50	0.85	48	DLOCK	0	420354.30	56	347	476	1149	2824	0	0	2	7	10	0.24	0.09	
0.50	0.50	0.85	52	DLOCK	0	397025.84	61	400	555	1349	3307	0	0	2	8	10	0.26	0.10	
0.50	0.50	0.85	56	DLOCK	0	281411.80	88	634	873	1803	4584	0	1	3	9	11	0.29	0.11	
0.50	0.50	0.85	60	DLOCK	0	352384.46	71	539	746	1815	4535	0	1	4	8	11	0.30	0.11	
0.50	0.50	0.85	64	DLOCK	0	235872.88	117	872	1200	2559	6515	0	1	5	9	13	0.34	0.12	
0.50	0.50	0.85	1	SILO	0	27281.11	34	66	77	101	136	0	0	0	0	0	0.00	0.00	
0.50	0.50	0.85	4	SILO	0	148193.66	25	45	53	72	105	0	0	1	1	1	0.06	0.07	
0.50	0.50	0.85	8	SILO	0	350468.78	20	35	41	56	83	0	1	1	1	2	0.13	0.14	
0.50	0.50	0.85	12	SILO	0	539625.06	20	31	36	49	75	0	1	1	2	2	0.18	0.20	
0.50	0.50	0.85	16	SILO	0	718947.85	20	30	35	47	72	0	1	1	2	3	0.22	0.25	
0.50	0.50	0.85	20	SILO	0	784357.77	23	40	48	79	155	0	1	1	2	3	0.24	0.29	
0.50	0.50	0.85	24	SILO	0	829204.29	26	50	59	107	206	0	1	1	2	4	0.27	0.32	
0.50	0.50	0.85	28	SILO	0	866615.81	28	60	79	157	326	0	1	1	2	4	0.29	0.35	
0.50	0.50	0.85	32	SILO	0	887448.93	31	67	90	169	349	0	1	1	2	4	0.30	0.37	
0.50	0.50	0.85	36	SILO	0	921335.94	32	75	106	220	480	0	1	2	3	4	0.32	0.39	
0.50	0.50	0.85	40	SILO	0	935849.50	35	80	116	246	540	0	1	2	3	5	0.33	0.41	
0.50	0.50	0.85	44	SILO	0	1031955.67	34	85	122	249	531	0	1	2	3	5	0.35	0.43	
0.50	0.50	0.85	48	SILO	0	1053745.25	36	92	138	306	699	0	1	2	3	6	0.36	0.45	
0.50	0.50	0.85	52	SILO	0	986603.41	42	100	152	357	856	0	1	2	4	7	0.37	0.46	
0.50	0.50	0.85	56	SILO	0	1101631.66	38	106	162	355	863	0	1	2	4	7	0.38	0.47	
0.50	0.50	0.85	60	SILO	0	1164831.28	39	107	166	414	1033	0	2	2	4	7	0.39	0.48	
0.50	0.50	0.85	64	SILO	0	1125894.80	40	119	191	476	1315	0	2	2	4	9	0.40	0.49	
0.95	0.05	0.85	1	WOUND_WAIT	0	43435.65	15	49	64	92	140	0	0	0	0	0	0.00	0.00	
0.95	0.05	0.85	4	WOUND_WAIT	0	241428.96	14	23	38	53	95	0	0	0	0	0	0.00	0.00	
0.95	0.05	0.85	8	WOUND_WAIT	0	480181.87	14	22	27	48	80	0	0	0	0	0	0.00	0.00	
0.95	0.05	0.85	12	WOUND_WAIT	0	743418.34	14	21	24	44	77	0	0	0	0	1	0.00	0.00	
0.95	0.05	0.85	16	WOUND_WAIT	0	968469.59	14	22	25	43	78	0	0	0	0	1	0.00	0.00	
0.95	0.05	0.85	20	WOUND_WAIT	0	1132604.79	15	24	33	57	142	0	0	0	0	2	0.01	0.01	
0.95	0.05	0.85	24	WOUND_WAIT	0	1270325.24	16	29	40	75	206	0	0	0	0	2	0.01	0.01	
0.95	0.05	0.85	28	WOUND_WAIT	0	1322074.80	16	38	47	100	272	0	0	0	1	2	0.01	0.01	
0.95	0.05	0.85	32	WOUND_WAIT	0	1341467.43	17	44	58	127	372	0	0	0	1	3	0.02	0.01	
0.95	0.05	0.85	36	WOUND_WAIT	0	1258562.47	18	54	76	157	450	0	0	0	1	3	0.02	0.01	
0.95	0.05	0.85	40	WOUND_WAIT	0	1284772.04	19	66	93	179	576	0	0	0	1	3	0.02	0.01	
0.95	0.05	0.85	44	WOUND_WAIT	0	1211574.48	21	85	120	230	763	0	0	0	1	3	0.02	0.02	
0.95	0.05	0.85	48	WOUND_WAIT	0	1198271.56	21	99	136	242	845	0	0	0	1	3	0.03	0.02	
0.95	0.05	0.85	52	WOUND_WAIT	0	1093271.08	22	127	170	308	1069	0	0	0	1	4	0.03	0.02	
0.95	0.05	0.85	56	WOUND_WAIT	0	1031324.54	22	153	202	356	1184	0	0	0	1	4	0.04	0.02	
0.95	0.05	0.85	60	WOUND_WAIT	0	944644.01	23	178	234	431	1405	0	0	0	1	4	0.04	0.03	
0.95	0.05	0.85	64	WOUND_WAIT	0	848639.46	26	217	285	540	1787	0	0	0	1	5	0.04	0.03	
0.95	0.05	0.85	1	DLOCK	0	45069.87	16	48	57	88	134	0	0	0	0	0	0.00	0.00	
0.95	0.05	0.85	4	DLOCK	0	219270.49	15	29	43	62	115	0	0	0	0	0	0.00	0.00	
0.95	0.05	0.85	8	DLOCK	0	471212.66	15	23	26	50	88	0	0	0	0	1	0.00	0.00	
0.95	0.05	0.85	12	DLOCK	0	736383.05	14	21	25	47	80	0	0	0	0	3	0.01	0.00	
0.95	0.05	0.85	16	DLOCK	0	1013145.59	14	20	23	36	66	0	0	0	0	3	0.01	0.01	
0.95	0.05	0.85	20	DLOCK	0	1218818.55	15	21	26	44	112	0	0	0	1	4	0.02	0.01	
0.95	0.05	0.85	24	DLOCK	0	1369123.50	16	23	34	60	193	0	0	0	1	5	0.03	0.01	
0.95	0.05	0.85	28	DLOCK	0	1602320.82	16	23	37	58	213	0	0	0	2	5	0.05	0.02	
0.95	0.05	0.85	32	DLOCK	0	1678154.09	16	25	42	84	288	0	0	0	3	6	0.06	0.02	
0.95	0.05	0.85	36	DLOCK	0	1765394.40	17	32	46	101	390	0	0	0	4	7	0.08	0.03	
0.95	0.05	0.85	40	DLOCK	0	1857222.90	18	40	50	102	437	0	0	0	4	7	0.10	0.04	
0.95	0.05	0.85	44	DLOCK	0	1894656.55	19	46	54	125	535	0	0	0	4	7	0.11	0.04	
0.95	0.05	0.85	48	DLOCK	0	1956305.18	19	48	58	136	625	0	0	0	5	7	0.13	0.05	
0.95	0.05	0.85	52	DLOCK	0	2092320.78	20	52	62	136	694	0	0	1	5	8	0.15	0.06	
0.95	0.05	0.85	56	DLOCK	0	1852947.86	21	62	77	236	935	0	0	2	6	9	0.20	0.07	
0.95	0.05	0.85	60	DLOCK	0	1761104.83	22	68	88	271	1081	0	0	3	6	9	0.24	0.08	
0.95	0.05	0.85	64	DLOCK	0	1782425.80	22	72	96	304	1264	0	0	4	7	10	0.27	0.09	
0.95	0.05	0.85	1	SILO	0	29296.58	31	59	67	87	115	0	0	0	0	0	0.00	0.00	
0.95	0.05	0.85	4	SILO	0	156846.22	23	42	50	68	94	0	0	0	0	1	0.01	0.01	
0.95	0.05	0.85	8	SILO	0	378423.05	18	32	39	53	81	0	0	0	1	1	0.02	0.02	
0.95	0.05	0.85	12	SILO	0	596522.33	18	28	34	49	71	0	0	0	1	1	0.03	0.03	
0.95	0.05	0.85	16	SILO	0	788601.86	18	27	32	45	70	0	0	0	1	1	0.03	0.04	
0.95	0.05	0.85	20	SILO	0	952842.32	19	33	42	68	136	0	0	0	1	1	0.04	0.04	
0.95	0.05	0.85	24	SILO	0	1020223.99	21	43	51	92	180	0	0	1	1	1	0.05	0.05	
0.95	0.05	0.85	28	SILO	0	1105528.26	22	49	60	121	241	0	0	1	1	1	0.06	0.06	
0.95	0.05	0.85	32	SILO	0	1144564.33	24	55	69	145	314	0	0	1	1	2	0.06	0.07	
0.95	0.05	0.85	36	SILO	0	1211689.96	25	60	80	180	402	0	0	1	1	2	0.07	0.08	
0.95	0.05	0.85	40	SILO	0	1267454.04	26	65	86	194	430	0	0	1	1	2	0.08	0.08	
0.95	0.05	0.85	44	SILO	0	1357494.71	27	67	91	224	548	0	0	1	1	2	0.08	0.09	
0.95	0.05	0.85	48	SILO	0	1407962.03	28	72	101	247	570	0	0	1	1	2	0.09	0.10	
0.95	0.05	0.85	52	SILO	0	1405391.54	29	78	111	297	728	0	1	1	1	2	0.10	0.10	
0.95	0.05	0.85	56	SILO	0	1554193.40	29	75	107	283	693	0	1	1	1	2	0.10	0.11	
0.95	0.05	0.85	60	SILO	0	1605310.83	29	82	120	325	776	0	1	1	1	2	0.11	0.12	
0.95	0.05	0.85	64	SILO	0	1634334.35	31	86	122	348	931	0	1	1	1	2	0.11	0.12	
0.50	0.50	0.90	1	WOUND_WAIT	0	36630.31	20	56	69	97	141	0	0	0	0	0	0.00	0.00	
0.50	0.50	0.90	4	WOUND_WAIT	0	158818.44	21	48	58	87	137	0	0	0	1	1	0.01	0.01	
0.50	0.50	0.90	8	WOUND_WAIT	0	268892.97	23	56	70	106	182	0	0	0	1	3	0.05	0.05	
0.50	0.50	0.90	12	WOUND_WAIT	0	306020.19	29	80	97	137	223	0	0	1	2	3	0.09	0.08	
0.50	0.50	0.90	16	WOUND_WAIT	0	317852.64	39	106	126	174	298	0	1	1	2	4	0.13	0.11	
0.50	0.50	0.90	20	WOUND_WAIT	0	244617.06	70	185	232	403	800	0	1	1	3	5	0.17	0.14	
0.50	0.50	0.90	24	WOUND_WAIT	0	201808.72	110	280	371	666	1282	0	1	2	3	5	0.21	0.16	
0.50	0.50	0.90	28	WOUND_WAIT	0	166133.22	163	390	519	977	1757	0	1	2	4	6	0.24	0.18	
0.50	0.50	0.90	32	WOUND_WAIT	0	138120.30	216	562	802	1349	2412	0	1	2	4	7	0.27	0.20	
0.50	0.50	0.90	36	WOUND_WAIT	0	127594.44	280	658	943	1772	2873	0	2	3	5	7	0.30	0.22	
0.50	0.50	0.90	40	WOUND_WAIT	0	111864.27	352	873	1245	2050	4171	0	2	3	5	8	0.32	0.24	
0.50	0.50	0.90	44	WOUND_WAIT	0	69834.13	665	1430	1870	3104	4510	0	2	3	6	9	0.35	0.25	
0.50	0.50	0.90	48	WOUND_WAIT	0	84460.84	513	1556	2098	3166	5919	0	2	3	6	9	0.37	0.27	
0.50	0.50	0.90	52	WOUND_WAIT	0	58697.63	958	1983	2664	4277	7146	0	2	4	7	10	0.40	0.28	
0.50	0.50	0.90	56	WOUND_WAIT	0	71947.95	749	2033	2848	4263	6736	0	2	4	7	9	0.41	0.30	
0.50	0.50	0.90	60	WOUND_WAIT	0	64970.75	886	2417	3366	5244	8101	0	3	4	7	10	0.44	0.31	
0.50	0.50	0.90	64	WOUND_WAIT	0	56151.05	1102	2947	4000	5952	9878	0	3	4	8	10	0.45	0.32	
0.50	0.50	0.90	1	DLOCK	0	29805.37	25	67	83	115	167	0	0	0	0	0	0.00	0.00	
0.50	0.50	0.90	4	DLOCK	0	165442.12	19	47	60	88	135	0	0	0	0	3	0.01	0.01	
0.50	0.50	0.90	8	DLOCK	0	348275.46	18	39	53	81	146	0	0	0	1	4	0.03	0.02	
0.50	0.50	0.90	12	DLOCK	0	491797.26	19	42	55	89	175	0	0	0	2	5	0.07	0.05	
0.50	0.50	0.90	16	DLOCK	0	559596.18	20	56	73	115	248	0	0	1	3	6	0.10	0.07	
0.50	0.50	0.90	20	DLOCK	0	469057.35	26	106	137	221	507	0	0	1	4	7	0.16	0.09	
0.50	0.50	0.90	24	DLOCK	0	428199.37	35	150	196	348	820	0	1	2	5	8	0.21	0.12	
0.50	0.50	0.90	28	DLOCK	0	351784.13	46	216	286	572	1256	0	1	2	6	9	0.25	0.13	
0.50	0.50	0.90	32	DLOCK	0	380029.19	46	236	305	639	1538	0	1	3	7	9	0.29	0.15	
0.50	0.50	0.90	36	DLOCK	0	245169.18	82	414	542	1053	2366	0	1	4	8	10	0.33	0.16	
0.50	0.50	0.90	40	DLOCK	0	277687.26	78	411	551	1216	2557	0	2	5	8	10	0.36	0.18	
0.50	0.50	0.90	44	DLOCK	0	267439.03	85	460	665	1432	2755	0	2	5	8	11	0.38	0.19	
0.50	0.50	0.90	48	DLOCK	0	259855.51	95	527	736	1746	3851	0	2	6	8	11	0.40	0.20	
0.50	0.50	0.90	52	DLOCK	0	232008.32	115	646	924	2122	4360	0	2	6	9	12	0.43	0.21	
0.50	0.50	0.90	56	DLOCK	0	161146.39	194	1024	1367	2775	5572	0	3	7	10	13	0.46	0.22	
0.50	0.50	0.90	60	DLOCK	0	141029.51	239	1247	1678	3455	6768	0	3	7	10	14	0.48	0.23	
0.50	0.50	0.90	64	DLOCK	0	197219.73	165	925	1431	3104	5661	0	4	7	10	14	0.48	0.23	
0.50	0.50	0.90	1	SILO	0	34280.18	25	52	60	79	105	0	0	0	0	0	0.00	0.00	
0.50	0.50	0.90	4	SILO	0	168968.30	21	40	48	66	92	0	1	1	1	2	0.13	0.15	
0.50	0.50	0.90	8	SILO	0	364851.00	19	34	41	55	80	0	1	1	2	3	0.23	0.28	
0.50	0.50	0.90	12	SILO	0	570690.79	18	30	36	49	73	0	1	1	2	4	0.30	0.38	
0.50	0.50	0.90	16	SILO	0	729931.53	18	29	36	51	86	0	1	2	3	4	0.35	0.44	
0.50	0.50	0.90	20	SILO	0	781460.97	22	40	48	78	154	0	1	2	3	5	0.38	0.50	
0.50	0.50	0.90	24	SILO	0	813519.56	25	51	61	111	228	1	2	2	3	6	0.41	0.54	
0.50	0.50	0.90	28	SILO	0	801676.74	29	62	81	142	298	1	2	2	4	7	0.43	0.57	
0.50	0.50	0.90	32	SILO	0	855583.96	30	68	90	166	447	1	2	2	4	8	0.45	0.59	
0.50	0.50	0.90	36	SILO	0	862764.43	32	77	109	222	813	1	2	3	5	9	0.47	0.60	
0.50	0.50	0.90	40	SILO	0	870672.67	33	86	127	272	1123	1	2	3	5	10	0.48	0.62	
0.50	0.50	0.90	44	SILO	0	881969.33	34	92	136	307	1782	1	2	3	6	12	0.49	0.63	
0.50	0.50	0.90	48	SILO	0	910420.24	34	97	146	352	2336	1	2	3	6	14	0.50	0.63	
0.50	0.50	0.90	52	SILO	0	878054.11	35	111	170	399	2742	1	2	3	6	15	0.51	0.64	
0.50	0.50	0.90	56	SILO	0	885942.68	36	116	182	489	3450	1	2	3	7	17	0.52	0.64	
0.50	0.50	0.90	60	SILO	0	888159.89	37	129	204	541	3629	1	2	3	7	18	0.52	0.65	
0.50	0.50	0.90	64	SILO	0	816033.35	43	161	242	659	3487	1	2	3	7	17	0.53	0.66	
0.95	0.05	0.90	1	WOUND_WAIT	0	51333.09	13	42	50	76	112	0	0	0	0	0	0.00	0.00	
0.95	0.05	0.90	4	WOUND_WAIT	0	255307.74	13	25	40	51	84	0	0	0	0	0	0.00	0.00	
0.95	0.05	0.90	8	WOUND_WAIT	0	544379.64	12	20	25	45	79	0	0	0	0	1	0.00	0.00	
0.95	0.05	0.90	12	WOUND_WAIT	0	798680.94	12	21	25	45	87	0	0	0	0	2	0.01	0.01	
0.95	0.05	0.90	16	WOUND_WAIT	0	955186.18	13	23	30	52	106	0	0	0	1	3	0.02	0.01	
0.95	0.05	0.90	20	WOUND_WAIT	0	1005373.01	15	33	44	84	198	0	0	0	1	3	0.03	0.02	
0.95	0.05	0.90	24	WOUND_WAIT	0	1013853.29	16	44	61	121	335	0	0	0	1	4	0.04	0.03	
0.95	0.05	0.90	28	WOUND_WAIT	0	994784.69	17	59	80	152	444	0	0	0	1	4	0.04	0.03	
0.95	0.05	0.90	32	WOUND_WAIT	0	925672.95	19	79	105	180	469	0	0	0	1	4	0.05	0.03	
0.95	0.05	0.90	36	WOUND_WAIT	0	847587.51	23	105	137	243	655	0	0	0	2	5	0.06	0.04	
0.95	0.05	0.90	40	WOUND_WAIT	0	771552.66	29	132	171	320	906	0	0	0	2	5	0.07	0.05	
0.95	0.05	0.90	44	WOUND_WAIT	0	728133.71	37	156	199	385	1110	0	0	1	2	5	0.08	0.05	
0.95	0.05	0.90	48	WOUND_WAIT	0	657031.43	45	187	240	464	1250	0	0	1	3	6	0.09	0.06	
0.95	0.05	0.90	52	WOUND_WAIT	0	602031.15	52	225	291	582	1657	0	0	1	3	6	0.10	0.07	
0.95	0.05	0.90	56	WOUND_WAIT	0	570843.46	58	261	333	665	1814	0	0	1	3	6	0.11	0.07	
0.95	0.05	0.90	60	WOUND_WAIT	0	545278.12	65	293	378	758	1959	0	0	1	3	7	0.12	0.07	
0.95	0.05	0.90	64	WOUND_WAIT	0	533103.41	74	319	413	884	2215	0	0	1	3	7	0.13	0.08	
0.95	0.05	0.90	1	DLOCK	0	45967.58	15	49	57	88	134	0	0	0	0	0	0.00	0.00	
0.95	0.05	0.90	4	DLOCK	0	236730.59	13	29	43	60	95	0	0	0	0	0	0.00	0.00	
0.95	0.05	0.90	8	DLOCK	0	511453.58	13	21	25	47	80	0	0	0	0	3	0.01	0.01	
0.95	0.05	0.90	12	DLOCK	0	792983.99	13	20	23	45	78	0	0	0	1	4	0.03	0.01	
0.95	0.05	0.90	16	DLOCK	0	1037505.64	13	20	23	44	75	0	0	0	2	5	0.04	0.02	
0.95	0.05	0.90	20	DLOCK	0	1322682.97	14	20	26	46	123	0	0	0	3	5	0.07	0.03	
0.95	0.05	0.90	24	DLOCK	0	1484068.22	14	22	34	70	205	0	0	0	3	6	0.10	0.05	
0.95	0.05	0.90	28	DLOCK	0	1692398.31	14	23	37	73	273	0	0	1	4	7	0.13	0.06	
0.95	0.05	0.90	32	DLOCK	0	1783100.22	15	28	41	95	387	0	0	2	4	7	0.17	0.08	
0.95	0.05	0.90	36	DLOCK	0	1757369.83	16	39	48	128	496	0	0	2	5	8	0.20	0.09	
0.95	0.05	0.90	40	DLOCK	0	1730952.32	17	44	55	156	666	0	0	3	5	8	0.23	0.10	
0.95	0.05	0.90	44	DLOCK	0	1613543.67	17	51	69	214	919	0	1	4	6	9	0.28	0.12	
0.95	0.05	0.90	48	DLOCK	0	1920950.28	18	50	63	190	923	0	1	3	6	9	0.28	0.12	
0.95	0.05	0.90	52	DLOCK	0	1948938.85	18	54	70	216	1003	0	2	4	6	9	0.31	0.14	
0.95	0.05	0.90	56	DLOCK	0	1898557.42	19	59	78	248	1142	0	2	4	7	10	0.34	0.15	
0.95	0.05	0.90	60	DLOCK	0	1946996.61	19	62	84	273	1220	0	3	5	7	10	0.37	0.16	
0.95	0.05	0.90	64	DLOCK	0	2074159.98	19	64	87	296	1351	0	3	5	7	10	0.38	0.17	
0.95	0.05	0.90	1	SILO	0	32908.79	28	57	67	90	120	0	0	0	0	0	0.00	0.00	
0.95	0.05	0.90	4	SILO	0	194074.80	18	36	43	61	87	0	0	0	1	1	0.02	0.02	
0.95	0.05	0.90	8	SILO	0	440138.43	15	29	35	48	74	0	0	0	1	1	0.04	0.04	
0.95	0.05	0.90	12	SILO	0	667905.59	16	25	30	42	63	0	0	1	1	1	0.06	0.06	
0.95	0.05	0.90	16	SILO	0	951063.52	15	24	27	39	60	0	0	1	1	2	0.08	0.08	
0.95	0.05	0.90	20	SILO	0	1050936.35	17	29	39	62	126	0	0	1	1	2	0.09	0.10	
0.95	0.05	0.90	24	SILO	0	1114956.97	19	40	48	84	159	0	1	1	1	2	0.11	0.12	
0.95	0.05	0.90	28	SILO	0	1183322.21	20	47	57	110	215	0	1	1	1	2	0.12	0.13	
0.95	0.05	0.90	32	SILO	0	1220242.23	22	52	63	119	219	0	1	1	1	2	0.13	0.15	
0.95	0.05	0.90	36	SILO	0	1343288.13	22	56	70	157	349	0	1	1	1	2	0.15	0.16	
0.95	0.05	0.90	40	SILO	0	1433896.29	23	59	75	176	421	0	1	1	1	2	0.16	0.18	
0.95	0.05	0.90	44	SILO	0	1489994.54	24	63	83	201	486	0	1	1	1	2	0.17	0.19	
0.95	0.05	0.90	48	SILO	0	1640442.13	24	62	82	206	524	0	1	1	1	2	0.18	0.21	
0.95	0.05	0.90	52	SILO	0	1592143.24	26	71	98	255	614	0	1	1	1	2	0.19	0.22	
0.95	0.05	0.90	56	SILO	0	1761381.19	26	71	96	253	655	0	1	1	2	2	0.20	0.23	
0.95	0.05	0.90	60	SILO	0	1340828.02	30	102	156	335	823	0	1	1	1	2	0.19	0.23	
0.95	0.05	0.90	64	SILO	0	1724126.28	28	83	119	326	812	0	1	1	2	2	0.21	0.25	
0.50	0.50	0.99	1	WOUND_WAIT	0	62470.09	11	39	46	69	97	0	0	0	0	0	0.00	0.00	
0.50	0.50	0.99	4	WOUND_WAIT	0	130970.96	23	59	73	104	159	0	0	1	2	3	0.10	0.10	
0.50	0.50	0.99	8	WOUND_WAIT	0	169516.33	41	88	109	159	231	0	1	2	3	5	0.28	0.27	
0.50	0.50	0.99	12	WOUND_WAIT	0	173113.19	68	129	151	208	324	0	2	3	5	6	0.42	0.39	
0.50	0.50	0.99	16	WOUND_WAIT	0	170820.41	95	167	194	265	447	0	3	4	6	7	0.51	0.47	
0.50	0.50	0.99	20	WOUND_WAIT	0	109050.37	187	355	431	626	1943	1	4	5	7	9	0.58	0.54	
0.50	0.50	0.99	24	WOUND_WAIT	0	81227.71	301	574	699	1021	2366	1	5	6	8	10	0.63	0.58	
0.50	0.50	0.99	28	WOUND_WAIT	0	64289.36	455	837	1027	1514	3010	1	6	7	9	10	0.67	0.62	
0.50	0.50	0.99	32	WOUND_WAIT	0	62280.30	526	993	1203	1697	5263	1	6	7	9	11	0.70	0.64	
0.50	0.50	0.99	36	WOUND_WAIT	0	52505.21	700	1365	1653	2313	6083	2	7	8	10	12	0.72	0.67	
0.50	0.50	0.99	40	WOUND_WAIT	0	45115.76	916	1779	2168	2967	7093	2	8	9	10	13	0.74	0.69	
0.50	0.50	0.99	44	WOUND_WAIT	0	41625.74	1089	2142	2618	3634	8074	2	8	9	11	13	0.76	0.71	
0.50	0.50	0.99	48	WOUND_WAIT	0	39120.90	1250	2442	2901	3918	7677	2	8	9	11	14	0.77	0.72	
0.50	0.50	0.99	52	WOUND_WAIT	0	33102.22	1617	3063	3578	4807	8612	3	9	10	12	15	0.79	0.73	
0.50	0.50	0.99	56	WOUND_WAIT	0	21714.89	2775	4613	5277	6537	9754	3	10	11	13	16	0.80	0.74	
0.50	0.50	0.99	60	WOUND_WAIT	0	23208.07	2668	4730	5342	6619	8823	3	10	11	14	17	0.81	0.75	
0.50	0.50	0.99	64	WOUND_WAIT	0	24880.57	2699	4868	5597	6982	9884	3	10	11	14	17	0.81	0.77	
0.50	0.50	0.99	1	DLOCK	0	57053.29	12	45	54	80	119	0	0	0	0	0	0.00	0.00	
0.50	0.50	0.99	4	DLOCK	0	184577.20	17	45	56	83	130	0	0	0	1	5	0.06	0.04	
0.50	0.50	0.99	8	DLOCK	0	325358.65	18	50	63	100	178	0	1	1	3	5	0.17	0.14	
0.50	0.50	0.99	12	DLOCK	0	350865.82	25	72	88	127	207	0	1	2	4	6	0.26	0.21	
0.50	0.50	0.99	16	DLOCK	0	364333.52	33	96	116	165	276	0	2	3	5	7	0.34	0.27	
0.50	0.50	0.99	20	DLOCK	0	280325.47	57	169	213	352	699	0	3	4	6	8	0.42	0.32	
0.50	0.50	0.99	24	DLOCK	0	241813.07	82	246	322	574	1128	0	3	5	7	9	0.47	0.35	
0.50	0.50	0.99	28	DLOCK	0	207824.22	114	335	435	775	1451	0	4	6	8	9	0.51	0.38	
0.50	0.50	0.99	32	DLOCK	0	156740.17	172	514	679	1169	2146	0	5	6	8	10	0.55	0.40	
0.50	0.50	0.99	36	DLOCK	0	164711.85	183	554	740	1337	2430	0	5	7	9	11	0.57	0.42	
0.50	0.50	0.99	40	DLOCK	0	117665.88	291	849	1083	1947	3419	0	6	8	9	12	0.60	0.43	
0.50	0.50	0.99	44	DLOCK	0	108886.33	346	1019	1304	2257	3940	0	6	8	10	13	0.62	0.45	
0.50	0.50	0.99	48	DLOCK	0	135929.00	288	941	1285	2239	3956	0	6	8	10	13	0.63	0.46	
0.50	0.50	0.99	52	DLOCK	0	94685.65	476	1396	1809	3099	5104	0	7	9	11	14	0.66	0.48	
0.50	0.50	0.99	56	DLOCK	0	97193.94	498	1472	1884	3441	6462	0	8	9	11	15	0.67	0.49	
0.50	0.50	0.99	60	DLOCK	0	94364.30	496	1750	2369	3705	6248	0	8	9	12	16	0.68	0.50	
0.50	0.50	0.99	64	DLOCK	0	100906.63	516	1715	2398	4069	6425	1	8	9	12	16	0.69	0.51	
0.50	0.50	0.99	1	SILO	0	40144.36	19	45	55	74	99	0	0	0	0	0	0.00	0.00	
0.50	0.50	0.99	4	SILO	0	194503.90	17	37	43	59	80	0	1	1	2	3	0.30	0.39	
0.50	0.50	0.99	8	SILO	0	395483.99	17	33	40	55	100	1	2	2	3	5	0.43	0.61	
0.50	0.50	0.99	12	SILO	0	509057.98	17	31	39	64	253	1	2	3	4	6	0.49	0.70	
0.50	0.50	0.99	16	SILO	0	563672.18	17	32	41	80	578	1	2	3	5	8	0.53	0.74	
0.50	0.50	0.99	20	SILO	0	589225.41	20	44	58	141	1655	1	3	4	6	12	0.57	0.78	
0.50	0.50	0.99	24	SILO	0	590234.89	23	56	80	234	2501	1	3	4	7	14	0.59	0.81	
0.50	0.50	0.99	28	SILO	0	558155.57	27	72	106	351	3107	1	3	4	8	16	0.61	0.82	
0.50	0.50	0.99	32	SILO	0	548253.72	29	85	128	499	3623	1	3	5	8	18	0.62	0.83	
0.50	0.50	0.99	36	SILO	0	529572.45	30	93	143	785	4543	1	4	5	9	20	0.63	0.83	
0.50	0.50	0.99	40	SILO	0	525458.49	31	102	163	1008	5266	1	4	5	10	22	0.64	0.83	
0.50	0.50	0.99	44	SILO	0	510312.34	34	117	193	1243	5657	1	4	5	11	24	0.64	0.84	
0.50	0.50	0.99	48	SILO	0	512796.15	34	122	212	1494	6270	1	4	5	11	26	0.65	0.84	
0.50	0.50	0.99	52	SILO	0	504062.16	36	141	244	1653	7058	1	4	6	12	28	0.66	0.84	
0.50	0.50	0.99	56	SILO	0	501361.79	39	154	267	1869	7248	1	4	6	12	29	0.66	0.85	
0.50	0.50	0.99	60	SILO	0	487154.19	39	167	294	2092	8035	1	4	6	13	31	0.67	0.85	
0.50	0.50	0.99	64	SILO	0	477993.34	40	175	329	2347	9163	1	4	6	14	34	0.67	0.85	
0.95	0.05	0.99	1	WOUND_WAIT	0	79924.96	9	35	40	62	94	0	0	0	0	0	0.00	0.00	
0.95	0.05	0.99	4	WOUND_WAIT	0	298567.49	10	21	37	49	81	0	0	0	0	1	0.01	0.01	
0.95	0.05	0.99	8	WOUND_WAIT	0	531259.78	11	24	37	60	119	0	0	0	1	3	0.03	0.03	
0.95	0.05	0.99	12	WOUND_WAIT	0	691194.35	12	31	41	70	133	0	0	1	2	4	0.07	0.05	
0.95	0.05	0.99	16	WOUND_WAIT	0	765410.43	13	37	47	87	243	0	0	1	2	5	0.10	0.07	
0.95	0.05	0.99	20	WOUND_WAIT	0	602082.77	24	70	89	148	311	0	0	1	3	5	0.13	0.09	
0.95	0.05	0.99	24	WOUND_WAIT	0	521450.40	36	102	130	217	458	0	1	1	4	6	0.17	0.12	
0.95	0.05	0.99	28	WOUND_WAIT	0	458084.08	50	140	181	321	703	0	1	2	4	7	0.22	0.15	
0.95	0.05	0.99	32	WOUND_WAIT	0	391944.80	67	188	247	441	947	0	1	2	5	8	0.26	0.18	
0.95	0.05	0.99	36	WOUND_WAIT	0	344504.99	91	242	313	564	1336	0	2	3	5	8	0.30	0.20	
0.95	0.05	0.99	40	WOUND_WAIT	0	299168.62	118	309	399	708	1787	0	2	3	6	9	0.34	0.23	
0.95	0.05	0.99	44	WOUND_WAIT	0	263529.81	148	385	503	859	1928	0	2	4	6	9	0.37	0.25	
0.95	0.05	0.99	48	WOUND_WAIT	0	239165.05	179	466	605	1029	2449	0	2	4	7	10	0.40	0.27	
0.95	0.05	0.99	52	WOUND_WAIT	0	219109.23	220	557	725	1264	3241	0	3	4	7	10	0.42	0.28	
0.95	0.05	0.99	56	WOUND_WAIT	0	202724.15	260	645	840	1475	3013	0	3	5	8	11	0.45	0.30	
0.95	0.05	0.99	60	WOUND_WAIT	0	172499.97	334	789	1021	1862	3801	0	3	5	8	11	0.48	0.32	
0.95	0.05	0.99	64	WOUND_WAIT	0	173256.65	352	866	1128	1952	4038	0	4	5	8	12	0.49	0.33	
0.95	0.05	0.99	1	DLOCK	0	66391.17	10	37	46	67	103	0	0	0	0	0	0.00	0.00	
0.95	0.05	0.99	4	DLOCK	0	329854.24	9	18	31	48	83	0	0	0	0	4	0.02	0.01	
0.95	0.05	0.99	8	DLOCK	0	664026.62	10	17	22	44	76	0	0	0	3	5	0.07	0.03	
0.95	0.05	0.99	12	DLOCK	0	974346.06	10	17	21	42	85	0	0	1	3	5	0.12	0.07	
0.95	0.05	0.99	16	DLOCK	0	1284128.10	10	17	22	44	105	0	0	2	4	6	0.17	0.10	
0.95	0.05	0.99	20	DLOCK	0	1423646.14	11	21	31	72	282	0	1	2	5	7	0.23	0.14	
0.95	0.05	0.99	24	DLOCK	0	1487357.51	12	28	39	105	462	0	2	3	5	8	0.29	0.17	
0.95	0.05	0.99	28	DLOCK	0	1549316.93	12	33	46	140	745	0	2	3	6	8	0.33	0.19	
0.95	0.05	0.99	32	DLOCK	0	1576363.57	12	37	52	174	1033	0	2	4	6	9	0.37	0.21	
0.95	0.05	0.99	36	DLOCK	0	1410420.56	13	45	72	243	1353	0	3	5	7	10	0.42	0.24	
0.95	0.05	0.99	40	DLOCK	0	1423892.84	14	52	84	295	1496	0	4	5	7	11	0.46	0.26	
0.95	0.05	0.99	44	DLOCK	0	1466068.15	15	57	95	357	1629	0	4	5	8	12	0.48	0.28	
0.95	0.05	0.99	48	DLOCK	0	993353.11	16	102	182	794	2325	0	5	6	9	14	0.55	0.30	
0.95	0.05	0.99	52	DLOCK	0	1438848.37	16	69	119	500	2010	0	4	6	8	13	0.52	0.31	
0.95	0.05	0.99	56	DLOCK	0	1396240.86	17	77	134	599	2209	0	4	6	9	13	0.53	0.32	
0.95	0.05	0.99	60	DLOCK	0	966783.57	18	129	241	1087	2879	0	5	7	10	15	0.59	0.34	
0.95	0.05	0.99	64	DLOCK	0	
0.95	0.05	0.99	1	SILO	0	44248.54	17	41	50	68	92	0	0	0	0	0	0.00	0.00	
0.95	0.05	0.99	4	SILO	0	265532.47	11	28	36	54	82	0	0	1	1	1	0.06	0.06	
0.95	0.05	0.99	8	SILO	0	585996.10	11	22	28	41	60	0	1	1	1	2	0.11	0.13	
0.95	0.05	0.99	12	SILO	0	863655.05	12	21	26	38	56	0	1	1	1	2	0.16	0.19	
0.95	0.05	0.99	16	SILO	0	1198209.35	12	20	23	35	53	0	1	1	2	2	0.20	0.24	
0.95	0.05	0.99	20	SILO	0	1307915.51	13	23	33	50	98	0	1	1	2	3	0.23	0.29	
0.95	0.05	0.99	24	SILO	0	1427879.74	15	29	42	72	139	0	1	1	2	3	0.26	0.33	
0.95	0.05	0.99	28	SILO	0	1490261.03	16	40	49	89	178	0	1	1	2	3	0.28	0.36	
0.95	0.05	0.99	32	SILO	0	1541527.65	17	44	54	106	211	0	1	1	2	3	0.30	0.39	
0.95	0.05	0.99	36	SILO	0	1630218.49	18	49	60	125	263	0	1	1	2	3	0.32	0.42	
0.95	0.05	0.99	40	SILO	0	1639919.35	19	55	68	153	333	0	1	2	2	4	0.34	0.45	
0.95	0.05	0.99	44	SILO	0	1680382.82	21	59	74	168	365	0	1	2	2	4	0.35	0.47	
0.95	0.05	0.99	48	SILO	0	1857452.81	21	60	75	177	424	0	1	2	3	4	0.37	0.50	
0.95	0.05	0.99	52	SILO	0	1884643.13	21	65	85	200	441	1	1	2	3	4	0.38	0.52	
0.95	0.05	0.99	56	SILO	0	1870194.23	23	70	91	227	510	1	1	2	3	4	0.39	0.54	
0.95	0.05	0.99	60	SILO	0	2032100.43	23	71	93	229	531	1	1	2	3	5	0.40	0.56	
0.95	0.05	0.99	64	SILO	0	2110081.39	23	72	97	243	575	1	2	2	3	5	0.41	0.58	
