bimodal, log1
Rd	Wt	Zip	T	CC	TP	P50	P90	P99	P999	Abt
0.50	0.50	0.99	1	WOUND_WAIT	0	177095.14	COMMIT	704214	3959429	0	2650916	1103474	ABORT	0	0	0	0	0	0	4	18	20	25	0	0	0	0	0.00	
0.50	0.50	0.99	4	WOUND_WAIT	0	352721.73	COMMIT	491464	3552077	337363	2552014	849231	ABORT	13905	409384	48134	246543	135261	22939	5	40	100	793	0	1	3	6	0.03	
0.50	0.50	0.99	8	WOUND_WAIT	0	492204.12	COMMIT	323130	2967289	752362	2256501	596341	ABORT	23345	1011265	139032	687169	278841	37822	6	66	260	5148	0	2	5	17	0.07	
0.50	0.50	0.99	12	WOUND_WAIT	0	595659.59	COMMIT	250179	3344427	1504969	2753701	499823	ABORT	19987	636593	166285	310730	286398	32570	7	91	204	8205	0	2	5	25	0.08	
0.50	0.50	0.99	16	WOUND_WAIT	0	626643.01	COMMIT	199768	3320976	1847664	2839742	407745	ABORT	19314	774140	220681	402609	334146	30633	7	113	192	5574	0	2	5	18	0.10	
0.50	0.50	0.99	20	WOUND_WAIT	0	598587.97	COMMIT	144512	3471188	2326349	3088090	312668	ABORT	15353	512518	294122	81595	394790	29067	8	143	205	2289	0	2	4	11	0.10	
0.50	0.50	0.99	24	WOUND_WAIT	0	566284.00	COMMIT	95450	3478759	2661670	3204448	224332	ABORT	11618	511621	366146	30267	450352	25534	10	172	223	297	0	2	4	6	0.11	
0.50	0.50	0.99	28	WOUND_WAIT	0	551883.27	COMMIT	79050	3431513	2741302	3195273	189967	ABORT	11020	556387	411958	33070	493121	24469	12	201	260	356	0	3	5	6	0.12	
0.50	0.50	0.99	32	WOUND_WAIT	0	534474.96	COMMIT	67089	3385190	2787128	3179369	168952	ABORT	10538	603448	460494	32750	540817	24369	16	229	296	395	0	3	5	7	0.13	
0.50	0.50	0.99	36	WOUND_WAIT	0	535153.18	COMMIT	59320	3353317	2828197	3173393	149266	ABORT	10241	638840	497969	34311	576334	23761	21	252	322	447	0	3	5	7	0.15	
0.50	0.50	0.99	1	DLOCK	0	181354.26	COMMIT	721309	3957793	220177	2443758	1325943	ABORT	0	0	0	0	0	0	4	17	19	23	0	0	0	0	0.00	
0.50	0.50	0.99	4	DLOCK	0	473037.64	COMMIT	542093	3753676	458197	2379629	1190999	ABORT	16381	212966	32772	68087	117851	21030	5	34	77	344	0	1	3	5	0.04	
0.50	0.50	0.99	8	DLOCK	0	629027.51	COMMIT	439373	3287816	657063	2135882	1000870	ABORT	28252	683546	104840	401361	235399	36399	5	49	174	2073	0	2	4	9	0.07	
0.50	0.50	0.99	12	DLOCK	0	680649.69	COMMIT	295369	2656286	844078	1835503	716649	ABORT	28059	1326634	147006	1005959	273532	37240	6	75	343	6703	0	2	6	16	0.10	
0.50	0.50	0.99	16	DLOCK	0	843496.05	COMMIT	268704	3173449	1487190	2366517	709401	ABORT	37043	805101	214480	368351	370247	53327	6	106	274	5852	0	3	5	20	0.14	
0.50	0.50	0.99	20	DLOCK	0	859687.08	COMMIT	223868	3012381	1605221	2309383	615884	ABORT	35645	969292	257256	502809	397907	54569	6	128	356	7912	0	3	6	22	0.16	
0.50	0.50	0.99	24	DLOCK	0	881698.90	COMMIT	193413	3116486	1899198	2484724	554820	ABORT	37609	866900	328129	322673	468220	62257	6	152	264	4976	0	4	6	17	0.18	
0.50	0.50	0.99	28	DLOCK	0	829769.33	COMMIT	137863	3020883	2114111	2512773	444518	ABORT	33404	965493	400392	371017	514705	66652	7	186	389	4939	0	5	7	15	0.21	
0.50	0.50	0.99	32	DLOCK	0	799051.96	COMMIT	104058	3070219	2358759	2633779	382792	ABORT	32193	918588	481530	251358	578477	75943	8	215	338	963	0	6	7	9	0.24	
0.50	0.50	0.99	36	DLOCK	0	786076.05	COMMIT	87991	3032166	2419765	2629870	356447	ABORT	30512	954705	516164	259198	605446	77286	8	243	341	534	0	6	7	8	0.26	
0.50	0.50	0.99	1	HLOCK	0	169456.75	COMMIT	673515	3960262	435618	2321513	1435196	ABORT	0	0	0	0	0	0	4	19	22	26	0	0	0	0	0.00	
0.50	0.50	0.99	4	HLOCK	0	484488.92	COMMIT	537043	3822053	645845	2194637	1450022	ABORT	12109	144681	20875	36915	79363	24257	6	30	49	130	0	1	2	4	0.02	
0.50	0.50	0.99	8	HLOCK	0	674047.31	COMMIT	399164	2995659	695895	1611157	1244531	ABORT	28541	1022814	109185	750483	171166	91559	6	39	124	1597	0	1	4	7	0.06	
0.50	0.50	0.99	12	HLOCK	0	842090.28	COMMIT	365989	2869755	887817	1455205	1292130	ABORT	38643	1105226	231110	711819	214540	165306	6	58	223	3817	0	2	5	10	0.10	
0.50	0.50	0.99	16	HLOCK	0	902977.20	COMMIT	250558	2304282	1119143	1007032	1208844	ABORT	55475	1676188	707324	924700	292328	440824	7	133	410	3156	0	4	6	10	0.19	
0.50	0.50	0.99	20	HLOCK	0	812621.00	COMMIT	157463	1764154	1201327	636135	1064897	ABORT	64740	2220400	1348872	1078820	323513	797244	7	254	856	2489	0	6	7	9	0.28	
0.50	0.50	0.99	24	HLOCK	0	643717.05	COMMIT	105934	1479407	1308843	419987	1010466	ABORT	68818	2507216	2060929	971078	332835	1181421	8	390	684	2007	0	7	8	9	0.38	
0.50	0.50	0.99	28	HLOCK	0	544478.83	COMMIT	74891	1252047	1275492	295150	918373	ABORT	58579	2736636	2425716	1061074	288795	1368204	8	598	1026	1377	0	8	9	10	0.43	
0.50	0.50	0.99	32	HLOCK	0	508475.15	COMMIT	58899	1025571	1063670	231872	765143	ABORT	53462	2963867	2495444	1297472	254637	1395805	8	795	1315	1636	0	8	10	11	0.45	
0.50	0.50	0.99	36	HLOCK	0	470122.15	COMMIT	48155	925793	1021078	191919	711094	ABORT	46015	3063619	2526351	1422666	223965	1402237	8	1074	1618	2002	0	9	10	11	0.47	
0.50	0.50	0.99	1	SILO	0	191058.03	COMMIT	761774	3955447	0	2604597	1196656	ABORT	0	0	0	0	0	0	4	17	19	23	0	0	0	0	0.00	
0.50	0.50	0.99	4	SILO	0	454134.06	COMMIT	529641	3232723	0	2147250	975482	ABORT	33803	734237	0	393635	287552	45355	5	37	101	674	0	1	3	5	0.07	
0.50	0.50	0.99	8	SILO	0	452315.76	COMMIT	240027	1524814	0	1013473	461186	ABORT	27220	2536898	0	2259043	233746	37989	6	48	244	3444	0	2	5	9	0.10	
0.50	0.50	0.99	12	SILO	0	534092.15	COMMIT	209076	1327063	0	875826	405830	ABORT	31461	2673826	0	2358692	264736	43042	6	60	906	8045	0	3	7	16	0.13	
0.50	0.50	0.99	16	SILO	0	609985.77	COMMIT	155815	1004918	0	659105	313259	ABORT	31398	3070767	0	2757028	264241	42636	6	75	1836	10415	0	3	10	22	0.16	
0.50	0.50	0.99	20	SILO	0	679377.66	COMMIT	122434	803941	0	527554	250031	ABORT	31422	3184455	0	2867977	266572	42529	6	91	2811	13008	0	4	12	27	0.19	
0.50	0.50	0.99	24	SILO	0	744507.04	COMMIT	125800	828585	0	540225	261166	ABORT	34183	3158740	0	2814326	289297	46823	6	109	3594	13769	0	4	15	32	0.21	
0.50	0.50	0.99	28	SILO	0	819486.81	COMMIT	125800	834451	0	544344	261445	ABORT	36955	3154794	0	2775980	319035	50338	6	130	4457	15808	0	5	17	38	0.23	
0.50	0.50	0.99	32	SILO	0	887117.10	COMMIT	110763	744055	0	483582	234812	ABORT	37119	3273399	0	2894353	319348	50440	6	155	5172	16800	0	5	19	44	0.25	
0.50	0.50	0.99	36	SILO	0	946654.51	COMMIT	111042	754418	0	492534	237138	ABORT	39494	3242561	0	2831967	346696	53858	6	184	6034	17217	0	6	22	49	0.27	
bimodal, log2
Rd	Wt	Zip	T	CC	TP	P50	P90	P99	P999	Abt
0.50	0.50	0.99	1	WOUND_WAIT	0	191700.00	COMMIT	762057	3955038	0	3429001	304995	ABORT	0	0	0	0	0	0	4	16	19	22	0	0	0	0	0.00	
0.50	0.50	0.99	4	WOUND_WAIT	0	364262.27	COMMIT	499010	3251769	249459	2813321	272010	ABORT	20068	733258	45931	509971	183537	32111	5	37	139	2079	0	1	4	9	0.04	
0.50	0.50	0.99	8	WOUND_WAIT	0	500756.18	COMMIT	199648	1742083	417907	1521284	140509	ABORT	12590	2390936	38990	2251484	115877	18358	6	56	129	5071	0	2	4	16	0.07	
0.50	0.50	0.99	12	WOUND_WAIT	0	625116.75	COMMIT	199718	2235262	871562	1996889	158621	ABORT	19043	1925313	115610	1650892	237391	29639	6	79	164	5297	0	2	5	19	0.10	
0.50	0.50	0.99	16	WOUND_WAIT	0	673667.81	COMMIT	221982	3086670	1546914	2812237	192680	ABORT	26253	896544	251229	417648	426096	43851	7	104	205	4459	0	2	5	15	0.12	
0.50	0.50	0.99	20	WOUND_WAIT	0	675666.02	COMMIT	170300	3152084	1906121	2908320	161070	ABORT	21769	825255	334543	289008	486241	39607	7	130	210	5314	0	2	5	17	0.13	
0.50	0.50	0.99	24	WOUND_WAIT	0	633112.03	COMMIT	109260	3177819	2290574	2985947	125884	ABORT	15685	809397	423907	218746	546997	35325	9	160	243	3086	0	3	5	13	0.14	
0.50	0.50	0.99	28	WOUND_WAIT	0	616167.67	COMMIT	88529	3281887	2548243	3124115	109557	ABORT	15156	704910	492902	44745	616404	35887	11	187	254	368	0	3	5	7	0.15	
0.50	0.50	0.99	32	WOUND_WAIT	0	590990.89	COMMIT	74346	3231873	2598645	3093653	97038	ABORT	14442	756480	544671	49496	665368	34065	13	218	293	437	0	3	5	7	0.16	
0.50	0.50	0.99	36	WOUND_WAIT	0	586201.55	COMMIT	65270	3190916	2634161	3070043	87707	ABORT	13901	800870	594233	50992	710908	32972	18	241	321	482	0	3	6	7	0.17	
0.50	0.50	0.99	1	DLOCK	0	195317.12	COMMIT	776388	3954540	236800	3179384	556035	ABORT	0	0	0	0	0	0	4	16	18	22	0	0	0	0	0.00	
0.50	0.50	0.99	4	DLOCK	0	464528.25	COMMIT	576774	3595512	401463	2817751	588789	ABORT	23891	364918	32427	151608	177549	27739	5	31	83	520	0	1	3	6	0.04	
0.50	0.50	0.99	8	DLOCK	0	568745.18	COMMIT	477342	3038125	471005	2392836	486652	ABORT	32178	933135	85474	624247	260974	36976	5	44	214	3588	0	2	5	11	0.07	
0.50	0.50	0.99	12	DLOCK	0	791403.40	COMMIT	380365	2989000	822564	2407518	455243	ABORT	40078	985001	119747	593513	330533	47092	5	66	215	5155	0	2	5	17	0.11	
0.50	0.50	0.99	16	DLOCK	0	889464.36	COMMIT	292288	2844175	1134250	2344210	398322	ABORT	43653	1130838	194308	639776	419190	55993	6	90	232	7225	0	3	5	22	0.15	
0.50	0.50	0.99	20	DLOCK	0	911831.11	COMMIT	199661	2344250	1178290	1971864	293522	ABORT	37915	1900449	221188	1429274	403252	52564	6	112	291	6182	0	3	6	19	0.17	
0.50	0.50	0.99	24	DLOCK	0	939105.37	COMMIT	206646	2792711	1580283	2391174	323251	ABORT	44583	1234872	344953	594251	552696	70512	6	139	287	4733	0	4	6	15	0.20	
0.50	0.50	0.99	28	DLOCK	0	921403.95	COMMIT	164684	2854718	1855017	2488225	294495	ABORT	42729	1121463	428512	406101	621402	75792	6	166	296	2880	0	5	7	12	0.23	
0.50	0.50	0.99	32	DLOCK	0	879928.46	COMMIT	122361	2838928	2063496	2513712	265759	ABORT	38633	1142482	513702	366975	679267	79674	7	197	360	3066	0	5	7	12	0.25	
0.50	0.50	0.99	36	DLOCK	0	854573.61	COMMIT	95960	2879860	2248724	2585690	244721	ABORT	36651	1105728	577199	278979	729451	82354	7	224	326	506	0	6	7	8	0.28	
0.50	0.50	0.99	1	HLOCK	0	183078.67	COMMIT	728190	3956985	464396	3014122	726243	ABORT	0	0	0	0	0	0	4	17	20	24	0	0	0	0	0.00	
0.50	0.50	0.99	4	HLOCK	0	498175.36	COMMIT	572472	3768054	575316	2728611	855775	ABORT	13910	197322	18814	61862	104210	26520	5	29	59	278	0	1	2	5	0.03	
0.50	0.50	0.99	8	HLOCK	0	661966.28	COMMIT	452631	3077661	570238	2145681	776746	ABORT	27244	897753	53412	635889	189763	62086	5	35	121	2059	0	1	4	8	0.05	
0.50	0.50	0.99	12	HLOCK	0	842210.24	COMMIT	405612	2829791	646288	1895654	794622	ABORT	37143	1143284	106957	790423	238408	100930	6	46	171	3429	0	2	4	10	0.09	
0.50	0.50	0.99	16	HLOCK	0	960752.91	COMMIT	289828	2200203	669672	1376239	716899	ABORT	42704	1778699	259099	1309248	262169	190962	6	75	287	4972	0	3	5	13	0.15	
0.50	0.50	0.99	20	HLOCK	0	1003498.29	COMMIT	197667	1829767	888192	978238	775387	ABORT	66603	2151741	799418	1203164	411139	514828	7	186	807	2893	0	5	7	9	0.24	
0.50	0.50	0.99	24	HLOCK	0	800146.20	COMMIT	129698	1471743	1033264	634911	777219	ABORT	71189	2513436	1491923	1164959	432367	890878	7	313	929	3680	0	6	8	9	0.34	
0.50	0.50	0.99	28	HLOCK	0	632193.20	COMMIT	87513	1225508	1083238	421972	758412	ABORT	70852	2761331	2060661	1120267	425805	1192020	8	475	792	1150	0	7	9	9	0.43	
0.50	0.50	0.99	32	HLOCK	0	568222.80	COMMIT	64068	992439	970931	307695	653383	ABORT	59944	2996264	2314187	1311759	356130	1309195	8	668	1144	1453	0	8	9	10	0.45	
0.50	0.50	0.99	36	HLOCK	0	521812.31	COMMIT	51749	852037	847996	254615	570947	ABORT	52381	3132244	2318431	1491118	318081	1302957	8	895	1422	1776	0	9	10	11	0.47	
0.50	0.50	0.99	1	SILO	0	204730.64	COMMIT	816023	3951414	0	3401970	381636	ABORT	0	0	0	0	0	0	3	16	18	22	0	0	0	0	0.00	
0.50	0.50	0.99	4	SILO	0	400526.70	COMMIT	482867	2616314	0	2165090	349410	ABORT	30934	1331671	0	1009176	291132	20985	4	39	153	1783	0	2	4	6	0.07	
0.50	0.50	0.99	8	SILO	0	424500.66	COMMIT	328548	1819563	0	1475290	268513	ABORT	33451	2180478	0	1846554	301022	24091	5	52	519	7888	0	2	6	12	0.11	
0.50	0.50	0.99	12	SILO	0	493095.75	COMMIT	201407	1113041	0	912776	157056	ABORT	28720	3428684	0	3148865	254652	18609	5	62	1255	10448	0	3	8	18	0.13	
0.50	0.50	0.99	16	SILO	0	572578.01	COMMIT	203856	1117721	0	905844	166020	ABORT	31784	2885934	0	2579363	277165	21132	5	74	1980	12837	0	3	10	23	0.16	
0.50	0.50	0.99	20	SILO	0	639239.55	COMMIT	194199	1063023	0	863635	155631	ABORT	33305	2929941	0	2611356	288251	20946	5	87	2741	14454	0	4	12	28	0.18	
0.50	0.50	0.99	24	SILO	0	702270.88	COMMIT	155815	869190	0	697196	134240	ABORT	32591	3189109	0	2878112	280640	21317	5	103	3425	14609	0	4	14	32	0.20	
0.50	0.50	0.99	28	SILO	0	774450.13	COMMIT	102451	572294	0	462508	87356	ABORT	28653	3417314	0	3148776	244110	17871	5	119	3985	15957	0	5	16	38	0.22	
0.50	0.50	0.99	32	SILO	0	844861.66	COMMIT	109260	620354	0	501481	94420	ABORT	31687	3529258	0	3228469	273341	19716	5	136	4626	17402	0	5	18	43	0.24	
0.50	0.50	0.99	36	SILO	0	918068.02	COMMIT	101053	583103	0	469240	90548	ABORT	33256	3400667	0	3078278	291470	21125	5	159	5179	18835	0	6	20	48	0.25	
