Rd	Wt	Zip	T	CC	TP	P50	P90	P99	P999	Abt
0.00	1.00	0.10	1	WAIT_DIE	0	157996.76	6	6	6	7	11	|	0	0	0	0	0	|	0
0.00	1.00	0.10	4	WAIT_DIE	0	708855.70	5	6	6	6	11	|	0	0	0	0	0	|	9
0.00	1.00	0.10	8	WAIT_DIE	0	1407798.96	5	6	6	6	11	|	0	0	0	0	0	|	124
0.00	1.00	0.10	12	WAIT_DIE	0	2097472.37	5	6	6	6	10	|	0	0	0	0	0	|	266
0.00	1.00	0.10	16	WAIT_DIE	0	2426641.04	6	7	7	7	12	|	0	0	0	0	0	|	494
0.00	1.00	0.10	20	WAIT_DIE	0	2749337.81	7	8	8	9	13	|	0	0	0	0	0	|	738
0.00	1.00	0.10	24	WAIT_DIE	0	3082589.14	7	8	8	9	15	|	0	0	0	0	0	|	1100
0.00	1.00	0.10	28	WAIT_DIE	0	3303667.79	8	9	9	10	14	|	0	0	0	0	0	|	1493
0.00	1.00	0.10	32	WAIT_DIE	0	3527870.58	8	10	10	11	18	|	0	0	0	0	0	|	1901
0.00	1.00	0.10	36	WAIT_DIE	0	3846457.84	9	10	10	11	19	|	0	0	0	0	0	|	2449
0.00	1.00	0.10	40	WAIT_DIE	0	3921486.72	10	11	11	12	22	|	0	0	0	0	0	|	2949
0.00	1.00	0.10	44	WAIT_DIE	0	4135923.56	10	11	12	13	26	|	0	0	0	0	0	|	3654
0.00	1.00	0.10	48	WAIT_DIE	0	4511947.82	10	11	12	13	30	|	0	0	0	0	0	|	4465
0.00	1.00	0.10	52	WAIT_DIE	0	4549707.27	11	12	13	14	36	|	0	0	0	0	1	|	4995
0.00	1.00	0.10	56	WAIT_DIE	0	4961776.41	11	12	12	13	41	|	0	0	0	0	1	|	6069
0.00	1.00	0.10	60	WAIT_DIE	0	5154955.62	11	12	13	14	45	|	0	0	0	0	1	|	6817
0.00	1.00	0.10	64	WAIT_DIE	0	5235613.76	12	13	14	15	49	|	0	0	0	0	1	|	7796
0.00	1.00	0.10	1	NO_WAIT	0	163688.13	6	6	6	7	8	|	0	0	0	0	0	|	0
0.00	1.00	0.10	4	NO_WAIT	0	652409.25	6	6	6	7	10	|	0	0	0	0	0	|	31
0.00	1.00	0.10	8	NO_WAIT	0	1276417.26	6	6	6	7	11	|	0	0	0	0	0	|	166
0.00	1.00	0.10	12	NO_WAIT	0	1907559.63	6	6	7	7	12	|	0	0	0	0	0	|	389
0.00	1.00	0.10	16	NO_WAIT	0	2470305.30	6	7	7	7	13	|	0	0	0	0	0	|	721
0.00	1.00	0.10	20	NO_WAIT	0	2807373.25	7	8	8	8	14	|	0	0	0	0	0	|	1087
0.00	1.00	0.10	24	NO_WAIT	0	3027064.55	7	8	9	9	13	|	0	0	0	0	0	|	1454
0.00	1.00	0.10	28	NO_WAIT	0	3375707.70	8	9	9	10	17	|	0	0	0	0	0	|	2077
0.00	1.00	0.10	32	NO_WAIT	0	3596701.59	8	9	10	10	19	|	0	0	0	0	0	|	2852
0.00	1.00	0.10	36	NO_WAIT	0	4015893.50	8	10	10	10	26	|	0	0	0	0	1	|	3558
0.00	1.00	0.10	40	NO_WAIT	0	4098745.07	9	10	11	11	32	|	0	0	0	0	1	|	4400
0.00	1.00	0.10	44	NO_WAIT	0	4178674.86	10	11	12	13	42	|	0	0	0	0	1	|	5340
0.00	1.00	0.10	48	NO_WAIT	0	4609271.41	10	11	11	12	50	|	0	0	0	0	1	|	6518
0.00	1.00	0.10	52	NO_WAIT	0	4706408.80	10	12	12	13	54	|	0	0	0	0	1	|	7491
0.00	1.00	0.10	56	NO_WAIT	0	5033741.57	11	12	12	13	58	|	0	0	0	0	1	|	8844
0.00	1.00	0.10	60	NO_WAIT	0	5306053.00	11	12	12	13	64	|	0	0	0	0	1	|	10154
0.00	1.00	0.10	64	NO_WAIT	0	5042969.03	12	14	14	16	69	|	0	0	0	0	1	|	11663
0.50	0.50	0.10	1	WAIT_DIE	0	174462.56	5	6	6	6	10	|	0	0	0	0	0	|	0
0.50	0.50	0.10	4	WAIT_DIE	0	686852.62	5	6	6	6	10	|	0	0	0	0	0	|	18
0.50	0.50	0.10	8	WAIT_DIE	0	1518642.77	5	5	5	6	11	|	0	0	0	0	0	|	85
0.50	0.50	0.10	12	WAIT_DIE	0	1967024.00	6	6	6	7	12	|	0	0	0	0	0	|	203
0.50	0.50	0.10	16	WAIT_DIE	0	2622935.60	6	6	6	7	14	|	0	0	0	0	0	|	333
0.50	0.50	0.10	20	WAIT_DIE	0	3061846.75	6	7	7	8	13	|	0	0	0	0	0	|	569
0.50	0.50	0.10	24	WAIT_DIE	0	3347996.06	7	8	8	8	12	|	0	0	0	0	0	|	759
0.50	0.50	0.10	28	WAIT_DIE	0	3577115.47	7	8	9	9	14	|	0	0	0	0	0	|	1091
0.50	0.50	0.10	32	WAIT_DIE	0	3975484.50	8	9	9	9	14	|	0	0	0	0	0	|	1357
0.50	0.50	0.10	36	WAIT_DIE	0	4243633.59	8	9	9	10	17	|	0	0	0	0	0	|	1783
0.50	0.50	0.10	40	WAIT_DIE	0	4350871.76	9	10	10	11	19	|	0	0	0	0	0	|	2093
0.50	0.50	0.10	44	WAIT_DIE	0	4603984.88	9	10	11	11	20	|	0	0	0	0	0	|	2588
0.50	0.50	0.10	48	WAIT_DIE	0	5208357.31	9	10	10	11	22	|	0	0	0	0	0	|	3164
0.50	0.50	0.10	52	WAIT_DIE	0	5574140.76	9	10	10	11	25	|	0	0	0	0	0	|	3770
0.50	0.50	0.10	56	WAIT_DIE	0	5714205.32	9	10	11	12	30	|	0	0	0	0	0	|	4495
0.50	0.50	0.10	60	WAIT_DIE	0	5536895.05	10	12	12	13	32	|	0	0	0	0	0	|	4839
0.50	0.50	0.10	64	WAIT_DIE	0	6146299.67	10	11	11	12	34	|	0	0	0	0	0	|	5739
0.50	0.50	0.10	1	NO_WAIT	0	179326.91	5	6	6	6	9	|	0	0	0	0	0	|	0
0.50	0.50	0.10	4	NO_WAIT	0	704635.97	5	6	6	6	10	|	0	0	0	0	0	|	32
0.50	0.50	0.10	8	NO_WAIT	0	1542995.02	5	5	5	6	10	|	0	0	0	0	0	|	142
0.50	0.50	0.10	12	NO_WAIT	0	2016318.06	5	6	6	7	12	|	0	0	0	0	0	|	309
0.50	0.50	0.10	16	NO_WAIT	0	2977497.01	5	5	6	6	12	|	0	0	0	0	0	|	516
0.50	0.50	0.10	20	NO_WAIT	0	3166115.27	6	7	7	7	14	|	0	0	0	0	0	|	766
0.50	0.50	0.10	24	NO_WAIT	0	3351173.24	7	8	8	8	12	|	0	0	0	0	0	|	1207
0.50	0.50	0.10	28	NO_WAIT	0	3777357.49	7	8	8	9	15	|	0	0	0	0	0	|	1693
0.50	0.50	0.10	32	NO_WAIT	0	4021478.82	7	8	9	9	15	|	0	0	0	0	0	|	2169
0.50	0.50	0.10	36	NO_WAIT	0	4438232.94	8	9	9	10	17	|	0	0	0	0	0	|	2658
0.50	0.50	0.10	40	NO_WAIT	0	4453822.16	8	10	10	11	19	|	0	0	0	0	0	|	3338
0.50	0.50	0.10	44	NO_WAIT	0	4902719.48	8	10	10	11	24	|	0	0	0	0	0	|	3943
0.50	0.50	0.10	48	NO_WAIT	0	5215418.59	9	10	10	11	27	|	0	0	0	0	1	|	4718
0.50	0.50	0.10	52	NO_WAIT	0	5351803.46	9	10	11	12	32	|	0	0	0	0	1	|	5428
0.50	0.50	0.10	56	NO_WAIT	0	5791580.28	9	10	11	12	39	|	0	0	0	0	1	|	6469
0.50	0.50	0.10	60	NO_WAIT	0	5625002.22	10	11	12	13	45	|	0	0	0	0	1	|	7308
0.50	0.50	0.10	64	NO_WAIT	0	5787524.25	10	12	12	13	49	|	0	0	0	0	1	|	8366
1.00	0.00	0.10	1	WAIT_DIE	0	198316.51	5	5	5	6	8	|	0	0	0	0	0	|	0
1.00	0.00	0.10	4	WAIT_DIE	0	756260.55	5	5	5	6	10	|	0	0	0	0	0	|	0
1.00	0.00	0.10	8	WAIT_DIE	0	1466023.02	5	6	6	6	11	|	0	0	0	0	0	|	0
1.00	0.00	0.10	12	WAIT_DIE	0	2474411.67	4	5	5	5	10	|	0	0	0	0	0	|	0
1.00	0.00	0.10	16	WAIT_DIE	0	2899952.16	5	6	6	6	12	|	0	0	0	0	0	|	0
1.00	0.00	0.10	20	WAIT_DIE	0	3413443.43	5	6	6	7	12	|	0	0	0	0	0	|	0
1.00	0.00	0.10	24	WAIT_DIE	0	3783712.29	6	7	7	7	11	|	0	0	0	0	0	|	0
1.00	0.00	0.10	28	WAIT_DIE	0	4176130.21	6	7	7	8	12	|	0	0	0	0	0	|	0
1.00	0.00	0.10	32	WAIT_DIE	0	4555892.32	6	7	8	8	12	|	0	0	0	0	0	|	0
1.00	0.00	0.10	36	WAIT_DIE	0	5029148.99	7	8	8	8	13	|	0	0	0	0	0	|	0
1.00	0.00	0.10	40	WAIT_DIE	0	5478167.86	7	8	8	9	14	|	0	0	0	0	0	|	0
1.00	0.00	0.10	44	WAIT_DIE	0	5458077.58	8	9	9	10	14	|	0	0	0	0	0	|	0
1.00	0.00	0.10	48	WAIT_DIE	0	5777461.22	8	9	9	10	14	|	0	0	0	0	0	|	0
1.00	0.00	0.10	52	WAIT_DIE	0	6232133.91	8	9	9	10	15	|	0	0	0	0	0	|	0
1.00	0.00	0.10	56	WAIT_DIE	0	6852185.21	8	9	9	10	13	|	0	0	0	0	0	|	0
1.00	0.00	0.10	60	WAIT_DIE	0	7078720.97	8	9	9	10	14	|	0	0	0	0	0	|	0
1.00	0.00	0.10	64	WAIT_DIE	0	7394029.00	8	9	10	10	14	|	0	0	0	0	0	|	0
1.00	0.00	0.10	1	NO_WAIT	0	202244.31	4	5	5	5	8	|	0	0	0	0	0	|	0
1.00	0.00	0.10	4	NO_WAIT	0	768184.07	5	5	5	6	10	|	0	0	0	0	0	|	0
1.00	0.00	0.10	8	NO_WAIT	0	1702614.25	4	5	5	5	9	|	0	0	0	0	0	|	0
1.00	0.00	0.10	12	NO_WAIT	0	2207690.55	5	6	6	6	11	|	0	0	0	0	0	|	0
1.00	0.00	0.10	16	NO_WAIT	0	2934772.75	5	6	6	6	12	|	0	0	0	0	0	|	0
1.00	0.00	0.10	20	NO_WAIT	0	3434185.02	5	6	6	7	10	|	0	0	0	0	0	|	0
1.00	0.00	0.10	24	NO_WAIT	0	3842912.98	6	7	7	7	10	|	0	0	0	0	0	|	0
1.00	0.00	0.10	28	NO_WAIT	0	4344455.31	6	7	7	7	12	|	0	0	0	0	0	|	0
1.00	0.00	0.10	32	NO_WAIT	0	4771502.86	6	7	7	8	12	|	0	0	0	0	0	|	0
1.00	0.00	0.10	36	NO_WAIT	0	5207766.35	6	7	7	8	13	|	0	0	0	0	0	|	0
1.00	0.00	0.10	40	NO_WAIT	0	5420910.12	7	8	8	9	12	|	0	0	0	0	0	|	0
1.00	0.00	0.10	44	NO_WAIT	0	5908075.55	7	8	8	9	13	|	0	0	0	0	0	|	0
1.00	0.00	0.10	48	NO_WAIT	0	6103051.76	7	8	9	9	13	|	0	0	0	0	0	|	0
1.00	0.00	0.10	52	NO_WAIT	0	6387221.50	8	9	9	10	14	|	0	0	0	0	0	|	0
1.00	0.00	0.10	56	NO_WAIT	0	6972647.39	8	9	9	9	13	|	0	0	0	0	0	|	0
1.00	0.00	0.10	60	NO_WAIT	0	7326117.91	8	9	9	10	13	|	0	0	0	0	0	|	0
1.00	0.00	0.10	64	NO_WAIT	0	7564158.56	8	9	9	10	14	|	0	0	0	0	0	|	0
0.00	1.00	0.70	1	WAIT_DIE	0	193680.64	5	6	6	6	9	|	0	0	0	0	0	|	0
0.00	1.00	0.70	4	WAIT_DIE	0	778870.01	5	6	6	7	83	|	0	0	0	0	1	|	1568
0.00	1.00	0.70	8	WAIT_DIE	0	1706656.24	4	5	5	11	97	|	0	0	0	0	1	|	7519
0.00	1.00	0.70	12	WAIT_DIE	0	2330376.22	5	6	6	45	102	|	0	0	0	1	1	|	18628
0.00	1.00	0.70	16	WAIT_DIE	0	3012847.80	5	6	6	63	104	|	0	0	0	1	1	|	33215
0.00	1.00	0.70	20	WAIT_DIE	0	3376851.56	5	7	7	76	108	|	0	0	0	1	1	|	54664
0.00	1.00	0.70	24	WAIT_DIE	0	3658407.82	6	7	8	85	111	|	0	0	0	1	2	|	84674
0.00	1.00	0.70	28	WAIT_DIE	0	3901080.11	7	8	10	92	122	|	0	0	0	1	2	|	124861
0.00	1.00	0.70	32	WAIT_DIE	0	4250202.42	7	9	15	98	143	|	0	0	0	1	2	|	168853
0.00	1.00	0.70	36	WAIT_DIE	0	4579898.86	7	9	29	104	166	|	0	0	1	1	2	|	227435
0.00	1.00	0.70	40	WAIT_DIE	0	4630518.91	8	10	44	111	189	|	0	0	1	2	3	|	296940
0.00	1.00	0.70	44	WAIT_DIE	0	4726290.87	8	11	58	127	223	|	0	0	1	2	3	|	397214
0.00	1.00	0.70	48	WAIT_DIE	0	4334788.32	9	12	75	187	2280	|	0	0	1	3	11	|	673329
0.00	1.00	0.70	52	WAIT_DIE	0	586136.25	7	22	1332	8442	13018	|	0	0	5	30	55	|	4549260
0.00	1.00	0.70	56	WAIT_DIE	0	527239.61	7	55	1852	10228	15541	|	0	1	6	36	60	|	6306492
0.00	1.00	0.70	60	WAIT_DIE	0	475136.56	7	93	2334	12159	18104	|	0	1	7	39	62	|	7951920
0.00	1.00	0.70	64	WAIT_DIE	0	422669.13	7	130	3018	14834	21784	|	0	1	8	44	73	|	9251517
0.00	1.00	0.70	1	NO_WAIT	0	218856.85	4	5	5	5	8	|	0	0	0	0	0	|	0
0.00	1.00	0.70	4	NO_WAIT	0	800935.31	4	5	6	6	93	|	0	0	0	0	1	|	2509
0.00	1.00	0.70	8	NO_WAIT	0	1756457.33	4	5	5	39	104	|	0	0	0	1	2	|	11800
0.00	1.00	0.70	12	NO_WAIT	0	2377859.00	5	6	6	69	130	|	0	0	0	1	2	|	29449
0.00	1.00	0.70	16	NO_WAIT	0	3107653.74	5	6	6	83	163	|	0	0	0	1	3	|	55050
0.00	1.00	0.70	20	NO_WAIT	0	3510317.69	5	6	7	95	196	|	0	0	0	1	3	|	93588
0.00	1.00	0.70	24	NO_WAIT	0	3737504.34	6	7	9	104	236	|	0	0	0	2	4	|	145149
0.00	1.00	0.70	28	NO_WAIT	0	4104786.09	6	8	25	116	292	|	0	0	1	2	5	|	216613
0.00	1.00	0.70	32	NO_WAIT	0	4488443.12	7	8	42	146	358	|	0	0	1	2	6	|	318345
0.00	1.00	0.70	36	NO_WAIT	0	4745298.87	7	9	57	179	459	|	0	0	1	3	8	|	455306
0.00	1.00	0.70	40	NO_WAIT	0	456408.86	6	13	529	9858	27344	|	0	0	2	50	148	|	3742776
0.00	1.00	0.70	44	NO_WAIT	0	364721.86	6	15	826	13601	34964	|	0	0	3	57	167	|	6278865
0.00	1.00	0.70	48	NO_WAIT	0	328563.00	6	34	1110	16583	42525	|	0	1	3	63	188	|	7313568
0.00	1.00	0.70	52	NO_WAIT	0	273213.09	7	71	1328	20468	64628	|	0	1	4	69	208	|	3119850
0.00	1.00	0.70	56	NO_WAIT	0	226423.01	7	148	2012	27189	72119	|	0	1	4	77	235	|	10084572
0.00	1.00	0.70	60	NO_WAIT	0	208047.93	7	226	2511	31828	85088	|	0	1	4	83	254	|	10902957
0.00	1.00	0.70	64	NO_WAIT	0	190597.61	7	323	3122	37077	99999	|	0	1	5	90	282	|	12937729
0.50	0.50	0.70	1	WAIT_DIE	0	218039.57	4	5	5	6	8	|	0	0	0	0	0	|	0
0.50	0.50	0.70	4	WAIT_DIE	0	841183.74	4	5	5	6	71	|	0	0	0	0	1	|	1093
0.50	0.50	0.70	8	WAIT_DIE	0	1846580.33	4	5	5	6	93	|	0	0	0	0	1	|	5636
0.50	0.50	0.70	12	WAIT_DIE	0	2447253.87	4	5	6	19	99	|	0	0	0	1	1	|	12969
0.50	0.50	0.70	16	WAIT_DIE	0	3523211.50	4	5	5	42	101	|	0	0	0	1	1	|	23444
0.50	0.50	0.70	20	WAIT_DIE	0	3708112.56	5	6	7	61	104	|	0	0	0	1	1	|	39213
0.50	0.50	0.70	24	WAIT_DIE	0	4083289.88	5	7	7	71	107	|	0	0	0	1	1	|	57817
0.50	0.50	0.70	28	WAIT_DIE	0	4293534.05	6	7	8	80	110	|	0	0	0	1	2	|	84354
0.50	0.50	0.70	32	WAIT_DIE	0	4743462.69	6	8	9	86	113	|	0	0	0	1	2	|	114822
0.50	0.50	0.70	36	WAIT_DIE	0	5243290.05	6	8	9	91	122	|	0	0	0	1	2	|	148111
0.50	0.50	0.70	40	WAIT_DIE	0	5410388.42	7	8	12	96	142	|	0	0	0	1	2	|	196170
0.50	0.50	0.70	44	WAIT_DIE	0	5485080.06	7	9	17	101	158	|	0	0	1	1	2	|	237848
0.50	0.50	0.70	48	WAIT_DIE	0	5747397.17	8	10	28	106	175	|	0	0	1	1	3	|	295505
0.50	0.50	0.70	52	WAIT_DIE	0	5934113.73	8	10	40	112	205	|	0	0	1	2	3	|	368053
0.50	0.50	0.70	56	WAIT_DIE	0	4411650.72	8	10	73	372	2362	|	0	0	1	3	12	|	811380
0.50	0.50	0.70	60	WAIT_DIE	0	2275818.02	7	14	208	1837	5777	|	0	0	2	9	27	|	2024477
0.50	0.50	0.70	64	WAIT_DIE	0	1678581.92	7	20	416	3004	8850	|	0	0	3	14	37	|	3111836
0.50	0.50	0.70	1	NO_WAIT	0	223048.13	4	5	5	6	7	|	0	0	0	0	0	|	0
0.50	0.50	0.70	4	NO_WAIT	0	871789.87	4	5	5	6	88	|	0	0	0	0	1	|	1839
0.50	0.50	0.70	8	NO_WAIT	0	1702390.63	4	5	5	14	101	|	0	0	0	1	1	|	8435
0.50	0.50	0.70	12	NO_WAIT	0	2541546.09	4	5	5	51	106	|	0	0	0	1	2	|	21916
0.50	0.50	0.70	16	NO_WAIT	0	3328791.75	4	5	6	68	135	|	0	0	0	1	2	|	39450
0.50	0.50	0.70	20	NO_WAIT	0	3765579.46	5	6	6	81	164	|	0	0	0	1	2	|	62757
0.50	0.50	0.70	24	NO_WAIT	0	4064431.31	5	7	7	91	187	|	0	0	0	1	3	|	97596
0.50	0.50	0.70	28	NO_WAIT	0	4509943.00	6	7	8	98	219	|	0	0	0	1	4	|	141339
0.50	0.50	0.70	32	NO_WAIT	0	5001786.75	6	7	9	104	255	|	0	0	0	2	4	|	200143
0.50	0.50	0.70	36	NO_WAIT	0	5275139.04	6	8	19	112	303	|	0	0	1	2	5	|	273298
0.50	0.50	0.70	40	NO_WAIT	0	5490044.45	7	8	33	136	369	|	0	0	1	2	6	|	360932
0.50	0.50	0.70	44	NO_WAIT	0	579835.43	6	11	289	6749	30398	|	0	0	1	28	149	|	3931282
0.50	0.50	0.70	48	NO_WAIT	0	497377.97	6	12	444	9095	37958	|	0	0	2	35	171	|	4886052
0.50	0.50	0.70	52	NO_WAIT	0	374544.78	6	14	632	12120	56230	|	0	0	2	38	190	|	2901362
0.50	0.50	0.70	56	NO_WAIT	0	361684.08	6	14	722	13932	63657	|	0	0	2	42	206	|	4053956
0.50	0.50	0.70	60	NO_WAIT	0	328017.91	6	16	955	17474	72979	|	0	0	2	46	226	|	6489108
0.50	0.50	0.70	64	NO_WAIT	0	284439.69	6	19	1211	21200	89160	|	0	0	3	49	239	|	7243899
1.00	0.00	0.70	1	WAIT_DIE	0	271494.76	3	4	4	5	6	|	0	0	0	0	0	|	0
1.00	0.00	0.70	4	WAIT_DIE	0	957119.41	4	4	5	5	8	|	0	0	0	0	0	|	0
1.00	0.00	0.70	8	WAIT_DIE	0	1851229.22	4	5	5	5	7	|	0	0	0	0	0	|	0
1.00	0.00	0.70	12	WAIT_DIE	0	3026739.68	3	4	4	5	8	|	0	0	0	0	0	|	0
1.00	0.00	0.70	16	WAIT_DIE	0	3578235.12	4	5	5	6	11	|	0	0	0	0	0	|	0
1.00	0.00	0.70	20	WAIT_DIE	0	4150615.35	4	5	6	6	11	|	0	0	0	0	0	|	0
1.00	0.00	0.70	24	WAIT_DIE	0	4746515.50	4	5	6	6	11	|	0	0	0	0	0	|	0
1.00	0.00	0.70	28	WAIT_DIE	0	5183946.45	5	6	6	7	11	|	0	0	0	0	0	|	0
1.00	0.00	0.70	32	WAIT_DIE	0	5690616.50	5	6	6	7	12	|	0	0	0	0	0	|	0
1.00	0.00	0.70	36	WAIT_DIE	0	6214083.53	5	6	7	7	12	|	0	0	0	0	0	|	0
1.00	0.00	0.70	40	WAIT_DIE	0	6471132.39	6	7	7	8	12	|	0	0	0	0	0	|	0
1.00	0.00	0.70	44	WAIT_DIE	0	6642159.77	6	7	8	9	13	|	0	0	0	0	0	|	0
1.00	0.00	0.70	48	WAIT_DIE	0	7313756.09	6	7	8	8	14	|	0	0	0	0	0	|	0
1.00	0.00	0.70	52	WAIT_DIE	0	7286613.44	7	8	8	9	16	|	0	0	0	0	0	|	0
1.00	0.00	0.70	56	WAIT_DIE	0	7907414.51	6	8	8	9	15	|	0	0	0	0	0	|	0
1.00	0.00	0.70	60	WAIT_DIE	0	7799857.59	7	8	9	11	55	|	0	0	0	0	0	|	0
1.00	0.00	0.70	64	WAIT_DIE	0	8161118.91	7	8	9	16	135	|	0	0	0	0	0	|	0
1.00	0.00	0.70	1	NO_WAIT	0	275476.41	3	4	4	4	6	|	0	0	0	0	0	|	0
1.00	0.00	0.70	4	NO_WAIT	0	1071893.27	3	4	4	4	7	|	0	0	0	0	0	|	0
1.00	0.00	0.70	8	NO_WAIT	0	2150209.16	3	4	4	5	7	|	0	0	0	0	0	|	0
1.00	0.00	0.70	12	NO_WAIT	0	2823003.18	4	5	5	5	9	|	0	0	0	0	0	|	0
1.00	0.00	0.70	16	NO_WAIT	0	3712148.64	4	5	5	5	10	|	0	0	0	0	0	|	0
1.00	0.00	0.70	20	NO_WAIT	0	4158511.86	4	5	6	6	10	|	0	0	0	0	0	|	0
1.00	0.00	0.70	24	NO_WAIT	0	4832358.95	4	5	6	6	9	|	0	0	0	0	0	|	0
1.00	0.00	0.70	28	NO_WAIT	0	5356327.23	5	6	6	7	10	|	0	0	0	0	0	|	0
1.00	0.00	0.70	32	NO_WAIT	0	5761363.85	5	6	6	7	10	|	0	0	0	0	0	|	0
1.00	0.00	0.70	36	NO_WAIT	0	6095274.99	5	7	7	8	12	|	0	0	0	0	0	|	0
1.00	0.00	0.70	40	NO_WAIT	0	6579481.16	6	7	7	8	11	|	0	0	0	0	0	|	0
1.00	0.00	0.70	44	NO_WAIT	0	7115097.46	6	7	7	8	12	|	0	0	0	0	0	|	0
1.00	0.00	0.70	48	NO_WAIT	0	7442872.13	6	7	8	8	12	|	0	0	0	0	0	|	0
1.00	0.00	0.70	52	NO_WAIT	0	7943280.51	6	7	8	8	16	|	0	0	0	0	0	|	0
1.00	0.00	0.70	56	NO_WAIT	0	8266997.41	6	7	8	9	19	|	0	0	0	0	0	|	0
1.00	0.00	0.70	60	NO_WAIT	0	8235800.70	6	8	8	13	93	|	0	0	0	0	0	|	0
1.00	0.00	0.70	64	NO_WAIT	0	7292026.06	6	8	9	58	266	|	0	0	0	0	0	|	0
0.00	1.00	0.75	1	WAIT_DIE	0	206321.31	4	5	6	6	7	|	0	0	0	0	0	|	0
0.00	1.00	0.75	4	WAIT_DIE	0	819512.81	4	5	6	11	97	|	0	0	0	1	1	|	3816
0.00	1.00	0.75	8	WAIT_DIE	0	1623393.02	4	6	6	66	104	|	0	0	0	1	1	|	18206
0.00	1.00	0.75	12	WAIT_DIE	0	2592496.61	4	5	6	83	106	|	0	0	0	1	2	|	44671
0.00	1.00	0.75	16	WAIT_DIE	0	3114977.73	5	6	17	93	118	|	0	0	1	1	2	|	87651
0.00	1.00	0.75	20	WAIT_DIE	0	3457499.98	5	7	45	102	154	|	0	0	1	1	2	|	154269
0.00	1.00	0.75	24	WAIT_DIE	0	3657894.62	6	10	68	115	189	|	0	0	1	2	3	|	255747
0.00	1.00	0.75	28	WAIT_DIE	0	3750429.09	6	29	88	164	247	|	0	1	1	3	4	|	414870
0.00	1.00	0.75	32	WAIT_DIE	0	3841677.24	7	58	114	270	484	|	0	1	2	4	7	|	753490
0.00	1.00	0.75	36	WAIT_DIE	0	1464170.97	6	123	506	2157	5176	|	0	1	4	14	26	|	2327789
0.00	1.00	0.75	40	WAIT_DIE	0	696876.83	6	393	1956	4625	8796	|	0	2	10	25	39	|	4432165
0.00	1.00	0.75	44	WAIT_DIE	0	547648.65	6	670	2987	6319	10264	|	0	3	12	29	43	|	6467225
0.00	1.00	0.75	48	WAIT_DIE	0	423378.69	7	1054	4410	8911	14017	|	0	3	15	35	52	|	8596450
0.00	1.00	0.75	52	WAIT_DIE	0	379851.14	7	1374	5469	11531	20287	|	0	4	16	39	65	|	9996981
0.00	1.00	0.75	56	WAIT_DIE	0	287108.92	7	2238	8016	15371	22203	|	0	5	20	49	80	|	12508904
0.00	1.00	0.75	60	WAIT_DIE	0	255150.31	7	2930	9864	18384	25915	|	0	5	22	54	85	|	16109484
0.00	1.00	0.75	64	WAIT_DIE	0	241302.96	7	3554	11269	21048	29593	|	0	6	24	57	93	|	18015824
0.00	1.00	0.75	1	NO_WAIT	0	214262.77	4	5	5	6	8	|	0	0	0	0	0	|	0
0.00	1.00	0.75	4	NO_WAIT	0	844399.60	4	5	6	40	103	|	0	0	0	1	1	|	5870
0.00	1.00	0.75	8	NO_WAIT	0	1682987.32	4	5	6	85	161	|	0	0	0	1	2	|	29719
0.00	1.00	0.75	12	NO_WAIT	0	2492033.82	4	5	15	101	213	|	0	0	1	2	4	|	79923
0.00	1.00	0.75	16	NO_WAIT	0	3216965.07	4	6	48	134	295	|	0	0	1	2	5	|	161690
0.00	1.00	0.75	20	NO_WAIT	0	3538851.07	5	7	73	184	417	|	0	0	1	3	7	|	297484
0.00	1.00	0.75	24	NO_WAIT	0	3777330.73	6	24	92	269	675	|	0	1	1	5	11	|	531576
0.00	1.00	0.75	28	NO_WAIT	0	553214.73	6	172	1039	5937	13327	|	0	1	6	49	121	|	4052479
0.00	1.00	0.75	32	NO_WAIT	0	440258.03	6	287	1632	8427	18734	|	0	2	8	60	151	|	6647165
0.00	1.00	0.75	36	NO_WAIT	0	380770.55	6	333	2062	11301	32120	|	0	2	9	64	164	|	7745190
0.00	1.00	0.75	40	NO_WAIT	0	228881.21	6	788	3922	18282	44797	|	0	2	12	82	234	|	7126511
0.00	1.00	0.75	44	NO_WAIT	0	191637.74	6	1180	5475	23714	58602	|	0	3	14	93	287	|	13174401
0.00	1.00	0.75	48	NO_WAIT	0	168327.23	6	1582	6999	29528	74896	|	0	3	16	104	334	|	15278418
0.00	1.00	0.75	52	NO_WAIT	0	137651.09	7	2139	9028	39693	99999	|	0	4	18	114	405	|	9382802
0.00	1.00	0.75	56	NO_WAIT	0	113917.59	7	3144	12284	49342	99999	|	0	4	21	129	516	|	20556716
0.00	1.00	0.75	60	NO_WAIT	0	98822.40	7	4154	15521	60317	99999	|	0	5	23	140	602	|	26436754
0.00	1.00	0.75	64	NO_WAIT	0	85607.14	7	5417	19351	73173	99999	|	0	6	26	152	750	|	30495869
0.50	0.50	0.75	1	WAIT_DIE	0	229764.23	4	5	5	5	7	|	0	0	0	0	0	|	0
0.50	0.50	0.75	4	WAIT_DIE	0	882943.89	4	5	5	7	93	|	0	0	0	0	1	|	2840
0.50	0.50	0.75	8	WAIT_DIE	0	1729624.92	4	5	5	50	102	|	0	0	0	1	1	|	13390
0.50	0.50	0.75	12	WAIT_DIE	0	2573383.98	4	5	6	72	104	|	0	0	0	1	1	|	32210
0.50	0.50	0.75	16	WAIT_DIE	0	3349980.13	4	5	6	84	107	|	0	0	0	1	2	|	62567
0.50	0.50	0.75	20	WAIT_DIE	0	3740766.74	5	6	13	93	120	|	0	0	1	1	2	|	105061
0.50	0.50	0.75	24	WAIT_DIE	0	4058266.26	5	7	37	100	151	|	0	0	1	1	2	|	158712
0.50	0.50	0.75	28	WAIT_DIE	0	4464970.34	6	8	54	107	174	|	0	0	1	2	3	|	237614
0.50	0.50	0.75	32	WAIT_DIE	0	4709563.24	6	10	68	122	202	|	0	0	1	2	3	|	351726
0.50	0.50	0.75	36	WAIT_DIE	0	4316558.78	6	32	98	233	502	|	0	1	1	3	5	|	606029
0.50	0.50	0.75	40	WAIT_DIE	0	3054184.60	6	67	180	620	1769	|	0	1	2	5	12	|	1111636
0.50	0.50	0.75	44	WAIT_DIE	0	1882987.43	6	116	424	1556	4756	|	0	1	3	10	21	|	2057154
0.50	0.50	0.75	48	WAIT_DIE	0	1616961.89	6	167	622	2258	8107	|	0	1	4	13	28	|	2935407
0.50	0.50	0.75	52	WAIT_DIE	0	1071619.99	6	288	1169	4344	14013	|	0	2	6	19	41	|	4403179
0.50	0.50	0.75	56	WAIT_DIE	0	1019571.37	6	342	1389	5458	16241	|	0	2	7	21	47	|	5477987
0.50	0.50	0.75	60	WAIT_DIE	0	768710.92	6	533	2119	8067	21553	|	0	2	8	27	62	|	7585509
0.50	0.50	0.75	64	WAIT_DIE	0	803991.79	6	583	2279	8886	23529	|	0	3	9	28	62	|	8427940
0.50	0.50	0.75	1	NO_WAIT	0	246941.58	4	4	5	5	8	|	0	0	0	0	0	|	0
0.50	0.50	0.75	4	NO_WAIT	0	915404.57	4	5	5	17	99	|	0	0	0	1	1	|	4471
0.50	0.50	0.75	8	NO_WAIT	0	1958229.52	4	4	5	72	133	|	0	0	0	1	2	|	21508
0.50	0.50	0.75	12	NO_WAIT	0	2914776.84	4	4	5	90	176	|	0	0	0	1	3	|	54271
0.50	0.50	0.75	16	NO_WAIT	0	3441257.16	4	5	14	102	224	|	0	0	1	2	4	|	105055
0.50	0.50	0.75	20	NO_WAIT	0	3844091.12	5	6	43	128	299	|	0	0	1	2	5	|	188445
0.50	0.50	0.75	24	NO_WAIT	0	4303128.86	5	7	62	167	404	|	0	0	1	3	7	|	300191
0.50	0.50	0.75	28	NO_WAIT	0	881664.45	5	72	354	3641	10870	|	0	1	3	32	104	|	2455344
0.50	0.50	0.75	32	NO_WAIT	0	721665.79	5	110	532	5362	15242	|	0	1	3	41	132	|	4025907
0.50	0.50	0.75	36	NO_WAIT	0	427154.23	6	183	970	9204	29013	|	0	1	4	49	160	|	2275449
0.50	0.50	0.75	40	NO_WAIT	0	308461.29	6	334	1562	13814	39800	|	0	1	4	58	191	|	4932751
0.50	0.50	0.75	44	NO_WAIT	0	313477.74	6	402	1767	15629	45261	|	0	1	5	64	216	|	7442455
0.50	0.50	0.75	48	NO_WAIT	0	271632.48	6	553	2292	19672	56205	|	0	2	5	71	244	|	9959891
0.50	0.50	0.75	52	NO_WAIT	0	216752.88	6	686	3048	25280	85656	|	0	2	6	78	272	|	4300640
0.50	0.50	0.75	56	NO_WAIT	0	192032.17	6	985	3892	31432	96830	|	0	2	7	87	305	|	10349191
0.50	0.50	0.75	60	NO_WAIT	0	173355.30	6	1286	4839	37740	99999	|	0	2	7	93	344	|	13158401
0.50	0.50	0.75	64	NO_WAIT	0	154311.44	6	1610	5950	45160	99999	|	0	2	8	101	374	|	15224910
1.00	0.00	0.75	1	WAIT_DIE	0	264299.88	3	4	4	5	6	|	0	0	0	0	0	|	0
1.00	0.00	0.75	4	WAIT_DIE	0	1104634.48	3	4	4	4	6	|	0	0	0	0	0	|	0
1.00	0.00	0.75	8	WAIT_DIE	0	2179336.34	3	4	4	4	6	|	0	0	0	0	0	|	0
1.00	0.00	0.75	12	WAIT_DIE	0	2875578.11	4	4	5	5	9	|	0	0	0	0	0	|	0
1.00	0.00	0.75	16	WAIT_DIE	0	4141703.44	3	4	4	5	9	|	0	0	0	0	0	|	0
1.00	0.00	0.75	20	WAIT_DIE	0	4385193.69	4	5	5	6	11	|	0	0	0	0	0	|	0
1.00	0.00	0.75	24	WAIT_DIE	0	4925483.99	4	5	6	6	10	|	0	0	0	0	0	|	0
1.00	0.00	0.75	28	WAIT_DIE	0	5270834.52	5	6	6	7	10	|	0	0	0	0	0	|	0
1.00	0.00	0.75	32	WAIT_DIE	0	5943572.94	5	6	6	7	13	|	0	0	0	0	0	|	0
1.00	0.00	0.75	36	WAIT_DIE	0	6238323.73	5	6	7	8	15	|	0	0	0	0	0	|	0
1.00	0.00	0.75	40	WAIT_DIE	0	6451966.75	6	7	7	10	30	|	0	0	0	0	0	|	0
1.00	0.00	0.75	44	WAIT_DIE	0	5125186.36	6	8	15	77	198	|	0	0	0	0	0	|	0
1.00	0.00	0.75	48	WAIT_DIE	0	4763251.93	6	10	23	111	255	|	0	0	0	0	0	|	0
1.00	0.00	0.75	52	WAIT_DIE	0	3550771.54	6	15	46	222	481	|	0	0	0	0	0	|	0
1.00	0.00	0.75	56	WAIT_DIE	0	3395908.35	6	16	52	265	601	|	0	0	0	0	0	|	0
1.00	0.00	0.75	60	WAIT_DIE	0	3029587.34	6	18	72	343	722	|	0	0	0	0	0	|	0
1.00	0.00	0.75	64	WAIT_DIE	0	3072955.58	6	17	75	374	786	|	0	0	0	0	0	|	0
1.00	0.00	0.75	1	NO_WAIT	0	269672.36	3	4	4	5	6	|	0	0	0	0	0	|	0
1.00	0.00	0.75	4	NO_WAIT	0	1022281.80	3	4	4	5	7	|	0	0	0	0	0	|	0
1.00	0.00	0.75	8	NO_WAIT	0	1981805.70	3	4	5	5	8	|	0	0	0	0	0	|	0
1.00	0.00	0.75	12	NO_WAIT	0	3244690.18	3	4	4	5	8	|	0	0	0	0	0	|	0
1.00	0.00	0.75	16	NO_WAIT	0	4221123.37	3	4	4	5	9	|	0	0	0	0	0	|	0
1.00	0.00	0.75	20	NO_WAIT	0	4366725.31	4	5	5	6	11	|	0	0	0	0	0	|	0
1.00	0.00	0.75	24	NO_WAIT	0	5082266.93	4	5	5	6	9	|	0	0	0	0	0	|	0
1.00	0.00	0.75	28	NO_WAIT	0	5433226.66	5	6	6	7	10	|	0	0	0	0	0	|	0
1.00	0.00	0.75	32	NO_WAIT	0	6029956.53	5	6	6	7	13	|	0	0	0	0	0	|	0
1.00	0.00	0.75	36	NO_WAIT	0	6410201.57	5	6	7	8	17	|	0	0	0	0	0	|	0
1.00	0.00	0.75	40	NO_WAIT	0	6515006.67	5	7	7	14	56	|	0	0	0	0	0	|	0
1.00	0.00	0.75	44	NO_WAIT	0	5190552.87	5	8	16	77	193	|	0	0	0	0	0	|	0
1.00	0.00	0.75	48	NO_WAIT	0	4351336.51	5	12	31	134	284	|	0	0	0	0	0	|	0
1.00	0.00	0.75	52	NO_WAIT	0	3805428.62	5	14	41	206	444	|	0	0	0	0	0	|	0
1.00	0.00	0.75	56	NO_WAIT	0	3104926.35	5	17	64	305	664	|	0	0	0	0	0	|	0
1.00	0.00	0.75	60	NO_WAIT	0	3170260.94	5	16	69	325	684	|	0	0	0	0	0	|	0
1.00	0.00	0.75	64	NO_WAIT	0	2772214.33	5	18	87	436	906	|	0	0	0	0	0	|	0
0.00	1.00	0.80	1	WAIT_DIE	0	222101.04	4	5	5	6	7	|	0	0	0	0	0	|	0
0.00	1.00	0.80	4	WAIT_DIE	0	941319.55	4	5	5	64	103	|	0	0	0	1	1	|	8766
0.00	1.00	0.80	8	WAIT_DIE	0	1739370.64	4	5	22	92	108	|	0	0	1	1	2	|	46407
0.00	1.00	0.80	12	WAIT_DIE	0	2457503.01	4	8	61	103	154	|	0	0	1	1	2	|	120306
0.00	1.00	0.80	16	WAIT_DIE	0	3131073.40	4	41	84	128	192	|	0	1	1	2	3	|	255898
0.00	1.00	0.80	20	WAIT_DIE	0	3052657.87	5	74	108	197	313	|	0	1	2	3	5	|	487740
0.00	1.00	0.80	24	WAIT_DIE	0	2802419.20	5	95	160	296	4822	|	0	1	2	4	6	|	801583
0.00	1.00	0.80	28	WAIT_DIE	0	2491692.23	6	113	218	465	7697	|	0	2	3	6	9	|	1181740
0.00	1.00	0.80	32	WAIT_DIE	0	1741298.20	6	187	400	1522	10646	|	0	2	4	9	16	|	1933275
0.00	1.00	0.80	36	WAIT_DIE	0	1348627.78	6	270	653	3203	13708	|	0	3	6	12	21	|	2710319
0.00	1.00	0.80	40	WAIT_DIE	0	782857.98	6	624	1762	6615	16441	|	0	4	9	20	34	|	4635177
0.00	1.00	0.80	44	WAIT_DIE	0	364523.63	6	2479	5184	10567	20567	|	0	7	17	34	51	|	9365438
0.00	1.00	0.80	48	WAIT_DIE	0	417177.73	6	2185	5203	11748	21353	|	0	7	15	33	54	|	9411685
0.00	1.00	0.80	52	WAIT_DIE	0	335584.54	7	3415	7275	14735	24810	|	0	8	18	38	64	|	12028401
0.00	1.00	0.80	56	WAIT_DIE	0	175158.44	7	8317	13649	21675	30767	|	0	13	29	56	88	|	22059640
0.00	1.00	0.80	60	WAIT_DIE	0	168897.99	7	9450	15255	24242	34087	|	0	14	30	59	94	|	24160732
0.00	1.00	0.80	64	WAIT_DIE	0	176543.12	7	10047	15936	25594	35925	|	0	14	31	59	96	|	26430300
0.00	1.00	0.80	1	NO_WAIT	0	229710.73	4	5	5	6	7	|	0	0	0	0	0	|	0
0.00	1.00	0.80	4	NO_WAIT	0	901041.17	4	5	5	84	144	|	0	0	0	1	2	|	14794
0.00	1.00	0.80	8	NO_WAIT	0	1911938.18	4	5	52	121	255	|	0	0	1	2	4	|	80599
0.00	1.00	0.80	12	NO_WAIT	0	2503754.03	4	29	86	196	455	|	0	1	1	3	7	|	226840
0.00	1.00	0.80	16	NO_WAIT	0	2943496.84	4	44	96	253	4205	|	0	1	2	4	9	|	361194
0.00	1.00	0.80	20	NO_WAIT	0	2634556.67	5	65	119	385	7005	|	0	1	2	6	12	|	603090
0.00	1.00	0.80	24	NO_WAIT	0	2443884.47	5	75	146	572	10129	|	0	1	2	7	17	|	785295
0.00	1.00	0.80	28	NO_WAIT	0	1683743.10	5	89	204	2688	13599	|	0	1	3	11	59	|	1617352
0.00	1.00	0.80	32	NO_WAIT	0	323398.36	5	1010	3662	12527	32203	|	0	4	17	75	236	|	10415878
0.00	1.00	0.80	36	NO_WAIT	0	264566.80	6	1621	4915	15409	56960	|	0	6	22	86	260	|	13152881
0.00	1.00	0.80	40	NO_WAIT	0	194533.65	6	2526	7071	24285	89739	|	0	7	26	100	366	|	17063146
0.00	1.00	0.80	44	NO_WAIT	0	92611.39	6	7190	16052	44920	99999	|	0	13	41	162	861	|	35171844
0.00	1.00	0.80	48	NO_WAIT	0	63123.97	6	11329	24161	68568	99999	|	0	17	48	196	1257	|	47686465
0.00	1.00	0.80	52	NO_WAIT	0	69594.93	6	11195	24227	73440	99999	|	0	16	48	195	1215	|	47852492
0.00	1.00	0.80	56	NO_WAIT	0	47827.25	7	17078	35997	99999	99999	|	0	21	58	250	1956	|	64755323
0.00	1.00	0.80	60	NO_WAIT	0	39375.34	7	22422	46210	99999	99999	|	0	24	66	296	2424	|	85712066
0.00	1.00	0.80	64	NO_WAIT	0	30174.12	7	30045	61693	99999	99999	|	0	27	74	352	3085	|	112996494
0.50	0.50	0.80	1	WAIT_DIE	0	244103.26	4	5	5	5	6	|	0	0	0	0	0	|	0
0.50	0.50	0.80	4	WAIT_DIE	0	947804.51	4	5	5	48	101	|	0	0	0	1	1	|	6345
0.50	0.50	0.80	8	WAIT_DIE	0	1976410.20	3	4	6	83	105	|	0	0	0	1	1	|	33425
0.50	0.50	0.80	12	WAIT_DIE	0	2697346.35	4	5	35	95	123	|	0	0	1	1	2	|	84632
0.50	0.50	0.80	16	WAIT_DIE	0	3702423.47	4	7	61	103	158	|	0	0	1	2	2	|	159176
0.50	0.50	0.80	20	WAIT_DIE	0	3676702.57	5	39	85	134	201	|	0	1	1	2	3	|	306579
0.50	0.50	0.80	24	WAIT_DIE	0	3653830.46	5	69	107	200	311	|	0	1	2	3	5	|	538088
0.50	0.50	0.80	28	WAIT_DIE	0	3119671.41	5	95	166	332	799	|	0	1	2	4	6	|	869107
0.50	0.50	0.80	32	WAIT_DIE	0	2661128.39	5	121	234	520	5107	|	0	1	3	5	9	|	1240368
0.50	0.50	0.80	36	WAIT_DIE	0	1918417.92	6	188	387	1123	9409	|	0	2	4	8	14	|	1884377
0.50	0.50	0.80	40	WAIT_DIE	0	1417336.23	6	290	635	2459	13079	|	0	2	5	11	20	|	2753689
0.50	0.50	0.80	44	WAIT_DIE	0	1235586.57	6	378	863	4215	15351	|	0	3	6	13	25	|	3525515
0.50	0.50	0.80	48	WAIT_DIE	0	1088387.49	6	481	1132	6104	17353	|	0	3	6	15	29	|	4435331
0.50	0.50	0.80	52	WAIT_DIE	0	951734.44	6	623	1559	7997	19511	|	0	4	7	17	35	|	5395707
0.50	0.50	0.80	56	WAIT_DIE	0	662213.69	6	1084	3002	11448	24759	|	0	5	10	25	53	|	8034438
0.50	0.50	0.80	60	WAIT_DIE	0	631646.95	6	1300	3698	12850	26168	|	0	5	10	27	57	|	9098647
0.50	0.50	0.80	64	WAIT_DIE	0	652929.14	6	1289	3909	13665	28843	|	0	5	10	27	61	|	9963715
0.50	0.50	0.80	1	NO_WAIT	0	269047.03	3	4	4	5	6	|	0	0	0	0	0	|	0
0.50	0.50	0.80	4	NO_WAIT	0	1021822.09	3	4	5	71	118	|	0	0	0	1	2	|	10958
0.50	0.50	0.80	8	NO_WAIT	0	1876490.43	4	5	24	101	203	|	0	0	1	2	3	|	57327
0.50	0.50	0.80	12	NO_WAIT	0	2751964.71	4	5	63	147	315	|	0	0	1	2	5	|	153217
0.50	0.50	0.80	16	NO_WAIT	0	3379995.55	4	25	85	203	513	|	0	1	1	3	8	|	299877
0.50	0.50	0.80	20	NO_WAIT	0	3370331.79	4	47	100	296	2642	|	0	1	2	5	12	|	491625
0.50	0.50	0.80	24	NO_WAIT	0	2982778.81	5	61	117	469	6972	|	0	1	2	7	22	|	827243
0.50	0.50	0.80	28	NO_WAIT	0	621859.39	5	269	881	6069	16689	|	0	2	6	46	137	|	4245111
0.50	0.50	0.80	32	NO_WAIT	0	353464.79	5	722	2106	10564	26697	|	0	3	9	69	206	|	8251001
0.50	0.50	0.80	36	NO_WAIT	0	315086.49	5	854	2666	13684	44842	|	0	3	10	72	220	|	9291522
0.50	0.50	0.80	40	NO_WAIT	0	195709.91	6	1627	4776	21921	61944	|	0	4	13	95	321	|	9932323
0.50	0.50	0.80	44	NO_WAIT	0	152601.98	6	2496	7047	29857	85839	|	0	5	16	110	411	|	17266696
0.50	0.50	0.80	48	NO_WAIT	0	133814.69	6	3251	9003	36907	99999	|	0	6	18	123	515	|	22724199
0.50	0.50	0.80	52	NO_WAIT	0	123638.00	6	3866	10975	45435	99999	|	0	6	19	127	539	|	24415194
0.50	0.50	0.80	56	NO_WAIT	0	92767.44	6	5680	15503	61835	99999	|	0	7	23	153	735	|	26513175
0.50	0.50	0.80	60	NO_WAIT	0	76989.42	6	7593	20334	78070	99999	|	0	8	27	171	945	|	37591576
0.50	0.50	0.80	64	NO_WAIT	0	70234.23	6	9115	24099	92183	99999	|	0	8	30	187	1131	|	41958315
1.00	0.00	0.80	1	WAIT_DIE	0	284930.42	3	4	4	5	6	|	0	0	0	0	0	|	0
1.00	0.00	0.80	4	WAIT_DIE	0	1077311.82	3	4	4	5	6	|	0	0	0	0	0	|	0
1.00	0.00	0.80	8	WAIT_DIE	0	2242464.47	3	4	4	4	7	|	0	0	0	0	0	|	0
1.00	0.00	0.80	12	WAIT_DIE	0	3062998.42	3	4	5	5	8	|	0	0	0	0	0	|	0
1.00	0.00	0.80	16	WAIT_DIE	0	4386018.78	3	4	4	5	8	|	0	0	0	0	0	|	0
1.00	0.00	0.80	20	WAIT_DIE	0	4442322.40	4	5	5	6	10	|	0	0	0	0	0	|	0
1.00	0.00	0.80	24	WAIT_DIE	0	4959349.58	4	5	6	8	15	|	0	0	0	0	0	|	0
1.00	0.00	0.80	28	WAIT_DIE	0	5240860.60	4	6	7	16	43	|	0	0	0	0	0	|	0
1.00	0.00	0.80	32	WAIT_DIE	0	4777719.00	5	8	13	41	86	|	0	0	0	0	0	|	0
1.00	0.00	0.80	36	WAIT_DIE	0	3285820.45	5	17	39	110	209	|	0	0	0	0	0	|	0
1.00	0.00	0.80	40	WAIT_DIE	0	2475691.93	5	27	74	206	394	|	0	0	0	0	0	|	0
1.00	0.00	0.80	44	WAIT_DIE	0	2198468.11	5	34	107	266	492	|	0	0	0	0	0	|	0
1.00	0.00	0.80	48	WAIT_DIE	0	2197343.16	5	36	122	307	560	|	0	0	0	0	0	|	0
1.00	0.00	0.80	52	WAIT_DIE	0	1807764.56	5	40	153	469	916	|	0	0	0	0	0	|	0
1.00	0.00	0.80	56	WAIT_DIE	0	1925328.73	5	40	157	471	957	|	0	0	0	0	0	|	0
1.00	0.00	0.80	60	WAIT_DIE	0	1759199.47	5	47	209	544	1026	|	0	0	0	0	0	|	0
1.00	0.00	0.80	64	WAIT_DIE	0	1718154.30	5	48	231	614	1169	|	0	0	0	0	0	|	0
1.00	0.00	0.80	1	NO_WAIT	0	288939.23	3	4	4	5	6	|	0	0	0	0	0	|	0
1.00	0.00	0.80	4	NO_WAIT	0	1093175.38	3	4	4	5	7	|	0	0	0	0	0	|	0
1.00	0.00	0.80	8	NO_WAIT	0	2149600.61	3	4	4	5	7	|	0	0	0	0	0	|	0
1.00	0.00	0.80	12	NO_WAIT	0	3113338.22	3	4	4	5	7	|	0	0	0	0	0	|	0
1.00	0.00	0.80	16	NO_WAIT	0	4122894.22	3	4	4	5	8	|	0	0	0	0	0	|	0
1.00	0.00	0.80	20	NO_WAIT	0	4690082.91	4	5	5	6	10	|	0	0	0	0	0	|	0
1.00	0.00	0.80	24	NO_WAIT	0	5169772.73	4	5	5	7	14	|	0	0	0	0	0	|	0
1.00	0.00	0.80	28	NO_WAIT	0	5297630.09	4	6	7	14	36	|	0	0	0	0	0	|	0
1.00	0.00	0.80	32	NO_WAIT	0	4324574.36	5	10	19	54	106	|	0	0	0	0	0	|	0
1.00	0.00	0.80	36	NO_WAIT	0	2824286.11	5	21	52	146	270	|	0	0	0	0	0	|	0
1.00	0.00	0.80	40	NO_WAIT	0	2578217.24	5	26	70	196	387	|	0	0	0	0	0	|	0
1.00	0.00	0.80	44	NO_WAIT	0	2298027.45	5	33	102	251	457	|	0	0	0	0	0	|	0
1.00	0.00	0.80	48	NO_WAIT	0	2066820.86	5	38	132	330	608	|	0	0	0	0	0	|	0
1.00	0.00	0.80	52	NO_WAIT	0	1903605.80	5	37	144	447	873	|	0	0	0	0	0	|	0
1.00	0.00	0.80	56	NO_WAIT	0	1924747.30	5	39	158	473	963	|	0	0	0	0	0	|	0
1.00	0.00	0.80	60	NO_WAIT	0	1868122.36	5	43	194	510	967	|	0	0	0	0	0	|	0
1.00	0.00	0.80	64	NO_WAIT	0	1802177.64	5	46	219	581	1098	|	0	0	0	0	0	|	0
0.00	1.00	0.85	1	WAIT_DIE	0	239271.04	4	5	5	6	6	|	0	0	0	0	0	|	0
0.00	1.00	0.85	4	WAIT_DIE	0	969796.39	4	5	14	89	106	|	0	0	1	1	2	|	20572
0.00	1.00	0.85	8	WAIT_DIE	0	1705944.95	4	38	77	106	166	|	0	1	1	2	3	|	114598
0.00	1.00	0.85	12	WAIT_DIE	0	2114259.08	4	68	96	151	2706	|	0	1	1	2	4	|	267028
0.00	1.00	0.85	16	WAIT_DIE	0	2207528.48	4	77	103	181	6908	|	0	1	2	3	4	|	393590
0.00	1.00	0.85	20	WAIT_DIE	0	1957151.18	5	97	138	272	9682	|	0	1	2	3	5	|	567650
0.00	1.00	0.85	24	WAIT_DIE	0	1809805.44	5	111	177	1442	11410	|	0	2	2	4	6	|	821366
0.00	1.00	0.85	28	WAIT_DIE	0	1770467.17	6	122	198	2936	13302	|	0	2	3	4	6	|	1076010
0.00	1.00	0.85	32	WAIT_DIE	0	1728469.82	6	141	228	4081	13726	|	0	2	3	5	7	|	1293823
0.00	1.00	0.85	36	WAIT_DIE	0	1376643.71	6	198	382	5940	15731	|	0	2	4	7	13	|	2089086
0.00	1.00	0.85	40	WAIT_DIE	0	1245506.12	6	248	566	7127	16561	|	0	3	4	8	16	|	2512992
0.00	1.00	0.85	44	WAIT_DIE	0	1008273.63	6	359	1375	8723	18371	|	0	3	5	11	23	|	3264831
0.00	1.00	0.85	48	WAIT_DIE	0	668921.64	6	946	3765	11469	21231	|	0	5	8	19	37	|	5429093
0.00	1.00	0.85	52	WAIT_DIE	0	484857.96	7	2221	6142	14351	24202	|	0	6	11	25	51	|	8137137
0.00	1.00	0.85	56	WAIT_DIE	0	394815.74	7	3865	8176	16422	26263	|	0	7	13	30	58	|	11092092
0.00	1.00	0.85	60	WAIT_DIE	0	282092.09	7	6717	11393	19972	30242	|	0	10	18	40	73	|	15832156
0.00	1.00	0.85	64	WAIT_DIE	0	248807.78	7	8421	13274	22239	32465	|	0	11	21	44	79	|	19355832
0.00	1.00	0.85	1	NO_WAIT	0	247424.58	3	4	5	5	6	|	0	0	0	0	0	|	0
0.00	1.00	0.85	4	NO_WAIT	0	1008352.19	3	5	47	104	205	|	0	0	1	2	3	|	35627
0.00	1.00	0.85	8	NO_WAIT	0	1586026.93	3	44	90	197	3660	|	0	1	1	3	6	|	158063
0.00	1.00	0.85	12	NO_WAIT	0	1674794.34	4	61	102	285	8300	|	0	1	2	4	8	|	278285
0.00	1.00	0.85	16	NO_WAIT	0	1807472.72	3	62	103	411	10912	|	0	1	2	4	8	|	330450
0.00	1.00	0.85	20	NO_WAIT	0	1645236.89	4	81	143	2020	12694	|	0	1	2	5	10	|	543298
0.00	1.00	0.85	24	NO_WAIT	0	1577611.03	5	91	171	3537	14360	|	0	1	2	6	12	|	790658
0.00	1.00	0.85	28	NO_WAIT	0	1548501.69	5	97	196	4587	16474	|	0	1	3	7	14	|	1057315
0.00	1.00	0.85	32	NO_WAIT	0	1544659.28	5	102	225	5637	17327	|	0	2	3	7	15	|	1230735
0.00	1.00	0.85	36	NO_WAIT	0	970475.24	5	147	493	9061	25375	|	0	2	4	14	70	|	2494465
0.00	1.00	0.85	40	NO_WAIT	0	755445.60	5	186	1105	12045	33741	|	0	2	5	21	107	|	3386962
0.00	1.00	0.85	44	NO_WAIT	0	56035.97	6	14097	28105	86308	99999	|	0	21	54	261	1585	|	61957826
0.00	1.00	0.85	48	NO_WAIT	0	79082.44	6	10078	23660	75343	99999	|	0	13	40	198	1246	|	43242304
0.00	1.00	0.85	52	NO_WAIT	0	52997.59	6	17300	35925	99999	99999	|	0	22	58	287	1796	|	73856123
0.00	1.00	0.85	56	NO_WAIT	0	16509.37	7	52716	99999	99999	99999	|	0	51	118	861	5470	|	224469747
0.00	1.00	0.85	60	NO_WAIT	0	12887.79	8	70677	99999	99999	99999	|	0	60	139	1136	7380	|	306948812
0.00	1.00	0.85	64	NO_WAIT	0	8873.58	8	99999	99999	99999	99999	|	0	71	165	1540	10714	|	433862010
0.50	0.50	0.85	1	WAIT_DIE	0	281394.34	3	4	4	5	6	|	0	0	0	0	0	|	0
0.50	0.50	0.85	4	WAIT_DIE	0	995541.62	3	5	6	82	105	|	0	0	0	1	1	|	15411
0.50	0.50	0.85	8	WAIT_DIE	0	1896095.37	4	7	59	100	139	|	0	0	1	1	2	|	77550
0.50	0.50	0.85	12	WAIT_DIE	0	2555286.85	4	49	84	118	188	|	0	1	1	2	3	|	202321
0.50	0.50	0.85	16	WAIT_DIE	0	2981422.20	4	61	92	147	3742	|	0	1	1	2	3	|	305363
0.50	0.50	0.85	20	WAIT_DIE	0	2554794.09	4	87	117	211	6767	|	0	1	2	3	5	|	580114
0.50	0.50	0.85	24	WAIT_DIE	0	2324478.79	5	103	160	317	9051	|	0	1	2	4	6	|	826682
0.50	0.50	0.85	28	WAIT_DIE	0	2126209.68	5	122	200	603	10576	|	0	2	3	4	7	|	1115745
0.50	0.50	0.85	32	WAIT_DIE	0	2008974.53	5	144	238	2142	12290	|	0	2	3	5	8	|	1376771
0.50	0.50	0.85	36	WAIT_DIE	0	1635503.41	6	200	349	3950	14172	|	0	2	4	6	10	|	2034640
0.50	0.50	0.85	40	WAIT_DIE	0	1307218.23	6	286	549	5843	16130	|	0	3	4	8	14	|	2554617
0.50	0.50	0.85	44	WAIT_DIE	0	907428.38	6	518	1227	8536	19068	|	0	4	6	11	21	|	4100780
0.50	0.50	0.85	48	WAIT_DIE	0	1058034.83	6	445	1093	8527	18603	|	0	3	5	10	18	|	3900723
0.50	0.50	0.85	52	WAIT_DIE	0	789422.64	6	784	2626	10816	21171	|	0	4	7	14	26	|	5661978
0.50	0.50	0.85	56	WAIT_DIE	0	763726.47	6	935	3364	11643	22064	|	0	4	7	15	28	|	6594921
0.50	0.50	0.85	60	WAIT_DIE	0	687982.19	6	1308	4509	12956	23769	|	0	5	8	17	33	|	8199889
0.50	0.50	0.85	64	WAIT_DIE	0	554562.15	6	2276	6311	15424	28258	|	0	6	10	22	48	|	10320556
0.50	0.50	0.85	1	NO_WAIT	0	273611.57	3	4	4	5	6	|	0	0	0	0	0	|	0
0.50	0.50	0.85	4	NO_WAIT	0	1024770.50	3	5	20	97	178	|	0	0	1	1	3	|	25910
0.50	0.50	0.85	8	NO_WAIT	0	1855546.28	4	28	81	171	377	|	0	1	1	3	6	|	135362
0.50	0.50	0.85	12	NO_WAIT	0	2165043.62	4	50	95	236	5509	|	0	1	1	4	8	|	263822
0.50	0.50	0.85	16	NO_WAIT	0	2383010.35	3	53	98	288	8339	|	0	1	2	4	8	|	371547
0.50	0.50	0.85	20	NO_WAIT	0	2097648.16	4	74	125	527	10536	|	0	1	2	5	11	|	556794
0.50	0.50	0.85	24	NO_WAIT	0	2028312.38	4	82	150	1573	12187	|	0	1	2	6	14	|	747596
0.50	0.50	0.85	28	NO_WAIT	0	1970057.50	5	87	168	2852	14459	|	0	1	2	7	17	|	1065583
0.50	0.50	0.85	32	NO_WAIT	0	1068506.14	5	122	392	6461	20534	|	0	2	3	15	96	|	2646275
0.50	0.50	0.85	36	NO_WAIT	0	503408.86	5	467	2020	12145	38901	|	0	3	7	48	176	|	6574287
0.50	0.50	0.85	40	NO_WAIT	0	276248.58	5	1524	5065	21215	69310	|	0	5	14	78	278	|	12421684
0.50	0.50	0.85	44	NO_WAIT	0	90490.88	6	7290	16291	50023	99999	|	0	12	38	171	977	|	39194726
0.50	0.50	0.85	48	NO_WAIT	0	70648.89	6	10244	22047	68356	99999	|	0	15	45	205	1354	|	53184475
0.50	0.50	0.85	52	NO_WAIT	0	63583.46	6	12132	25895	83780	99999	|	0	16	48	218	1480	|	56537409
0.50	0.50	0.85	56	NO_WAIT	0	45573.99	7	18071	38179	99999	99999	|	0	20	59	276	2144	|	78300532
0.50	0.50	0.85	60	NO_WAIT	0	28308.84	7	29068	59969	99999	99999	|	0	26	77	375	3643	|	126676996
0.50	0.50	0.85	64	NO_WAIT	0	25154.31	7	35294	73113	99999	99999	|	0	28	83	419	3969	|	140120766
1.00	0.00	0.85	1	WAIT_DIE	0	308770.79	3	4	4	4	5	|	0	0	0	0	0	|	0
1.00	0.00	0.85	4	WAIT_DIE	0	1141092.32	3	4	4	5	7	|	0	0	0	0	0	|	0
1.00	0.00	0.85	8	WAIT_DIE	0	2196674.97	3	4	4	5	7	|	0	0	0	0	0	|	0
1.00	0.00	0.85	12	WAIT_DIE	0	3294075.78	3	4	4	5	7	|	0	0	0	0	0	|	0
1.00	0.00	0.85	16	WAIT_DIE	0	4275317.39	3	4	4	5	8	|	0	0	0	0	0	|	0
1.00	0.00	0.85	20	WAIT_DIE	0	4461878.64	4	5	6	10	20	|	0	0	0	0	0	|	0
1.00	0.00	0.85	24	WAIT_DIE	0	3546470.79	4	10	17	40	78	|	0	0	0	0	0	|	0
1.00	0.00	0.85	28	WAIT_DIE	0	2453048.93	5	26	45	90	151	|	0	0	0	0	0	|	0
1.00	0.00	0.85	32	WAIT_DIE	0	2158695.59	5	39	69	131	212	|	0	0	0	0	0	|	0
1.00	0.00	0.85	36	WAIT_DIE	0	1666228.26	5	48	115	255	441	|	0	0	0	0	0	|	0
1.00	0.00	0.85	40	WAIT_DIE	0	1384251.71	5	78	158	342	616	|	0	0	0	0	0	|	0
1.00	0.00	0.85	44	WAIT_DIE	0	1415859.31	5	92	179	357	622	|	0	0	0	0	0	|	0
1.00	0.00	0.85	48	WAIT_DIE	0	1345079.76	5	109	213	425	727	|	0	0	0	0	0	|	0
1.00	0.00	0.85	52	WAIT_DIE	0	1174059.07	5	113	268	612	1110	|	0	0	0	0	0	|	0
1.00	0.00	0.85	56	WAIT_DIE	0	1208444.97	5	128	276	633	1197	|	0	0	0	0	0	|	0
1.00	0.00	0.85	60	WAIT_DIE	0	1175479.65	5	157	319	666	1176	|	0	0	0	0	0	|	0
1.00	0.00	0.85	64	WAIT_DIE	0	1045838.26	5	192	394	820	1446	|	0	0	0	0	0	|	0
1.00	0.00	0.85	1	NO_WAIT	0	314032.85	3	4	4	4	5	|	0	0	0	0	0	|	0
1.00	0.00	0.85	4	NO_WAIT	0	1151811.84	3	4	4	5	6	|	0	0	0	0	0	|	0
1.00	0.00	0.85	8	NO_WAIT	0	2245603.38	3	4	4	5	7	|	0	0	0	0	0	|	0
1.00	0.00	0.85	12	NO_WAIT	0	3326539.13	3	4	4	5	7	|	0	0	0	0	0	|	0
1.00	0.00	0.85	16	NO_WAIT	0	4290061.07	3	4	4	5	8	|	0	0	0	0	0	|	0
1.00	0.00	0.85	20	NO_WAIT	0	4530697.49	4	5	6	9	19	|	0	0	0	0	0	|	0
1.00	0.00	0.85	24	NO_WAIT	0	3699660.18	4	9	15	37	73	|	0	0	0	0	0	|	0
1.00	0.00	0.85	28	NO_WAIT	0	2585945.22	5	24	42	84	142	|	0	0	0	0	0	|	0
1.00	0.00	0.85	32	NO_WAIT	0	2129048.82	5	40	71	135	218	|	0	0	0	0	0	|	0
1.00	0.00	0.85	36	NO_WAIT	0	1676596.40	5	48	115	255	442	|	0	0	0	0	0	|	0
1.00	0.00	0.85	40	NO_WAIT	0	1512467.65	5	70	143	316	571	|	0	0	0	0	0	|	0
1.00	0.00	0.85	44	NO_WAIT	0	1287634.48	5	104	202	403	692	|	0	0	0	0	0	|	0
1.00	0.00	0.85	48	NO_WAIT	0	1371001.82	5	107	209	419	725	|	0	0	0	0	0	|	0
1.00	0.00	0.85	52	NO_WAIT	0	1292635.58	5	94	243	567	1038	|	0	0	0	0	0	|	0
1.00	0.00	0.85	56	NO_WAIT	0	1200351.64	5	132	281	635	1193	|	0	0	0	0	0	|	0
1.00	0.00	0.85	60	NO_WAIT	0	1186025.87	5	156	318	660	1167	|	0	0	0	0	0	|	0
1.00	0.00	0.85	64	NO_WAIT	0	1094604.15	5	181	373	788	1395	|	0	0	0	0	0	|	0
0.00	1.00	0.90	1	WAIT_DIE	0	261880.55	3	4	5	5	7	|	0	0	0	0	0	|	0
0.00	1.00	0.90	4	WAIT_DIE	0	927511.48	4	23	68	101	139	|	0	1	1	1	2	|	46577
0.00	1.00	0.90	8	WAIT_DIE	0	1275362.33	4	67	92	140	6193	|	0	1	1	2	3	|	163620
0.00	1.00	0.90	12	WAIT_DIE	0	1434262.74	3	71	96	190	9386	|	0	1	1	2	3	|	213620
0.00	1.00	0.90	16	WAIT_DIE	0	1421483.25	4	81	103	1786	11810	|	0	1	1	2	4	|	310263
0.00	1.00	0.90	20	WAIT_DIE	0	1246631.08	5	98	139	3852	13432	|	0	1	2	3	4	|	518153
0.00	1.00	0.90	24	WAIT_DIE	0	1214537.34	5	107	169	5247	14278	|	0	1	2	3	5	|	741063
0.00	1.00	0.90	28	WAIT_DIE	0	1156076.03	5	124	204	6283	16160	|	0	2	2	4	6	|	1024391
0.00	1.00	0.90	32	WAIT_DIE	0	1175768.88	5	134	235	7008	16509	|	0	2	2	4	6	|	1160473
0.00	1.00	0.90	36	WAIT_DIE	0	1049443.89	6	178	703	8046	17676	|	0	2	3	5	7	|	1454320
0.00	1.00	0.90	40	WAIT_DIE	0	1013624.27	6	206	1496	8865	18339	|	0	2	3	5	8	|	1986080
0.00	1.00	0.90	44	WAIT_DIE	0	968521.71	6	255	2306	9480	18940	|	0	2	4	6	9	|	2375927
0.00	1.00	0.90	48	WAIT_DIE	0	942183.75	6	301	2943	10179	19370	|	0	3	4	6	10	|	2715090
0.00	1.00	0.90	52	WAIT_DIE	0	838578.85	7	552	3934	11322	20203	|	0	3	4	8	14	|	3603268
0.00	1.00	0.90	56	WAIT_DIE	0	751529.05	7	1333	4915	12268	21946	|	0	3	5	10	21	|	4808937
0.00	1.00	0.90	60	WAIT_DIE	0	597091.30	7	2736	6624	14452	24713	|	0	4	6	15	34	|	6493083
0.00	1.00	0.90	64	WAIT_DIE	0	506314.84	7	3935	8208	16658	27145	|	0	5	8	19	45	|	8089652
0.00	1.00	0.90	1	NO_WAIT	0	270010.73	3	4	4	5	6	|	0	0	0	0	0	|	0
0.00	1.00	0.90	4	NO_WAIT	0	861281.31	3	36	83	163	1784	|	0	1	1	3	5	|	68058
0.00	1.00	0.90	8	NO_WAIT	0	1019221.72	3	56	96	280	9941	|	0	1	1	3	6	|	146866
0.00	1.00	0.90	12	NO_WAIT	0	1063279.71	3	68	106	2185	12594	|	0	1	2	4	7	|	225769
0.00	1.00	0.90	16	NO_WAIT	0	1091392.32	3	75	125	3971	14746	|	0	1	2	4	7	|	311944
0.00	1.00	0.90	20	NO_WAIT	0	1009967.90	4	93	174	5437	17169	|	0	1	2	5	9	|	558364
0.00	1.00	0.90	24	NO_WAIT	0	978919.04	4	102	217	7032	18895	|	0	2	3	6	11	|	818606
0.00	1.00	0.90	28	NO_WAIT	0	974832.41	5	108	272	8044	19994	|	0	2	3	6	11	|	1030686
0.00	1.00	0.90	32	NO_WAIT	0	961612.63	5	122	383	9003	22003	|	0	2	3	6	12	|	1147682
0.00	1.00	0.90	36	NO_WAIT	0	925702.61	5	145	833	10103	23119	|	0	2	3	7	14	|	1285254
0.00	1.00	0.90	40	NO_WAIT	0	881687.90	5	170	1629	11272	25703	|	0	2	4	8	18	|	1801199
0.00	1.00	0.90	44	NO_WAIT	0	695995.55	5	214	2859	14003	37007	|	0	2	4	11	71	|	2885140
0.00	1.00	0.90	48	NO_WAIT	0	664269.68	5	253	3516	15484	42875	|	0	2	4	12	87	|	3789445
0.00	1.00	0.90	52	NO_WAIT	0	564011.48	6	355	4617	18902	56658	|	0	3	5	16	129	|	5039697
0.00	1.00	0.90	56	NO_WAIT	0	88367.36	6	8034	26331	99999	99999	|	0	7	24	189	1082	|	43268421
0.00	1.00	0.90	60	NO_WAIT	0	25287.55	7	35632	83986	99999	99999	|	0	24	80	583	4576	|	178813961
0.00	1.00	0.90	64	NO_WAIT	0	22731.80	7	29279	79023	99999	99999	|	0	18	65	502	5157	|	204273633
0.50	0.50	0.90	1	WAIT_DIE	0	305369.53	3	4	4	4	5	|	0	0	0	0	0	|	0
0.50	0.50	0.90	4	WAIT_DIE	0	1094859.84	3	5	50	96	109	|	0	0	1	1	2	|	34201
0.50	0.50	0.90	8	WAIT_DIE	0	1636846.94	3	56	86	114	2273	|	0	1	1	2	3	|	144347
0.50	0.50	0.90	12	WAIT_DIE	0	1817239.54	3	68	94	153	7490	|	0	1	1	2	3	|	249678
0.50	0.50	0.90	16	WAIT_DIE	0	1888532.45	4	74	99	189	9925	|	0	1	1	2	3	|	354833
0.50	0.50	0.90	20	WAIT_DIE	0	1631137.25	4	94	125	1942	11141	|	0	1	2	3	4	|	556867
0.50	0.50	0.90	24	WAIT_DIE	0	1559828.90	5	103	152	3346	12837	|	0	1	2	3	5	|	725901
0.50	0.50	0.90	28	WAIT_DIE	0	1518888.19	5	113	180	4515	14312	|	0	2	2	4	5	|	1126910
0.50	0.50	0.90	32	WAIT_DIE	0	1533453.09	5	119	193	5326	15354	|	0	2	2	4	6	|	1175065
0.50	0.50	0.90	36	WAIT_DIE	0	1313576.69	5	171	311	6573	16202	|	0	2	3	5	8	|	1704497
0.50	0.50	0.90	40	WAIT_DIE	0	1044095.11	6	266	864	8264	17628	|	0	3	4	7	11	|	2585405
0.50	0.50	0.90	44	WAIT_DIE	0	1072002.47	6	274	1209	8826	18547	|	0	3	4	7	11	|	2857976
0.50	0.50	0.90	48	WAIT_DIE	0	1007266.02	6	341	2072	9566	19271	|	0	3	4	7	12	|	3567977
0.50	0.50	0.90	52	WAIT_DIE	0	878278.98	6	509	3181	10896	20558	|	0	3	5	9	15	|	4215129
0.50	0.50	0.90	56	WAIT_DIE	0	588189.92	7	1979	5770	13524	23290	|	0	5	7	14	25	|	6648926
0.50	0.50	0.90	60	WAIT_DIE	0	566370.34	8	2639	6418	14360	24155	|	0	5	8	15	26	|	8172686
0.50	0.50	0.90	64	WAIT_DIE	0	582782.24	8	2919	6764	14654	24649	|	0	5	8	15	26	|	8672095
0.50	0.50	0.90	1	NO_WAIT	0	315424.35	3	3	4	4	5	|	0	0	0	0	0	|	0
0.50	0.50	0.90	4	NO_WAIT	0	1062428.82	3	22	74	139	269	|	0	1	1	2	4	|	58246
0.50	0.50	0.90	8	NO_WAIT	0	1271236.62	3	51	93	217	8290	|	0	1	1	3	6	|	150711
0.50	0.50	0.90	12	NO_WAIT	0	1387067.10	3	61	100	444	10785	|	0	1	2	4	7	|	272447
0.50	0.50	0.90	16	NO_WAIT	0	1437695.21	3	67	105	2135	12632	|	0	1	2	4	8	|	325029
0.50	0.50	0.90	20	NO_WAIT	0	1303430.95	4	84	148	3946	14528	|	0	1	2	5	10	|	521665
0.50	0.50	0.90	24	NO_WAIT	0	1282665.30	4	93	176	5219	16753	|	0	1	2	5	11	|	829483
0.50	0.50	0.90	28	NO_WAIT	0	1267968.13	4	99	204	6189	18364	|	0	1	3	6	12	|	955135
0.50	0.50	0.90	32	NO_WAIT	0	1259317.27	4	103	239	7202	19352	|	0	2	3	6	13	|	1224602
0.50	0.50	0.90	36	NO_WAIT	0	1159780.19	5	123	364	8440	20624	|	0	2	3	8	19	|	1517709
0.50	0.50	0.90	40	NO_WAIT	0	844672.63	5	178	1276	11343	28657	|	0	2	4	13	70	|	3041499
0.50	0.50	0.90	44	NO_WAIT	0	379637.13	5	632	4709	21382	64972	|	0	3	7	44	241	|	8551735
0.50	0.50	0.90	48	NO_WAIT	0	101382.89	6	7234	18588	64824	99999	|	0	8	27	165	922	|	35737429
0.50	0.50	0.90	52	NO_WAIT	0	43214.87	9	20230	41841	99999	99999	|	0	22	65	331	2319	|	92541454
0.50	0.50	0.90	56	NO_WAIT	0	61308.56	7	15524	35034	99999	99999	|	0	16	49	256	1528	|	68633014
0.50	0.50	0.90	60	NO_WAIT	0	18912.57	84	50206	99639	99999	99999	|	0	45	120	732	6021	|	258412972
0.50	0.50	0.90	64	NO_WAIT	0	9846.53	1468	94588	99999	99999	99999	|	1	70	175	1290	10800	|	441982885
1.00	0.00	0.90	1	WAIT_DIE	0	357386.48	2	3	3	4	5	|	0	0	0	0	0	|	0
1.00	0.00	0.90	4	WAIT_DIE	0	1244337.69	3	3	4	4	5	|	0	0	0	0	0	|	0
1.00	0.00	0.90	8	WAIT_DIE	0	2560583.04	3	3	4	4	5	|	0	0	0	0	0	|	0
1.00	0.00	0.90	12	WAIT_DIE	0	3426354.83	3	4	4	5	8	|	0	0	0	0	0	|	0
1.00	0.00	0.90	16	WAIT_DIE	0	4642338.06	3	4	4	5	8	|	0	0	0	0	0	|	0
1.00	0.00	0.90	20	WAIT_DIE	0	2888716.56	4	12	19	38	64	|	0	0	0	0	0	|	0
1.00	0.00	0.90	24	WAIT_DIE	0	1615426.11	5	37	60	117	195	|	0	0	0	0	0	|	0
1.00	0.00	0.90	28	WAIT_DIE	0	1503164.18	5	54	82	142	226	|	0	0	0	0	0	|	0
1.00	0.00	0.90	32	WAIT_DIE	0	1359314.51	5	73	111	190	297	|	0	0	0	0	0	|	0
1.00	0.00	0.90	36	WAIT_DIE	0	1011009.75	5	104	190	376	645	|	0	0	0	0	0	|	0
1.00	0.00	0.90	40	WAIT_DIE	0	1000484.71	6	125	205	394	692	|	0	0	0	0	0	|	0
1.00	0.00	0.90	44	WAIT_DIE	0	940972.21	6	159	249	444	734	|	0	0	0	0	0	|	0
1.00	0.00	0.90	48	WAIT_DIE	0	855985.15	6	195	306	546	896	|	0	0	0	0	0	|	0
1.00	0.00	0.90	52	WAIT_DIE	0	837170.10	6	193	354	721	1288	|	0	0	0	0	0	|	0
1.00	0.00	0.90	56	WAIT_DIE	0	809390.74	6	232	384	749	1320	|	0	0	0	0	0	|	0
1.00	0.00	0.90	60	WAIT_DIE	0	775901.95	6	275	438	796	1333	|	0	0	0	0	0	|	0
1.00	0.00	0.90	64	WAIT_DIE	0	766596.00	6	294	476	885	1493	|	0	0	0	0	0	|	0
1.00	0.00	0.90	1	NO_WAIT	0	346120.98	2	3	4	4	5	|	0	0	0	0	0	|	0
1.00	0.00	0.90	4	NO_WAIT	0	1254481.68	3	3	4	4	6	|	0	0	0	0	0	|	0
1.00	0.00	0.90	8	NO_WAIT	0	2468317.85	3	4	4	4	6	|	0	0	0	0	0	|	0
1.00	0.00	0.90	12	NO_WAIT	0	3536398.74	3	4	4	5	6	|	0	0	0	0	0	|	0
1.00	0.00	0.90	16	NO_WAIT	0	4755355.29	3	4	4	5	9	|	0	0	0	0	0	|	0
1.00	0.00	0.90	20	NO_WAIT	0	2862936.55	4	12	19	39	66	|	0	0	0	0	0	|	0
1.00	0.00	0.90	24	NO_WAIT	0	1494960.47	5	42	67	127	211	|	0	0	0	0	0	|	0
1.00	0.00	0.90	28	NO_WAIT	0	1509374.98	5	54	82	141	226	|	0	0	0	0	0	|	0
1.00	0.00	0.90	32	NO_WAIT	0	1364364.26	5	73	111	191	301	|	0	0	0	0	0	|	0
1.00	0.00	0.90	36	NO_WAIT	0	1015920.81	6	103	190	374	639	|	0	0	0	0	0	|	0
1.00	0.00	0.90	40	NO_WAIT	0	965372.02	6	132	216	408	701	|	0	0	0	0	0	|	0
1.00	0.00	0.90	44	NO_WAIT	0	894487.96	6	168	263	469	776	|	0	0	0	0	0	|	0
1.00	0.00	0.90	48	NO_WAIT	0	844108.02	6	199	311	552	895	|	0	0	0	0	0	|	0
1.00	0.00	0.90	52	NO_WAIT	0	836894.61	6	193	357	732	1305	|	0	0	0	0	0	|	0
1.00	0.00	0.90	56	NO_WAIT	0	814052.76	6	232	384	750	1306	|	0	0	0	0	0	|	0
1.00	0.00	0.90	60	NO_WAIT	0	740729.30	6	288	461	842	1406	|	0	0	0	0	0	|	0
1.00	0.00	0.90	64	NO_WAIT	0	699524.60	6	328	527	970	1628	|	0	0	0	0	0	|	0
