uniform, w/o log
Rd	Wt	Zip	T	CC	TP	P50	P90	P99	P999	Abt
0.50	0.50	0.10	1	NO_WAIT	0	54549.98	COMMIT	216994	3987286	0	3796716	144513	ABORT	0	0	0	0	0	0	18	21	25	34	0	0	0	0	0.00	
0.50	0.50	0.10	4	NO_WAIT	0	171495.96	COMMIT	195222	3987954	0	3813978	130150	ABORT	5	59	0	15	32	4	22	30	34	43	0	0	0	0	0.00	
0.50	0.50	0.10	8	NO_WAIT	0	327860.20	COMMIT	186985	3987805	0	3821835	124683	ABORT	32	337	0	79	218	22	23	32	36	44	0	0	0	0	0.00	
0.50	0.50	0.10	12	NO_WAIT	0	483243.08	COMMIT	183272	3987403	0	3823636	122824	ABORT	22	323	0	50	241	17	23	32	37	47	0	0	0	0	0.00	
0.50	0.50	0.10	16	NO_WAIT	0	627594.20	COMMIT	178666	3987959	0	3828200	120288	ABORT	39	414	0	122	245	27	24	33	39	48	0	0	0	1	0.00	
0.50	0.50	0.10	20	NO_WAIT	0	765911.45	COMMIT	174212	3987566	0	3830809	117730	ABORT	71	733	0	232	415	45	24	34	41	51	0	0	0	2	0.00	
0.50	0.50	0.10	24	NO_WAIT	0	888531.32	COMMIT	168027	3985287	0	3833826	113927	ABORT	58	703	0	194	430	46	25	36	43	55	0	0	0	2	0.00	
0.50	0.50	0.10	28	NO_WAIT	0	985577.61	COMMIT	159271	3987857	0	3842731	108645	ABORT	78	932	0	255	565	65	27	38	47	59	0	0	0	2	0.00	
0.50	0.50	0.10	32	NO_WAIT	0	1063108.97	COMMIT	147969	3987709	0	3852279	101622	ABORT	112	1448	0	403	879	106	29	41	50	64	0	0	0	2	0.00	
0.50	0.50	0.10	36	NO_WAIT	0	1125106.12	COMMIT	138197	3987896	0	3854826	99151	ABORT	86	1115	0	337	659	73	31	43	54	70	0	0	0	3	0.00	
0.50	0.50	0.10	1	WAIT_DIE	0	53843.43	COMMIT	214281	3990516	0	3711686	132351	ABORT	0	0	0	0	0	0	18	22	25	34	0	0	0	0	0.00	
0.50	0.50	0.10	4	WAIT_DIE	0	168935.94	COMMIT	191895	3991233	27	3741249	131819	ABORT	11	126	0	22	85	7	22	31	35	43	0	0	0	0	0.00	
0.50	0.50	0.10	8	WAIT_DIE	0	326816.67	COMMIT	185462	3991366	74	3790091	123938	ABORT	12	117	0	35	62	9	23	31	36	45	0	0	0	0	0.00	
0.50	0.50	0.10	12	WAIT_DIE	0	476330.34	COMMIT	180518	3987365	36	3791268	112760	ABORT	34	387	0	167	178	16	24	32	38	46	0	0	0	0	0.00	
0.50	0.50	0.10	16	WAIT_DIE	0	618852.49	COMMIT	175163	3990942	65	3783819	113977	ABORT	34	385	0	81	251	20	24	34	40	49	0	0	0	0	0.00	
0.50	0.50	0.10	20	WAIT_DIE	0	754323.12	COMMIT	171505	3986888	86	3792866	110080	ABORT	37	418	0	106	251	27	25	35	42	52	0	0	0	1	0.00	
0.50	0.50	0.10	24	WAIT_DIE	0	874727.93	COMMIT	165255	3986439	111	3809371	104394	ABORT	28	344	0	68	232	18	26	36	44	54	0	0	0	1	0.00	
0.50	0.50	0.10	28	WAIT_DIE	0	971457.80	COMMIT	156742	3989329	136	3806576	107327	ABORT	59	675	0	160	416	44	27	38	47	59	0	0	0	1	0.00	
0.50	0.50	0.10	32	WAIT_DIE	0	1049518.42	COMMIT	146916	3984439	162	3808201	101220	ABORT	34	394	0	113	222	24	29	41	51	64	0	0	0	2	0.00	
0.50	0.50	0.10	36	WAIT_DIE	0	1108913.87	COMMIT	136178	3990674	190	3798857	93983	ABORT	39	476	0	149	253	33	31	44	55	70	0	0	0	2	0.00	
0.50	0.50	0.10	1	WOUND_WAIT	0	53623.12	COMMIT	213369	3990562	0	3710448	131264	ABORT	0	0	0	0	0	0	18	22	26	35	0	0	0	0	0.00	
0.50	0.50	0.10	4	WOUND_WAIT	0	169594.32	COMMIT	192370	3991310	56	3722444	131063	ABORT	0	0	0	0	0	0	22	31	34	42	0	0	0	0	0.00	
0.50	0.50	0.10	8	WOUND_WAIT	0	328094.41	COMMIT	185473	3990493	53	3739150	137727	ABORT	0	0	0	0	0	0	23	31	35	44	0	0	0	0	0.00	
0.50	0.50	0.10	12	WOUND_WAIT	0	478860.50	COMMIT	180326	3985242	147	3766378	120691	ABORT	0	0	0	0	0	0	24	32	38	47	0	0	0	0	0.00	
0.50	0.50	0.10	16	WOUND_WAIT	0	621942.23	COMMIT	176364	3990421	219	3778655	126194	ABORT	0	0	0	0	0	0	24	33	40	49	0	0	0	0	0.00	
0.50	0.50	0.10	20	WOUND_WAIT	0	758379.11	COMMIT	172266	3988839	190	3783531	120474	ABORT	0	0	0	0	0	0	25	35	41	52	0	0	0	0	0.00	
0.50	0.50	0.10	24	WOUND_WAIT	0	880759.88	COMMIT	166435	3985522	382	3791048	112871	ABORT	0	0	0	0	0	0	25	36	44	53	0	0	0	0	0.00	
0.50	0.50	0.10	28	WOUND_WAIT	0	976963.50	COMMIT	157564	3989288	365	3804650	101044	ABORT	0	0	0	0	0	0	27	38	47	58	0	0	0	0	0.00	
0.50	0.50	0.10	32	WOUND_WAIT	0	1058278.61	COMMIT	148291	3989060	633	3812717	102067	ABORT	0	0	0	0	0	0	29	41	50	62	0	0	0	0	0.00	
0.50	0.50	0.10	36	WOUND_WAIT	0	1118622.06	COMMIT	136890	3990098	555	3804948	102259	ABORT	0	0	0	0	0	0	31	43	54	69	0	0	0	0	0.00	
0.50	0.50	0.10	1	DLOCK	0	52960.00	COMMIT	210390	3990302	0	3394895	530167	ABORT	0	0	0	0	0	0	18	22	26	39	0	0	0	0	0.00	
0.50	0.50	0.10	4	DLOCK	0	171174.34	COMMIT	190982	3991277	20	3373008	529878	ABORT	0	0	0	0	0	0	22	29	34	42	0	0	0	0	0.00	
0.50	0.50	0.10	8	DLOCK	0	323137.38	COMMIT	181793	3991473	11	3345015	534430	ABORT	0	0	0	0	0	0	23	31	36	44	0	0	0	0	0.00	
0.50	0.50	0.10	12	DLOCK	0	480009.52	COMMIT	180305	3991205	36	3383797	523691	ABORT	0	0	0	0	0	0	24	32	38	47	0	0	0	0	0.00	
0.50	0.50	0.10	16	DLOCK	0	618639.08	COMMIT	174772	3991566	6	3329328	539055	ABORT	0	0	0	0	0	0	24	33	40	50	0	0	0	0	0.00	
0.50	0.50	0.10	20	DLOCK	0	722962.19	COMMIT	163965	3989697	118	3386159	525093	ABORT	0	0	0	0	0	0	26	36	43	54	0	0	0	0	0.00	
0.50	0.50	0.10	24	DLOCK	0	803994.45	COMMIT	151148	3990585	121	3393160	526800	ABORT	0	0	0	0	0	0	28	39	48	59	0	0	0	0	0.00	
0.50	0.50	0.10	28	DLOCK	0	862236.51	COMMIT	138364	3990209	183	3373213	545469	ABORT	0	0	0	0	0	0	31	42	52	65	0	0	0	0	0.00	
0.50	0.50	0.10	32	DLOCK	0	910149.27	COMMIT	126159	3989724	258	3361231	560644	ABORT	0	0	0	0	0	0	34	45	58	72	0	0	0	0	0.00	
0.50	0.50	0.10	36	DLOCK	0	939115.23	COMMIT	113951	3992211	132	3347042	577488	ABORT	0	0	0	0	0	0	37	49	64	81	0	0	0	0	0.00	
0.50	0.50	0.10	1	HLOCK	0	51511.73	COMMIT	205100	3987373	95889	3302121	602686	ABORT	0	0	0	0	0	0	19	23	27	41	0	0	0	0	0.00	
0.50	0.50	0.10	4	HLOCK	0	166275.47	COMMIT	184795	3988456	94227	3298816	598112	ABORT	0	0	0	0	0	0	23	31	35	44	0	0	0	0	0.00	
0.50	0.50	0.10	8	HLOCK	0	325755.46	COMMIT	182298	3988152	95295	3283418	614333	ABORT	1	22	0	2	15	0	23	31	37	47	0	0	0	0	0.00	
0.50	0.50	0.10	12	HLOCK	0	468454.02	COMMIT	176696	3988194	93681	3285294	612165	ABORT	5	88	0	5	68	5	24	33	39	50	0	0	0	0	0.00	
0.50	0.50	0.10	16	HLOCK	0	605199.02	COMMIT	171564	3988644	94854	3286324	615305	ABORT	7	123	0	11	91	6	25	34	42	53	0	0	0	0	0.00	
0.50	0.50	0.10	20	HLOCK	0	714240.20	COMMIT	163366	3988517	90109	3295265	608987	ABORT	5	98	0	9	73	4	26	37	45	58	0	0	0	0	0.00	
0.50	0.50	0.10	24	HLOCK	0	800001.74	COMMIT	150369	3989193	86120	3309881	598349	ABORT	6	133	0	11	103	6	28	39	49	63	0	0	0	0	0.00	
0.50	0.50	0.10	28	HLOCK	0	861473.87	COMMIT	138444	3989730	81058	3320709	590930	ABORT	9	203	0	19	157	9	31	43	55	71	0	0	0	0	0.00	
0.50	0.50	0.10	32	HLOCK	0	907351.26	COMMIT	126325	3989901	77156	3334323	582612	ABORT	9	249	1	16	203	14	34	46	60	77	0	0	0	0	0.00	
0.50	0.50	0.10	36	HLOCK	0	930849.90	COMMIT	113801	3988798	75793	3336143	581037	ABORT	7	195	0	12	157	9	37	51	67	85	0	0	0	0	0.00	
0.50	0.50	0.10	1	SILO	0	56622.90	COMMIT	225513	3986138	0	3694749	242008	ABORT	0	0	0	0	0	0	17	21	24	39	0	0	0	0	0.00	
0.50	0.50	0.10	4	SILO	0	174246.86	COMMIT	198302	3987548	0	3671360	270874	ABORT	4	95	0	8	77	3	21	30	34	42	0	0	0	0	0.00	
0.50	0.50	0.10	8	SILO	0	332311.92	COMMIT	190120	3987720	0	3642836	301758	ABORT	7	164	0	14	134	6	22	31	36	45	0	0	0	0	0.00	
0.50	0.50	0.10	12	SILO	0	474234.13	COMMIT	181620	3987777	0	3624636	322057	ABORT	12	272	0	16	231	10	23	33	39	49	0	0	0	0	0.00	
0.50	0.50	0.10	16	SILO	0	582879.19	COMMIT	167210	3988428	0	3624921	326176	ABORT	12	305	0	21	257	9	25	36	43	56	0	0	0	0	0.00	
0.50	0.50	0.10	20	SILO	0	642698.75	COMMIT	146263	3989441	0	3625040	330836	ABORT	18	511	0	29	437	19	29	41	48	60	0	0	0	1	0.00	
0.50	0.50	0.10	24	SILO	0	676744.87	COMMIT	126738	3990003	0	3637229	323494	ABORT	20	660	0	31	579	19	34	46	55	70	0	0	0	1	0.00	
0.50	0.50	0.10	28	SILO	0	701018.57	COMMIT	111281	3990567	0	3643553	320346	ABORT	24	910	0	40	799	28	38	51	61	76	0	0	0	1	0.00	
0.50	0.50	0.10	32	SILO	0	714504.27	COMMIT	98420	3991246	0	3651151	315873	ABORT	16	643	0	26	563	20	43	58	74	150	0	0	0	1	0.00	
0.50	0.50	0.10	36	SILO	0	726346.37	COMMIT	87227	3991390	0	3649167	316222	ABORT	11	533	0	20	471	11	48	62	78	99	0	0	0	1	0.00	
0.50	0.50	0.99	1	NO_WAIT	0	85534.91	COMMIT	341405	3979072	0	3677389	218420	ABORT	0	0	0	0	0	0	11	16	18	29	0	0	0	0	0.00	
0.50	0.50	0.99	4	NO_WAIT	0	105496.20	COMMIT	109460	1528731	0	1391400	112995	ABORT	94365	2466684	0	1986928	398228	61413	17	309	2533	5894	0	7	13	21	0.46	
0.50	0.50	0.99	8	NO_WAIT	0	116322.76	COMMIT	58477	824285	0	744877	67592	ABORT	76740	3166518	0	2790237	310770	49419	19	1430	4823	8883	0	11	19	29	0.57	
0.50	0.50	0.99	12	NO_WAIT	0	121709.61	COMMIT	40595	573694	0	513479	50747	ABORT	65319	3419570	0	3101886	259351	43093	20	2247	6246	11100	0	13	23	36	0.61	
0.50	0.50	0.99	16	NO_WAIT	0	125211.15	COMMIT	33077	466711	0	417447	42358	ABORT	59185	3527199	0	3246566	230377	38280	20	2925	7643	12796	0	15	27	40	0.64	
0.50	0.50	0.99	20	NO_WAIT	0	126736.52	COMMIT	24734	351062	0	311658	32942	ABORT	50069	3642763	0	3405031	193590	32807	21	3575	9028	15639	1	16	31	49	0.67	
0.50	0.50	0.99	24	NO_WAIT	0	128311.69	COMMIT	21036	300042	0	266823	28743	ABORT	45895	3694855	0	3476177	178989	30595	22	4093	10068	17176	1	18	33	51	0.69	
0.50	0.50	0.99	28	NO_WAIT	0	129538.85	COMMIT	17792	252084	0	223275	25042	ABORT	43018	3743037	0	3542723	163985	28057	22	4601	11088	18721	1	19	36	56	0.70	
0.50	0.50	0.99	32	NO_WAIT	0	130892.54	COMMIT	16108	228553	0	202263	22725	ABORT	41364	3766552	0	3573047	157876	27119	23	5110	11745	20223	1	20	38	60	0.72	
0.50	0.50	0.99	36	NO_WAIT	0	131539.75	COMMIT	15698	226353	0	199756	23100	ABORT	41428	3767966	0	3571721	159539	27688	23	5580	12843	22101	1	22	41	65	0.73	
0.50	0.50	0.99	1	WAIT_DIE	0	84907.11	COMMIT	338786	3979496	0	3632824	216805	ABORT	0	0	0	0	0	0	11	16	18	30	0	0	0	0	0.00	
0.50	0.50	0.99	4	WAIT_DIE	0	128678.58	COMMIT	131122	2319022	353924	2075280	175702	ABORT	133723	1664017	16589	976308	538285	84546	21	104	392	2808	0	5	7	12	0.50	
0.50	0.50	0.99	8	WAIT_DIE	0	146151.83	COMMIT	74012	1600182	477725	1436448	128812	ABORT	172056	2384082	81644	1476922	718058	109842	35	237	370	559	2	7	8	8	0.70	
0.50	0.50	0.99	12	WAIT_DIE	0	144215.01	COMMIT	48491	1198311	445065	1079507	92398	ABORT	143529	2787860	111428	1968146	644306	95512	46	449	723	1054	3	8	9	10	0.75	
0.50	0.50	0.99	16	WAIT_DIE	0	143567.50	COMMIT	35793	948501	395651	860849	70484	ABORT	120963	3040761	124874	2330452	572934	80993	54	675	1116	1349	3	9	9	10	0.77	
0.50	0.50	0.99	20	WAIT_DIE	0	140774.45	COMMIT	28155	798733	358621	727111	57645	ABORT	103291	3190990	131556	2555913	513735	70957	61	989	1349	1672	4	9	10	11	0.79	
0.50	0.50	0.99	24	WAIT_DIE	0	138784.32	COMMIT	23516	693780	323700	632551	49621	ABORT	92090	3296043	129884	2712717	473975	63404	68	1180	1591	1901	4	10	11	12	0.80	
0.50	0.50	0.99	28	WAIT_DIE	0	136335.45	COMMIT	19896	617347	302690	564430	42756	ABORT	81863	3374851	130402	2843360	435475	56645	75	1351	1796	2104	4	10	11	12	0.81	
0.50	0.50	0.99	32	WAIT_DIE	0	134884.26	COMMIT	16905	543248	275490	497618	37000	ABORT	73530	3448680	129586	2959551	401798	51008	82	1527	1967	2334	5	10	12	13	0.81	
0.50	0.50	0.99	36	WAIT_DIE	0	133147.61	COMMIT	14956	504112	261594	462623	33870	ABORT	67434	3486955	128827	3023402	382208	47752	89	1692	2154	2493	5	11	12	14	0.82	
0.50	0.50	0.99	1	WOUND_WAIT	0	84772.41	COMMIT	338280	3979462	0	3631339	216489	ABORT	0	0	0	0	0	0	11	16	18	29	0	0	0	0	0.00	
0.50	0.50	0.99	4	WOUND_WAIT	0	144616.89	COMMIT	146698	3514399	1086172	3202066	232632	ABORT	20610	474897	150918	90494	333179	39875	23	71	153	436	0	2	4	7	0.11	
0.50	0.50	0.99	8	WOUND_WAIT	0	151452.94	COMMIT	76790	3077254	1773910	2882727	154776	ABORT	31614	915544	471160	81337	754512	63012	50	124	172	321	0	3	5	6	0.29	
0.50	0.50	0.99	12	WOUND_WAIT	0	141275.00	COMMIT	47410	2605114	1784727	2470520	108578	ABORT	35915	1388719	839625	134990	1159192	74251	86	196	300	526	0	5	6	8	0.43	
0.50	0.50	0.99	16	WOUND_WAIT	0	132666.89	COMMIT	33353	2264120	1687232	2163423	83690	ABORT	36250	1730685	1114238	201102	1433277	77637	125	276	462	947	0	6	7	9	0.52	
0.50	0.50	0.99	20	WOUND_WAIT	0	124385.96	COMMIT	25027	2001520	1560711	1919843	68179	ABORT	35397	1993584	1317205	261936	1634388	78186	167	371	713	1495	1	7	8	10	0.59	
0.50	0.50	0.99	24	WOUND_WAIT	0	117888.43	COMMIT	19673	1769329	1418691	1701035	57338	ABORT	34080	2226036	1484233	338952	1791889	76712	211	480	1045	2059	1	7	9	11	0.63	
0.50	0.50	0.99	28	WOUND_WAIT	0	112104.08	COMMIT	16012	1619169	1328788	1559980	49642	ABORT	32339	2376186	1591803	394861	1889669	74202	259	614	1383	2417	1	8	10	12	0.67	
0.50	0.50	0.99	32	WOUND_WAIT	0	107562.82	COMMIT	13465	1492267	1245038	1441367	43171	ABORT	30150	2503109	1678438	453991	1961046	71427	306	765	1602	2702	2	8	10	13	0.69	
0.50	0.50	0.99	36	WOUND_WAIT	0	103055.22	COMMIT	11387	1352425	1138583	1306704	39188	ABORT	29092	2642155	1750439	526092	2029830	69178	358	935	1839	2771	2	9	11	13	0.72	
0.50	0.50	0.99	1	DLOCK	0	85352.49	COMMIT	340423	3978858	0	3396078	454151	ABORT	0	0	0	0	0	0	11	16	18	30	0	0	0	0	0.00	
0.50	0.50	0.99	4	DLOCK	0	200544.07	COMMIT	208258	3798807	517356	3102772	579962	ABORT	11468	186740	56799	23662	143225	12974	17	48	80	131	0	1	3	4	0.05	
0.50	0.50	0.99	8	DLOCK	0	260942.74	COMMIT	132338	3341619	1151107	2838571	429759	ABORT	26145	647699	241944	171545	433027	28519	21	97	269	1651	0	3	5	10	0.16	
0.50	0.50	0.99	12	DLOCK	0	274344.82	COMMIT	93289	3209757	1636992	2780785	378311	ABORT	34437	780681	378137	114081	609495	38535	29	129	163	243	0	4	6	7	0.27	
0.50	0.50	0.99	16	DLOCK	0	278866.10	COMMIT	70453	2947675	1731697	2580856	328418	ABORT	39198	1043466	543285	187478	789193	45816	40	170	236	415	0	5	7	8	0.35	
0.50	0.50	0.99	20	DLOCK	0	274171.23	COMMIT	55213	2773553	1765495	2443952	297744	ABORT	39210	1218218	655225	248242	900774	48597	53	219	336	607	0	6	7	9	0.41	
0.50	0.50	0.99	24	DLOCK	0	272686.70	COMMIT	45718	2608375	1740695	2304620	276548	ABORT	39620	1383746	743242	320182	989881	52103	66	270	452	949	0	6	8	9	0.46	
0.50	0.50	0.99	28	DLOCK	0	
0.50	0.50	0.99	32	DLOCK	0	278327.13	COMMIT	34921	2359828	1684076	2099158	240205	ABORT	39545	1633218	862107	462158	1094605	55168	89	371	725	1320	0	7	9	10	0.52	
0.50	0.50	0.99	36	DLOCK	0	276932.32	COMMIT	30848	2262012	1640153	2010717	232980	ABORT	38182	1730477	891488	535637	1116729	57214	101	437	935	1499	0	8	9	10	0.55	
0.50	0.50	0.99	1	HLOCK	0	79052.30	COMMIT	314954	3981126	141571	3128348	727668	ABORT	0	0	0	0	0	0	12	17	20	33	0	0	0	0	0.00	
0.50	0.50	0.99	4	HLOCK	0	192755.92	COMMIT	198154	3186924	155135	2246989	837460	ABORT	55533	797143	12606	147935	505776	113935	19	41	78	178	0	2	4	5	0.19	
0.50	0.50	0.99	8	HLOCK	0	289607.88	COMMIT	149220	2416713	171208	1555778	785235	ABORT	92523	1567860	39831	520036	800559	198470	23	66	223	2504	0	3	6	11	0.38	
0.50	0.50	0.99	12	HLOCK	0	331054.76	COMMIT	121335	1982752	206560	1149042	770953	ABORT	130042	2000249	121569	493271	1071811	362501	30	90	352	3510	1	5	7	16	0.53	
0.50	0.50	0.99	16	HLOCK	0	301337.63	COMMIT	74706	1299197	213373	636200	624861	ABORT	149101	2685913	303092	821796	1155045	629668	44	163	249	344	2	6	7	8	0.66	
0.50	0.50	0.99	20	HLOCK	0	251530.11	COMMIT	48866	928522	194113	411738	490121	ABORT	131788	3058910	436634	1225604	992625	767094	61	287	452	645	2	7	8	9	0.72	
0.50	0.50	0.99	24	HLOCK	0	219483.53	COMMIT	34883	692556	160922	288584	385066	ABORT	113467	3296382	500350	1605763	824824	803722	76	438	675	993	3	8	9	9	0.75	
0.50	0.50	0.99	28	HLOCK	0	200319.44	COMMIT	26788	545224	128967	221462	309587	ABORT	98445	3445125	503224	1909239	705812	778282	90	607	979	1234	3	8	9	10	0.77	
0.50	0.50	0.99	32	HLOCK	0	179347.05	COMMIT	20856	448198	118080	175368	261145	ABORT	83442	3542591	521588	2111846	610577	773106	102	847	1233	1459	4	9	10	10	0.79	
0.50	0.50	0.99	36	HLOCK	0	169492.67	COMMIT	17309	379006	98345	146261	222804	ABORT	73602	3607095	495182	2303628	534791	723736	113	1071	1393	1678	4	9	10	11	0.80	
0.50	0.50	0.99	1	SILO	0	86692.08	COMMIT	346239	3978834	0	3541384	363087	ABORT	0	0	0	0	0	0	11	15	18	31	0	0	0	0	0.00	
0.50	0.50	0.99	4	SILO	0	184727.10	COMMIT	201748	2504793	0	2068209	384904	ABORT	93294	1476810	0	280379	1092243	76014	19	51	115	413	0	3	5	6	0.33	
0.50	0.50	0.99	8	SILO	0	255045.10	COMMIT	140237	1593238	0	1274632	288105	ABORT	116259	2393909	0	1036669	1235622	92974	22	110	848	4304	1	5	8	12	0.47	
0.50	0.50	0.99	12	SILO	0	309451.05	COMMIT	104170	1148077	0	899245	224903	ABORT	115851	2834953	0	1536719	1175144	90899	24	187	1977	5355	1	6	12	19	0.53	
0.50	0.50	0.99	16	SILO	0	346859.98	COMMIT	91456	991852	0	769333	204168	ABORT	118814	2994038	0	1700761	1174552	93366	25	347	3022	6616	1	8	15	24	0.57	
0.50	0.50	0.99	20	SILO	0	359209.45	COMMIT	75217	819331	0	630690	171321	ABORT	106831	3168204	0	1989230	1064162	85178	26	602	3940	8156	1	9	17	28	0.59	
0.50	0.50	0.99	24	SILO	0	368900.21	COMMIT	64745	711833	0	546319	150736	ABORT	98725	3276629	0	2187446	983490	79196	27	971	4757	9963	1	9	19	33	0.61	
0.50	0.50	0.99	28	SILO	0	376238.68	COMMIT	53744	587218	0	448081	126765	ABORT	87253	3402257	0	2452052	855423	70132	27	1274	5564	11451	1	10	21	36	0.62	
0.50	0.50	0.99	32	SILO	0	382934.23	COMMIT	49537	542943	0	413554	118047	ABORT	83605	3445875	0	2531993	823781	66845	28	1571	6159	12360	1	11	23	39	0.63	
0.50	0.50	0.99	36	SILO	0	389405.02	COMMIT	37597	415855	0	315571	91651	ABORT	69073	3574855	0	2828540	672567	55976	28	1851	6899	13815	1	12	25	43	0.64	
bimodal, w/o log
Rd	Wt	Zip	T	CC	TP	P50	P90	P99	P999	Abt
0.50	0.50	0.10	1	NO_WAIT	0	158180.38	COMMIT	629133	3963518	0	3638911	199071	ABORT	0	0	0	0	0	0	4	20	21	26	0	0	0	0	0.00	
0.50	0.50	0.10	4	NO_WAIT	0	518147.30	COMMIT	590973	3965061	0	3654925	186713	ABORT	1	7	0	2	1	0	5	27	30	34	0	0	0	0	0.00	
0.50	0.50	0.10	8	NO_WAIT	0	984365.99	COMMIT	562788	3965841	0	3670212	181388	ABORT	15	116	0	49	49	4	6	28	31	36	0	0	0	0	0.00	
0.50	0.50	0.10	12	NO_WAIT	0	1452682.57	COMMIT	553928	3965989	0	3672469	177859	ABORT	13	121	0	32	72	6	6	29	32	37	0	0	0	0	0.00	
0.50	0.50	0.10	16	NO_WAIT	0	1888577.06	COMMIT	538605	3967244	0	3683244	172900	ABORT	19	138	0	51	67	8	6	30	33	39	0	0	0	0	0.00	
0.50	0.50	0.10	20	NO_WAIT	0	2298221.45	COMMIT	523213	3968046	0	3689967	169325	ABORT	22	137	0	93	28	4	6	31	34	41	0	0	0	0	0.00	
0.50	0.50	0.10	24	NO_WAIT	0	2658975.48	COMMIT	503175	3968043	0	3696624	165903	ABORT	21	175	0	91	62	8	7	32	36	43	0	0	0	0	0.00	
0.50	0.50	0.10	28	NO_WAIT	0	2977105.07	COMMIT	481311	3968989	0	3707415	158904	ABORT	34	318	0	135	144	15	7	34	38	46	0	0	0	0	0.00	
0.50	0.50	0.10	32	NO_WAIT	0	3228767.98	COMMIT	452417	3970703	0	3722238	149868	ABORT	37	231	0	124	73	9	7	36	40	50	0	0	0	0	0.00	
0.50	0.50	0.10	36	NO_WAIT	0	3407420.64	COMMIT	418052	3971067	0	3732150	143452	ABORT	45	400	0	157	192	20	8	38	43	55	0	0	0	0	0.00	
0.50	0.50	0.10	1	WAIT_DIE	0	154084.68	COMMIT	613053	3964535	0	3563752	192020	ABORT	0	0	0	0	0	0	4	20	22	26	0	0	0	0	0.00	
0.50	0.50	0.10	4	WAIT_DIE	0	501849.72	COMMIT	569233	3965715	1	3522150	179669	ABORT	1	25	0	2	17	1	6	27	30	34	0	0	0	0	0.00	
0.50	0.50	0.10	8	WAIT_DIE	0	954953.90	COMMIT	543804	3966438	44	3542561	172755	ABORT	3	39	0	5	26	1	6	29	32	36	0	0	0	0	0.00	
0.50	0.50	0.10	12	WAIT_DIE	0	1407307.50	COMMIT	530476	3966566	33	3538372	172887	ABORT	4	27	0	6	15	1	6	29	32	38	0	0	0	0	0.00	
0.50	0.50	0.10	16	WAIT_DIE	0	1831181.04	COMMIT	519663	3968219	2	3553465	166682	ABORT	8	83	0	34	37	3	6	30	33	40	0	0	0	0	0.00	
0.50	0.50	0.10	20	WAIT_DIE	0	2230258.92	COMMIT	505448	3969109	68	3565454	163902	ABORT	10	70	0	23	29	5	7	31	34	42	0	0	0	0	0.00	
0.50	0.50	0.10	24	WAIT_DIE	0	2590758.79	COMMIT	487827	3966655	43	3571484	159710	ABORT	7	45	0	23	11	3	7	32	36	44	0	0	0	0	0.00	
0.50	0.50	0.10	28	WAIT_DIE	0	2890420.10	COMMIT	465322	3970517	38	3575201	152325	ABORT	14	135	0	72	42	6	7	34	38	47	0	0	0	0	0.00	
0.50	0.50	0.10	32	WAIT_DIE	0	3147380.67	COMMIT	440219	3971343	62	3603370	144920	ABORT	8	80	0	14	50	4	8	36	40	50	0	0	0	0	0.00	
0.50	0.50	0.10	36	WAIT_DIE	0	3337998.69	COMMIT	408670	3972422	58	3605670	140010	ABORT	10	92	0	38	32	5	8	38	43	55	0	0	0	0	0.00	
0.50	0.50	0.10	1	WOUND_WAIT	0	151858.45	COMMIT	604308	3964719	0	3557843	189689	ABORT	0	0	0	0	0	0	4	20	22	27	0	0	0	0	0.00	
0.50	0.50	0.10	4	WOUND_WAIT	0	501126.43	COMMIT	567683	3966109	1	3514714	179571	ABORT	0	0	0	0	0	0	6	27	30	35	0	0	0	0	0.00	
0.50	0.50	0.10	8	WOUND_WAIT	0	955401.89	COMMIT	544484	3963557	17	3539081	172317	ABORT	0	0	0	0	0	0	6	29	32	36	0	0	0	0	0.00	
0.50	0.50	0.10	12	WOUND_WAIT	0	1412584.26	COMMIT	533952	3966345	24	3540140	170822	ABORT	0	0	0	0	0	0	6	29	32	38	0	0	0	0	0.00	
0.50	0.50	0.10	16	WOUND_WAIT	0	1831439.65	COMMIT	519034	3968576	79	3545160	170104	ABORT	0	0	0	0	0	0	6	30	33	39	0	0	0	0	0.00	
0.50	0.50	0.10	20	WOUND_WAIT	0	2229753.32	COMMIT	504931	3967108	53	3547829	163214	ABORT	0	0	0	0	0	0	7	31	34	42	0	0	0	0	0.00	
0.50	0.50	0.10	24	WOUND_WAIT	0	2586173.06	COMMIT	488048	3969250	60	3563613	159999	ABORT	0	0	0	0	0	0	7	32	36	44	0	0	0	0	0.00	
0.50	0.50	0.10	28	WOUND_WAIT	0	2897420.92	COMMIT	465117	3970009	52	3566303	152735	ABORT	0	0	0	0	0	0	7	34	38	47	0	0	0	0	0.00	
0.50	0.50	0.10	32	WOUND_WAIT	0	3152178.24	COMMIT	441180	3971706	91	3589083	145965	ABORT	0	0	0	0	0	0	8	36	40	50	0	0	0	0	0.00	
0.50	0.50	0.10	36	WOUND_WAIT	0	3345862.53	COMMIT	408930	3972490	150	3597545	140131	ABORT	0	0	0	0	0	0	8	38	43	55	0	0	0	0	0.00	
0.50	0.50	0.10	1	DLOCK	0	148348.75	COMMIT	589931	3963999	0	3225117	522954	ABORT	0	0	0	0	0	0	5	21	22	27	0	0	0	0	0.00	
0.50	0.50	0.10	4	DLOCK	0	497326.56	COMMIT	559024	3965626	0	3162812	525927	ABORT	0	0	0	0	0	0	6	27	30	34	0	0	0	0	0.00	
0.50	0.50	0.10	8	DLOCK	0	949858.09	COMMIT	536868	3967554	17	3184869	527222	ABORT	0	0	0	0	0	0	6	29	31	36	0	0	0	0	0.00	
0.50	0.50	0.10	12	DLOCK	0	1406216.98	COMMIT	528801	3966662	15	3171231	537616	ABORT	0	0	0	0	0	0	6	29	32	38	0	0	0	0	0.00	
0.50	0.50	0.10	16	DLOCK	0	1807860.59	COMMIT	510267	3968807	17	3180800	537510	ABORT	0	0	0	0	0	0	7	30	33	41	0	0	0	0	0.00	
0.50	0.50	0.10	20	DLOCK	0	2141970.81	COMMIT	483522	3970191	76	3177411	534279	ABORT	0	0	0	0	0	0	7	32	35	44	0	0	0	0	0.00	
0.50	0.50	0.10	24	DLOCK	0	2404745.91	COMMIT	449810	3972122	27	3180797	537855	ABORT	0	0	0	0	0	0	7	34	38	47	0	0	0	0	0.00	
0.50	0.50	0.10	28	DLOCK	0	2613036.01	COMMIT	417181	3972957	37	3207337	546259	ABORT	0	0	0	0	0	0	8	37	41	51	0	0	0	0	0.00	
0.50	0.50	0.10	32	DLOCK	0	2738207.15	COMMIT	379475	3974980	37	3204330	552209	ABORT	0	0	0	0	0	0	9	40	44	57	0	0	0	0	0.00	
0.50	0.50	0.10	36	DLOCK	0	2816265.62	COMMIT	341630	3976179	62	3202724	557403	ABORT	0	0	0	0	0	0	10	43	48	63	0	0	0	0	0.00	
0.50	0.50	0.10	1	HLOCK	0	146827.32	COMMIT	584751	3965626	89550	3156597	584477	ABORT	0	0	0	0	0	0	5	21	23	28	0	0	0	0	0.00	
0.50	0.50	0.10	4	HLOCK	0	485507.71	COMMIT	544816	3967737	87756	3136619	570873	ABORT	0	0	0	0	0	0	6	28	31	36	0	0	0	0	0.00	
0.50	0.50	0.10	8	HLOCK	0	927075.34	COMMIT	522656	3967761	86385	3146410	568836	ABORT	1	27	0	2	19	1	6	30	33	38	0	0	0	0	0.00	
0.50	0.50	0.10	12	HLOCK	0	1391515.24	COMMIT	525202	3967560	90520	3127178	587411	ABORT	1	22	0	0	16	2	6	30	33	39	0	0	0	0	0.00	
0.50	0.50	0.10	16	HLOCK	0	1778678.58	COMMIT	502555	3969427	88107	3147064	577768	ABORT	1	27	0	2	17	2	6	31	35	43	0	0	0	0	0.00	
0.50	0.50	0.10	20	HLOCK	0	2125490.96	COMMIT	482122	3969715	90547	3142021	582608	ABORT	1	15	0	2	7	0	7	33	36	45	0	0	0	0	0.00	
0.50	0.50	0.10	24	HLOCK	0	2393264.30	COMMIT	451299	3971262	90967	3159003	577348	ABORT	4	97	0	8	75	7	7	35	39	50	0	0	0	0	0.00	
0.50	0.50	0.10	28	HLOCK	0	2585694.71	COMMIT	416146	3973117	82059	3188009	565936	ABORT	3	65	0	6	47	2	8	38	42	55	0	0	0	0	0.00	
0.50	0.50	0.10	32	HLOCK	0	2716491.46	COMMIT	377285	3974996	77784	3208429	557303	ABORT	1	32	0	2	24	0	9	40	46	61	0	0	0	0	0.00	
0.50	0.50	0.10	36	HLOCK	0	2811717.79	COMMIT	342441	3976179	71710	3221858	552204	ABORT	1	31	0	2	22	1	9	44	50	66	0	0	0	0	0.00	
0.50	0.50	0.10	1	SILO	0	163823.00	COMMIT	652206	3961903	0	3575228	252655	ABORT	0	0	0	0	0	0	4	19	21	26	0	0	0	0	0.00	
0.50	0.50	0.10	4	SILO	0	535041.95	COMMIT	609134	3963990	0	3574597	261838	ABORT	1	26	0	2	16	0	5	26	29	34	0	0	0	0	0.00	
0.50	0.50	0.10	8	SILO	0	1005567.06	COMMIT	577365	3964786	0	3570276	274799	ABORT	2	49	0	4	38	1	6	28	31	37	0	0	0	0	0.00	
0.50	0.50	0.10	12	SILO	0	1436784.99	COMMIT	551775	3966095	0	3562256	287845	ABORT	4	46	0	4	34	1	6	30	33	39	0	0	0	0	0.00	
0.50	0.50	0.10	16	SILO	0	1815874.10	COMMIT	521138	3967417	0	3564715	297200	ABORT	5	93	0	9	74	2	6	31	35	42	0	0	0	0	0.00	
0.50	0.50	0.10	20	SILO	0	2021897.18	COMMIT	460985	3971465	0	3572231	302954	ABORT	6	130	0	11	105	3	7	35	39	47	0	0	0	0	0.00	
0.50	0.50	0.10	24	SILO	0	2135203.49	COMMIT	400075	3974151	0	3584064	307007	ABORT	6	148	0	11	116	6	8	40	44	53	0	0	0	0	0.00	
0.50	0.50	0.10	28	SILO	0	2187806.65	COMMIT	348236	3976330	0	3591782	309996	ABORT	10	234	0	19	191	6	9	44	49	61	0	0	0	0	0.00	
0.50	0.50	0.10	32	SILO	0	2217192.30	COMMIT	305837	3975200	0	3594262	312149	ABORT	12	341	0	23	289	9	11	50	57	85	0	0	0	0	0.00	
0.50	0.50	0.10	36	SILO	0	2227428.30	COMMIT	267684	3979760	0	3593489	317356	ABORT	5	165	0	9	141	3	12	54	61	77	0	0	0	0	0.00	
0.50	0.50	0.99	1	NO_WAIT	0	238413.75	COMMIT	950794	3945074	0	3459189	297183	ABORT	0	0	0	0	0	0	3	13	16	20	0	0	0	0	0.00	
0.50	0.50	0.99	4	NO_WAIT	0	382197.19	COMMIT	420755	2209875	0	1943662	174575	ABORT	72324	1803216	0	1581208	177268	29636	4	42	298	2435	0	3	6	8	0.15	
0.50	0.50	0.99	8	NO_WAIT	0	434356.74	COMMIT	276198	1482843	0	1304629	123130	ABORT	72889	2495904	0	2273549	178226	30030	4	76	1228	8029	0	4	8	14	0.22	
0.50	0.50	0.99	12	NO_WAIT	0	498794.96	COMMIT	155699	844095	0	732065	80045	ABORT	63907	3141911	0	2946916	155259	26997	4	128	2166	9620	0	5	11	19	0.27	
0.50	0.50	0.99	16	NO_WAIT	0	556910.86	COMMIT	138377	762379	0	658985	74724	ABORT	66182	3223125	0	3018262	162139	28653	5	213	2997	13624	0	6	13	22	0.32	
0.50	0.50	0.99	20	NO_WAIT	0	597960.68	COMMIT	124813	694815	0	598430	70477	ABORT	68876	3505979	0	3288969	172463	30273	5	334	3679	11402	0	7	15	26	0.36	
0.50	0.50	0.99	24	NO_WAIT	0	651827.37	COMMIT	117476	655743	0	562800	69087	ABORT	72126	3332809	0	3109270	177899	31477	5	540	4209	10522	0	8	17	29	0.39	
0.50	0.50	0.99	28	NO_WAIT	0	695369.76	COMMIT	100781	571338	0	486330	64390	ABORT	73072	3450026	0	3218226	184947	32511	5	845	4734	9880	0	9	19	32	0.42	
0.50	0.50	0.99	32	NO_WAIT	0	704532.03	COMMIT	91512	521870	0	443042	59143	ABORT	70950	3465523	0	3239772	178925	31723	5	1060	5246	10759	0	10	21	35	0.44	
0.50	0.50	0.99	36	NO_WAIT	0	710752.85	COMMIT	82704	479102	0	405472	55734	ABORT	68091	3508121	0	3285720	175869	31203	5	1254	5759	11844	0	10	22	38	0.45	
0.50	0.50	0.99	1	WAIT_DIE	0	229938.35	COMMIT	917792	3946987	0	3352219	286022	ABORT	0	0	0	0	0	0	3	14	16	20	0	0	0	0	0.00	
0.50	0.50	0.99	4	WAIT_DIE	0	480149.15	COMMIT	495804	2943983	118089	2461896	235542	ABORT	69839	1020470	1834	786607	172292	28854	4	37	160	934	0	3	5	7	0.11	
0.50	0.50	0.99	8	WAIT_DIE	0	592702.26	COMMIT	336759	2187711	189215	1838829	193899	ABORT	96599	1791508	6463	1465689	242318	39562	5	80	430	3058	0	4	6	9	0.22	
0.50	0.50	0.99	12	WAIT_DIE	0	679077.50	COMMIT	256809	1841119	256794	1534612	177839	ABORT	110663	2128014	13644	1724837	297490	47727	5	138	672	2748	0	5	7	9	0.32	
0.50	0.50	0.99	16	WAIT_DIE	0	737673.42	COMMIT	189359	1545536	313677	1292894	159130	ABORT	125199	2432695	21941	1959679	358929	54365	5	214	957	2261	0	6	7	10	0.40	
0.50	0.50	0.99	20	WAIT_DIE	0	731940.23	COMMIT	148216	1364012	357227	1147614	143865	ABORT	129982	2614437	31937	2097097	398275	57552	6	277	1126	3163	0	7	8	9	0.47	
0.50	0.50	0.99	24	WAIT_DIE	0	728051.46	COMMIT	121743	1273144	412190	1077137	133579	ABORT	136755	2709735	44973	2144103	439260	61696	6	334	1046	3322	0	7	8	10	0.53	
0.50	0.50	0.99	28	WAIT_DIE	0	713119.59	COMMIT	102595	1231061	464353	1046276	129030	ABORT	143381	2760045	61754	2139439	483744	66315	6	404	827	1535	0	8	9	10	0.58	
0.50	0.50	0.99	32	WAIT_DIE	0	696830.20	COMMIT	88782	1123751	452017	962253	115303	ABORT	135422	2856482	70217	2248543	478100	62726	6	508	997	1317	0	8	9	10	0.61	
0.50	0.50	0.99	36	WAIT_DIE	0	685526.63	COMMIT	76554	1040549	451379	898164	102929	ABORT	124441	2944257	74813	2376312	450866	58687	7	601	1143	1485	0	8	9	10	0.62	
0.50	0.50	0.99	1	WOUND_WAIT	0	226732.87	COMMIT	904257	3947408	0	3343195	282777	ABORT	0	0	0	0	0	0	3	14	16	20	0	0	0	0	0.00	
0.50	0.50	0.99	4	WOUND_WAIT	0	547897.23	COMMIT	579405	3850492	435058	3254029	311415	ABORT	7539	114249	27486	18858	80459	10863	5	29	47	78	0	0	1	3	0.01	
0.50	0.50	0.99	8	WOUND_WAIT	0	708125.33	COMMIT	345430	3056480	812592	2629529	253824	ABORT	13991	978532	85462	763353	186456	21313	5	52	123	645	0	1	3	6	0.04	
0.50	0.50	0.99	12	WOUND_WAIT	0	799581.91	COMMIT	303778	3371593	1393224	2978421	245244	ABORT	17004	604268	137807	306146	261392	27603	5	72	164	1677	0	1	4	9	0.05	
0.50	0.50	0.99	16	WOUND_WAIT	0	796175.97	COMMIT	203563	3396885	1973446	3093068	201784	ABORT	14730	588919	187807	251644	303155	26485	6	96	192	2935	0	2	4	12	0.07	
0.50	0.50	0.99	20	WOUND_WAIT	0	782861.48	COMMIT	156626	3187647	2071839	2945585	162268	ABORT	12600	799151	200768	469482	300418	22581	6	117	235	4898	0	2	5	16	0.08	
0.50	0.50	0.99	24	WOUND_WAIT	0	747211.66	COMMIT	125085	3324176	2402943	3118065	141450	ABORT	12169	666096	250094	284728	351391	23548	7	138	265	4136	0	2	5	14	0.09	
0.50	0.50	0.99	28	WOUND_WAIT	0	715303.90	COMMIT	105978	3494949	2685290	3304222	131568	ABORT	11466	494396	309407	57061	407766	23219	8	160	229	1568	0	2	5	10	0.10	
0.50	0.50	0.99	32	WOUND_WAIT	0	704250.00	COMMIT	88785	3484873	2804793	3324654	111814	ABORT	11032	507115	350433	33480	445032	22531	10	179	233	320	0	3	5	6	0.11	
0.50	0.50	0.99	36	WOUND_WAIT	0	683263.62	COMMIT	76237	3447556	2849123	3306411	98810	ABORT	10855	544650	386230	34838	481068	22600	15	202	265	367	0	3	5	6	0.12	
0.50	0.50	0.99	1	DLOCK	0	226706.26	COMMIT	904024	3946881	0	3134661	488588	ABORT	0	0	0	0	0	0	3	14	16	19	0	0	0	0	0.00	
0.50	0.50	0.99	4	DLOCK	0	640638.48	COMMIT	683122	3931762	176538	2996576	613291	ABORT	3319	27720	3646	7997	16039	2018	4	22	32	46	0	0	1	3	0.01	
0.50	0.50	0.99	8	DLOCK	0	1042604.70	COMMIT	544429	3781767	529292	2914883	594975	ABORT	14524	183779	41291	65032	100785	10449	5	34	69	133	0	1	3	4	0.02	
0.50	0.50	0.99	12	DLOCK	0	1201838.76	COMMIT	431000	3362033	773007	2628897	508572	ABORT	17303	611242	66187	454793	135015	12440	5	50	118	426	0	1	4	6	0.04	
0.50	0.50	0.99	16	DLOCK	0	1282054.95	COMMIT	355023	3303057	1138887	2669617	457339	ABORT	21488	673656	122527	435169	210597	17127	5	71	177	1491	0	2	4	7	0.05	
0.50	0.50	0.99	20	DLOCK	0	1355228.01	COMMIT	328652	3356560	1369632	2762149	427413	ABORT	23085	620960	133470	369939	221724	17348	5	91	221	2288	0	2	5	9	0.07	
0.50	0.50	0.99	24	DLOCK	0	1328436.94	COMMIT	244388	3145735	1570161	2634712	381280	ABORT	23409	835915	152447	562859	242362	18416	5	117	302	3289	0	3	6	12	0.09	
0.50	0.50	0.99	28	DLOCK	0	1320620.60	COMMIT	187773	2931567	1685599	2504421	334626	ABORT	24175	1054316	190162	744067	278583	19956	5	136	403	6151	0	4	6	17	0.11	
0.50	0.50	0.99	32	DLOCK	0	1324866.21	COMMIT	164136	2799877	1691722	2404414	308777	ABORT	25315	1184711	199287	860463	289281	21931	5	150	426	6793	0	4	7	16	0.13	
0.50	0.50	0.99	36	DLOCK	0	1328922.76	COMMIT	184170	3255288	2017352	2803494	354542	ABORT	28592	728904	242427	345161	344510	24523	5	172	481	7494	0	5	7	20	0.15	
0.50	0.50	0.99	1	HLOCK	0	214365.42	COMMIT	855914	3950285	128139	2928335	692234	ABORT	0	0	0	0	0	0	3	15	17	21	0	0	0	0	0.00	
0.50	0.50	0.99	4	HLOCK	0	566779.97	COMMIT	627769	3708733	141974	2621086	774399	ABORT	16534	252971	3639	104349	110452	29260	4	25	51	269	0	1	2	4	0.03	
0.50	0.50	0.99	8	HLOCK	0	791072.02	COMMIT	515851	3085095	145709	2132759	710081	ABORT	29243	881791	10641	634523	175377	57352	5	31	104	1602	0	1	3	6	0.05	
0.50	0.50	0.99	12	HLOCK	0	987090.49	COMMIT	461206	2775327	174318	1835743	730751	ABORT	41716	1192044	29133	844659	230353	96806	5	38	173	2753	0	2	4	8	0.09	
0.50	0.50	0.99	16	HLOCK	0	1106797.67	COMMIT	370775	2369628	215882	1486752	713152	ABORT	53034	1604765	91638	1114023	277082	187333	5	66	276	3515	0	3	5	8	0.14	
0.50	0.50	0.99	20	HLOCK	0	1148506.64	COMMIT	226984	1750771	287672	942536	691618	ABORT	68008	2226883	298756	1387478	346313	456262	5	162	760	4129	0	5	7	8	0.22	
0.50	0.50	0.99	24	HLOCK	0	1005708.09	COMMIT	159289	1427801	353600	649173	694899	ABORT	72628	2556531	572719	1383944	359160	775081	5	281	1059	3726	0	6	8	9	0.30	
0.50	0.50	0.99	28	HLOCK	0	733250.56	COMMIT	103711	1244106	473017	415013	776066	ABORT	73899	2744320	958395	1122874	366400	1218129	6	453	814	1494	0	7	9	10	0.41	
0.50	0.50	0.99	32	HLOCK	0	633855.80	COMMIT	74449	1038216	431526	300804	695623	ABORT	63582	2945327	1021800	1314829	318144	1275214	6	640	1134	1458	0	8	9	10	0.44	
0.50	0.50	0.99	36	HLOCK	0	578918.83	COMMIT	60454	914676	408967	247451	633373	ABORT	55521	3074696	1042692	1476321	282335	1285111	6	870	1426	1810	0	9	10	11	0.46	
0.50	0.50	0.99	1	SILO	0	244330.04	COMMIT	975462	3943155	0	3383008	363351	ABORT	0	0	0	0	0	0	3	13	15	20	0	0	0	0	0.00	
0.50	0.50	0.99	4	SILO	0	484989.19	COMMIT	557499	2746561	0	2253584	356032	ABORT	37989	1219133	0	860646	321951	26515	4	34	153	1569	0	1	3	5	0.07	
0.50	0.50	0.99	8	SILO	0	520290.28	COMMIT	280417	1415307	0	1159846	190496	ABORT	32373	2571748	0	2277479	263377	21436	4	42	293	4937	0	2	5	9	0.10	
0.50	0.50	0.99	12	SILO	0	564346.79	COMMIT	207667	983949	0	801128	137335	ABORT	28902	3754722	0	3511273	217692	18733	4	49	794	7760	0	2	7	14	0.13	
0.50	0.50	0.99	16	SILO	0	652082.19	COMMIT	204943	1005641	0	818512	144976	ABORT	33983	2978923	0	2693136	256687	21693	4	59	1501	9868	0	3	9	19	0.15	
0.50	0.50	0.99	20	SILO	0	730511.17	COMMIT	155815	772200	0	623046	115629	ABORT	33207	3233231	0	2956300	247990	21378	4	69	2177	12377	0	3	10	23	0.17	
0.50	0.50	0.99	24	SILO	0	801719.52	COMMIT	111479	555938	0	443068	87193	ABORT	31361	3438496	0	3181704	227930	20100	4	78	2831	13054	0	4	12	26	0.19	
0.50	0.50	0.99	28	SILO	0	868571.13	COMMIT	162327	817322	0	657326	124226	ABORT	37452	3220591	0	2906719	279472	24465	5	92	3349	14299	0	4	14	31	0.21	
0.50	0.50	0.99	32	SILO	0	944685.18	COMMIT	133339	677460	0	541689	106723	ABORT	37026	3309950	0	3002122	274362	24809	5	106	3977	14950	0	5	16	35	0.22	
0.50	0.50	0.99	36	SILO	0	1019001.87	COMMIT	101393	520600	0	410396	87162	ABORT	35596	3729274	0	3435236	261301	24094	5	119	4547	15312	0	5	17	38	0.24	
bimodal, w/o log
Rd	Wt	Zip	T	CC	TP	P50	P90	P99	P999	Abt
0.50	0.50	0.10	1	NO_WAIT	0	158163.41	COMMIT	629033	3963783	0	3639602	197136	ABORT	0	0	0	0	0	0	4	20	21	26	0	0	0	0	0.00	
0.50	0.50	0.10	4	NO_WAIT	0	509747.38	COMMIT	583040	3965238	0	3658505	185030	ABORT	2	10	0	4	2	0	6	28	31	35	0	0	0	0	0.00	
0.50	0.50	0.10	8	NO_WAIT	0	981951.44	COMMIT	561966	3965610	0	3668774	180386	ABORT	9	62	0	19	27	2	6	29	32	36	0	0	0	0	0.00	
0.50	0.50	0.10	12	NO_WAIT	0	1447240.54	COMMIT	548107	3954216	0	3658925	178682	ABORT	9	80	0	18	49	4	6	29	32	37	0	0	0	0	0.00	
0.50	0.50	0.10	16	NO_WAIT	0	1888530.49	COMMIT	538232	3967952	0	3685608	172820	ABORT	20	144	0	69	57	5	6	30	33	39	0	0	0	0	0.00	
0.50	0.50	0.10	20	NO_WAIT	0	2262825.09	COMMIT	515390	3967307	0	3678767	166905	ABORT	40	313	0	132	141	16	6	31	35	42	0	0	0	0	0.00	
0.50	0.50	0.10	24	NO_WAIT	0	2631680.43	COMMIT	495399	3968545	0	3697039	165576	ABORT	18	157	0	56	80	8	7	33	36	44	0	0	0	0	0.00	
0.50	0.50	0.10	28	NO_WAIT	0	2946772.14	COMMIT	476947	3969525	0	3712187	156743	ABORT	35	301	0	166	97	11	7	34	38	47	0	0	0	0	0.00	
0.50	0.50	0.10	32	NO_WAIT	0	3202325.45	COMMIT	450061	3971628	0	3711777	148828	ABORT	31	230	0	114	88	9	7	36	40	50	0	0	0	0	0.00	
0.50	0.50	0.10	36	NO_WAIT	0	3415893.87	COMMIT	417478	3971308	0	3729504	144925	ABORT	45	396	0	172	166	21	8	38	43	54	0	0	0	0	0.00	
0.50	0.50	0.10	1	WAIT_DIE	0	153613.81	COMMIT	610962	3964242	0	3564622	191928	ABORT	0	0	0	0	0	0	4	20	22	27	0	0	0	0	0.00	
0.50	0.50	0.10	4	WAIT_DIE	0	499898.03	COMMIT	564985	3967255	13	3500079	179057	ABORT	0	0	0	0	0	0	6	27	30	35	0	0	0	0	0.00	
0.50	0.50	0.10	8	WAIT_DIE	0	954719.94	COMMIT	543825	3966904	25	3544375	171927	ABORT	6	35	0	16	10	1	6	29	32	36	0	0	0	0	0.00	
0.50	0.50	0.10	12	WAIT_DIE	0	1405981.11	COMMIT	532468	3967365	13	3538778	170576	ABORT	5	51	0	11	31	2	6	29	32	38	0	0	0	0	0.00	
0.50	0.50	0.10	16	WAIT_DIE	0	1832144.71	COMMIT	519834	3968699	11	3561183	167451	ABORT	11	102	0	20	66	4	6	30	33	40	0	0	0	0	0.00	
0.50	0.50	0.10	20	WAIT_DIE	0	2227148.96	COMMIT	504704	3968926	21	3562123	165321	ABORT	17	116	0	64	33	5	7	31	34	42	0	0	0	0	0.00	
0.50	0.50	0.10	24	WAIT_DIE	0	2590420.67	COMMIT	487712	3968741	35	3574968	158472	ABORT	18	169	0	47	95	9	7	32	36	44	0	0	0	0	0.00	
0.50	0.50	0.10	28	WAIT_DIE	0	2889478.08	COMMIT	465745	3970781	75	3581519	153435	ABORT	13	122	0	49	55	4	7	34	38	47	0	0	0	0	0.00	
0.50	0.50	0.10	32	WAIT_DIE	0	3139668.18	COMMIT	438639	3969520	60	3597464	146248	ABORT	16	118	0	38	56	7	8	36	40	50	0	0	0	0	0.00	
0.50	0.50	0.10	36	WAIT_DIE	0	3332358.15	COMMIT	406784	3972591	54	3604221	140045	ABORT	15	140	0	47	68	5	8	38	43	55	0	0	0	0	0.00	
0.50	0.50	0.10	1	WOUND_WAIT	0	151327.39	COMMIT	601971	3964375	0	3544088	189438	ABORT	0	0	0	0	0	0	4	20	22	26	0	0	0	0	0.00	
0.50	0.50	0.10	4	WOUND_WAIT	0	500983.72	COMMIT	565653	3966467	4	3513850	180449	ABORT	0	0	0	0	0	0	6	27	30	34	0	0	0	0	0.00	
0.50	0.50	0.10	8	WOUND_WAIT	0	955505.35	COMMIT	544888	3966937	43	3541301	173292	ABORT	0	0	0	0	0	0	6	29	31	36	0	0	0	0	0.00	
0.50	0.50	0.10	12	WOUND_WAIT	0	1400489.32	COMMIT	523315	3968601	54	3488637	168374	ABORT	0	0	0	0	0	0	6	29	32	38	0	0	0	0	0.00	
0.50	0.50	0.10	16	WOUND_WAIT	0	1828920.03	COMMIT	517894	3969299	58	3538017	171449	ABORT	0	0	0	0	0	0	6	30	33	40	0	0	0	0	0.00	
0.50	0.50	0.10	20	WOUND_WAIT	0	2199639.62	COMMIT	499892	3966023	67	3560778	160347	ABORT	0	0	0	0	0	0	7	32	35	42	0	0	0	0	0.00	
0.50	0.50	0.10	24	WOUND_WAIT	0	2554083.88	COMMIT	482011	3968804	90	3558452	159239	ABORT	0	0	0	0	0	0	7	33	36	44	0	0	0	0	0.00	
0.50	0.50	0.10	28	WOUND_WAIT	0	2860242.93	COMMIT	460438	3971375	60	3562732	150672	ABORT	0	0	0	0	0	0	7	34	38	47	0	0	0	0	0.00	
0.50	0.50	0.10	32	WOUND_WAIT	0	3156210.45	COMMIT	440781	3971913	134	3588589	145007	ABORT	0	0	0	0	0	0	8	36	40	51	0	0	0	0	0.00	
0.50	0.50	0.10	36	WOUND_WAIT	0	3343853.92	COMMIT	410647	3970093	151	3593469	140704	ABORT	0	0	0	0	0	0	8	38	43	54	0	0	0	0	0.00	
0.50	0.50	0.10	1	DLOCK	0	149241.02	COMMIT	593878	3965048	0	3231506	522510	ABORT	0	0	0	0	0	0	5	20	22	27	0	0	0	0	0.00	
0.50	0.50	0.10	4	DLOCK	0	499853.42	COMMIT	561675	3966556	12	3176863	527092	ABORT	0	0	0	0	0	0	6	27	30	34	0	0	0	0	0.00	
0.50	0.50	0.10	8	DLOCK	0	949438.09	COMMIT	535849	3965851	3	3180305	526452	ABORT	0	0	0	0	0	0	6	29	31	36	0	0	0	0	0.00	
0.50	0.50	0.10	12	DLOCK	0	1401359.76	COMMIT	524768	3967291	46	3163545	537650	ABORT	0	0	0	0	0	0	6	29	32	38	0	0	0	0	0.00	
0.50	0.50	0.10	16	DLOCK	0	1805810.23	COMMIT	507938	3969246	19	3178665	539024	ABORT	0	0	0	0	0	0	7	30	33	41	0	0	0	0	0.00	
0.50	0.50	0.10	20	DLOCK	0	2149203.48	COMMIT	484229	3970421	23	3174042	537067	ABORT	0	0	0	0	0	0	7	32	35	43	0	0	0	0	0.00	
0.50	0.50	0.10	24	DLOCK	0	2404641.52	COMMIT	450186	3971763	26	3176939	538648	ABORT	0	0	0	0	0	0	7	34	39	64	0	0	0	0	0.00	
0.50	0.50	0.10	28	DLOCK	0	2603833.46	COMMIT	416431	3974229	65	3198098	546280	ABORT	0	0	0	0	0	0	8	37	41	51	0	0	0	0	0.00	
0.50	0.50	0.10	32	DLOCK	0	2740928.33	COMMIT	380084	3975297	100	3205634	550701	ABORT	0	0	0	0	0	0	9	40	44	57	0	0	0	0	0.00	
0.50	0.50	0.10	36	DLOCK	0	2813923.47	COMMIT	341528	3976653	17	3201030	556163	ABORT	0	0	0	0	0	0	10	43	48	63	0	0	0	0	0.00	
0.50	0.50	0.10	1	HLOCK	0	147889.17	COMMIT	588616	3965422	88844	3157100	583651	ABORT	0	0	0	0	0	0	5	21	23	27	0	0	0	0	0.00	
0.50	0.50	0.10	4	HLOCK	0	486172.61	COMMIT	546007	3967434	88243	3136134	573125	ABORT	0	0	0	0	0	0	6	28	31	36	0	0	0	0	0.00	
0.50	0.50	0.10	8	HLOCK	0	932805.73	COMMIT	525356	3968623	86319	3143402	569546	ABORT	0	0	0	0	0	0	6	30	32	38	0	0	0	0	0.00	
0.50	0.50	0.10	12	HLOCK	0	1394426.27	COMMIT	520087	3966028	89304	3126429	585537	ABORT	1	9	0	0	5	0	6	30	33	39	0	0	0	0	0.00	
0.50	0.50	0.10	16	HLOCK	0	1771917.78	COMMIT	500242	3969647	85179	3151254	571971	ABORT	0	0	0	0	0	0	6	32	35	43	0	0	0	0	0.00	
0.50	0.50	0.10	20	HLOCK	0	2130741.47	COMMIT	482925	3970317	85346	3155974	573307	ABORT	1	23	0	2	16	0	7	33	36	46	0	0	0	0	0.00	
0.50	0.50	0.10	24	HLOCK	0	2399477.37	COMMIT	451099	3971416	81454	3175080	567862	ABORT	1	20	0	2	12	0	7	35	39	49	0	0	0	0	0.00	
0.50	0.50	0.10	28	HLOCK	0	2563257.57	COMMIT	412714	3973086	76844	3192477	553890	ABORT	2	51	0	4	37	4	8	38	42	55	0	0	0	0	0.00	
0.50	0.50	0.10	32	HLOCK	0	2715105.67	COMMIT	379164	3974972	73177	3211534	551269	ABORT	2	54	0	4	39	3	9	40	46	60	0	0	0	0	0.00	
0.50	0.50	0.10	36	HLOCK	0	2817002.06	COMMIT	343095	3976106	68168	3219336	545196	ABORT	4	113	0	8	88	6	9	44	50	67	0	0	0	0	0.00	
0.50	0.50	0.10	1	SILO	0	162960.91	COMMIT	648759	3961596	0	3579209	246909	ABORT	0	0	0	0	0	0	4	19	21	26	0	0	0	0	0.00	
0.50	0.50	0.10	4	SILO	0	536670.92	COMMIT	611581	3962848	0	3574298	260580	ABORT	3	54	0	6	42	2	5	27	29	34	0	0	0	0	0.00	
0.50	0.50	0.10	8	SILO	0	1004659.95	COMMIT	574835	3963768	0	3564019	276941	ABORT	6	113	0	11	89	5	6	28	31	37	0	0	0	0	0.00	
0.50	0.50	0.10	12	SILO	0	1443065.53	COMMIT	551870	3966609	0	3562920	288365	ABORT	6	123	0	9	102	3	6	30	33	39	0	0	0	0	0.00	
0.50	0.50	0.10	16	SILO	0	1816265.82	COMMIT	518748	3967294	0	3559280	299459	ABORT	6	106	0	11	79	4	6	31	35	42	0	0	0	0	0.00	
0.50	0.50	0.10	20	SILO	0	2015437.98	COMMIT	457739	3971508	0	3572682	303653	ABORT	5	65	0	9	44	2	7	36	39	48	0	0	0	0	0.00	
0.50	0.50	0.10	24	SILO	0	2123793.19	COMMIT	397556	3974574	0	3581082	306112	ABORT	7	165	0	12	135	4	8	40	44	54	0	0	0	0	0.00	
0.50	0.50	0.10	28	SILO	0	2183634.29	COMMIT	346682	3977332	0	3593115	309608	ABORT	6	172	0	12	141	6	9	45	50	60	0	0	0	0	0.00	
0.50	0.50	0.10	32	SILO	0	2217849.58	COMMIT	305209	3978976	0	3599199	311477	ABORT	3	100	0	6	84	2	11	50	57	86	0	0	0	0	0.00	
0.50	0.50	0.10	36	SILO	0	2222330.73	COMMIT	266821	3980679	0	3595141	317510	ABORT	6	219	0	11	184	4	12	55	61	78	0	0	0	0	0.00	
0.50	0.50	0.99	1	NO_WAIT	0	238359.99	COMMIT	951017	3943918	0	3457832	296668	ABORT	0	0	0	0	0	0	3	13	16	19	0	0	0	0	0.00	
0.50	0.50	0.99	4	NO_WAIT	0	379759.13	COMMIT	415161	2196495	0	1933042	172087	ABORT	72637	1773615	0	1549154	179579	29651	4	44	322	2978	0	3	6	8	0.15	
0.50	0.50	0.99	8	NO_WAIT	0	429039.83	COMMIT	217237	1168958	0	1024935	99113	ABORT	63944	2918674	0	2724720	155162	26462	4	78	1229	7868	0	5	9	14	0.22	
0.50	0.50	0.99	12	NO_WAIT	0	498633.38	COMMIT	191924	1046851	0	911983	95083	ABORT	68945	2936742	0	2723994	170080	29096	5	128	2180	11016	0	5	11	19	0.27	
0.50	0.50	0.99	16	NO_WAIT	0	550797.21	COMMIT	150139	820126	0	709611	80193	ABORT	68929	3168666	0	2955775	168708	30148	5	204	2992	10767	0	6	13	23	0.32	
0.50	0.50	0.99	20	NO_WAIT	0	593429.44	COMMIT	141678	794537	0	685996	78755	ABORT	73479	3222072	0	2992502	182308	32327	5	346	3643	10072	0	7	16	26	0.36	
0.50	0.50	0.99	24	NO_WAIT	0	640948.15	COMMIT	113884	647734	0	555920	68319	ABORT	73233	3338767	0	3106732	185613	32147	5	568	4322	10167	0	8	18	29	0.40	
0.50	0.50	0.99	28	NO_WAIT	0	686129.12	COMMIT	100334	576188	0	492177	63315	ABORT	74679	3416956	0	3183546	186257	32624	5	880	4784	9950	0	9	19	33	0.43	
0.50	0.50	0.99	32	NO_WAIT	0	690205.55	COMMIT	89567	519819	0	441871	57208	ABORT	70399	3468117	0	3244030	177164	31403	5	1103	5323	10956	0	10	21	36	0.44	
0.50	0.50	0.99	36	NO_WAIT	0	702492.35	COMMIT	75742	443346	0	374728	52457	ABORT	62758	3546064	0	3338832	165027	29451	5	1269	5812	11953	0	10	22	39	0.45	
0.50	0.50	0.99	1	WAIT_DIE	0	229794.22	COMMIT	916805	3947344	0	3355044	284830	ABORT	0	0	0	0	0	0	3	14	16	19	0	0	0	0	0.00	
0.50	0.50	0.99	4	WAIT_DIE	0	468824.60	COMMIT	488815	2858611	102816	2401893	227914	ABORT	71405	1107069	1604	871093	175055	29185	4	36	159	1015	0	3	5	7	0.11	
0.50	0.50	0.99	8	WAIT_DIE	0	594279.29	COMMIT	335091	2175530	188363	1826402	192632	ABORT	96814	1797474	6501	1472147	241983	39704	5	79	463	3011	0	4	6	8	0.22	
0.50	0.50	0.99	12	WAIT_DIE	0	684258.82	COMMIT	252176	1787692	247737	1491970	172413	ABORT	113357	2182935	12097	1781396	297132	47718	5	138	657	2899	0	5	7	9	0.32	
0.50	0.50	0.99	16	WAIT_DIE	0	734534.28	COMMIT	187436	1516036	306733	1270298	157205	ABORT	126369	2462438	21225	1990060	360105	55018	5	216	963	2353	0	6	7	9	0.40	
0.50	0.50	0.99	20	WAIT_DIE	0	732222.23	COMMIT	148248	1369374	355375	1148038	146016	ABORT	130067	2610616	31139	2092929	397522	57906	6	278	1126	3193	0	7	8	9	0.47	
0.50	0.50	0.99	24	WAIT_DIE	0	723082.18	COMMIT	121316	1271754	405085	1074784	136117	ABORT	136350	2711600	47799	2141006	445106	61944	6	334	1062	3521	0	7	8	10	0.53	
0.50	0.50	0.99	28	WAIT_DIE	0	712409.68	COMMIT	103228	1228916	459832	1043423	127695	ABORT	143588	2757990	63607	2126805	491190	66180	6	405	820	1478	0	8	9	10	0.58	
0.50	0.50	0.99	32	WAIT_DIE	0	695760.50	COMMIT	88189	1126201	457971	964305	116233	ABORT	135007	2856317	69871	2254294	474593	63594	6	510	1003	1324	0	8	9	10	0.60	
0.50	0.50	0.99	36	WAIT_DIE	0	680631.93	COMMIT	76650	1050577	449714	902599	107011	ABORT	124426	2934267	72220	2358928	455047	60258	7	606	1153	1510	0	8	9	10	0.62	
0.50	0.50	0.99	1	WOUND_WAIT	0	224782.50	COMMIT	897229	3946526	0	3323205	280672	ABORT	0	0	0	0	0	0	3	14	16	19	0	0	0	0	0.00	
0.50	0.50	0.99	4	WOUND_WAIT	0	548673.80	COMMIT	582275	3878132	430413	3267575	316103	ABORT	5551	84005	19588	13109	59372	8502	5	28	47	77	0	0	1	3	0.01	
0.50	0.50	0.99	8	WOUND_WAIT	0	726689.87	COMMIT	376515	3364665	927616	2901299	272540	ABORT	14630	610782	98212	377233	202747	22989	5	52	121	683	0	1	3	7	0.04	
0.50	0.50	0.99	12	WOUND_WAIT	0	792899.65	COMMIT	291618	3393037	1442870	2997935	245406	ABORT	17754	586745	151528	266275	281609	29289	6	73	167	1638	0	1	4	9	0.05	
0.50	0.50	0.99	16	WOUND_WAIT	0	793795.59	COMMIT	202101	3382819	1957111	3074021	203519	ABORT	14851	602644	193680	257280	310594	26729	6	97	192	2745	0	2	4	12	0.07	
0.50	0.50	0.99	20	WOUND_WAIT	0	763298.81	COMMIT	153405	3229462	2118000	2990308	160599	ABORT	13326	758900	210581	409983	317858	24081	7	119	261	5389	0	2	5	16	0.08	
0.50	0.50	0.99	24	WOUND_WAIT	0	754340.34	COMMIT	130441	3244001	2297003	3036260	140386	ABORT	13197	745677	254435	352618	361453	24751	7	137	279	6060	0	2	5	17	0.09	
0.50	0.50	0.99	28	WOUND_WAIT	0	701453.51	COMMIT	99884	3497146	2721162	3313916	123934	ABORT	11023	491667	310603	57690	405750	21841	9	163	228	547	0	2	5	7	0.10	
0.50	0.50	0.99	32	WOUND_WAIT	0	704908.24	COMMIT	88832	3487012	2806768	3327633	112637	ABORT	11037	504798	348433	33091	443335	22449	10	179	233	324	0	3	5	6	0.11	
0.50	0.50	0.99	36	WOUND_WAIT	0	682779.76	COMMIT	76279	3448505	2851023	3308191	99637	ABORT	10729	543755	384969	36354	478733	22905	15	203	266	377	0	3	5	6	0.12	
0.50	0.50	0.99	1	DLOCK	0	227082.41	COMMIT	906239	3947559	0	3137909	490580	ABORT	0	0	0	0	0	0	3	14	16	20	0	0	0	0	0.00	
0.50	0.50	0.99	4	DLOCK	0	634304.75	COMMIT	675639	3929795	177583	2979843	609234	ABORT	3464	29181	3907	8794	16404	2112	4	22	33	46	0	0	1	3	0.01	
0.50	0.50	0.99	8	DLOCK	0	1035684.82	COMMIT	540378	3789920	542689	2914226	598382	ABORT	14016	176327	39258	62794	96153	10027	5	34	71	143	0	1	3	4	0.02	
0.50	0.50	0.99	12	DLOCK	0	1210674.27	COMMIT	447358	3529094	837826	2764035	532744	ABORT	19359	441203	77905	259187	157075	14687	5	50	118	490	0	1	4	6	0.04	
0.50	0.50	0.99	16	DLOCK	0	
0.50	0.50	0.99	20	DLOCK	0	1326809.75	COMMIT	303550	3259358	1375722	2676485	423458	ABORT	22434	719572	122709	480910	210187	17004	5	93	227	1665	0	2	5	9	0.07	
0.50	0.50	0.99	24	DLOCK	0	
0.50	0.50	0.99	28	DLOCK	0	1295220.25	COMMIT	184966	3009122	1757434	2569495	342266	ABORT	24780	976524	201804	646780	295772	21445	5	140	378	4580	0	4	6	14	0.12	
0.50	0.50	0.99	32	DLOCK	0	1300803.07	COMMIT	193594	3276124	1975906	2810679	364514	ABORT	28147	705936	241880	323068	345250	23155	5	152	349	4452	0	4	7	11	0.14	
0.50	0.50	0.99	36	DLOCK	0	
0.50	0.50	0.99	1	HLOCK	0	213206.25	COMMIT	850342	3948342	129402	2920619	694281	ABORT	0	0	0	0	0	0	3	15	17	21	0	0	0	0	0.00	
0.50	0.50	0.99	4	HLOCK	0	570977.57	COMMIT	624267	3701403	140942	2621888	764334	ABORT	15809	260536	3126	119369	105052	27762	4	25	52	267	0	1	2	4	0.03	
0.50	0.50	0.99	8	HLOCK	0	732586.76	COMMIT	475416	2883267	135163	1993808	669107	ABORT	28299	1086411	10396	842801	173332	56600	5	30	100	1517	0	1	3	6	0.05	
0.50	0.50	0.99	12	HLOCK	0	1015804.20	COMMIT	490981	2952459	181010	1959160	761137	ABORT	40899	1013290	27508	675441	224381	92667	5	38	174	2527	0	2	4	8	0.08	
0.50	0.50	0.99	16	HLOCK	0	1087455.72	COMMIT	353366	2258109	207040	1417078	680777	ABORT	51673	1730457	87031	1252878	273146	178972	5	63	255	3796	0	3	5	8	0.14	
0.50	0.50	0.99	20	HLOCK	0	1143442.71	COMMIT	227632	1750442	281707	951508	680158	ABORT	67439	2226627	299329	1389872	343984	455747	5	162	743	4149	0	5	7	8	0.22	
0.50	0.50	0.99	24	HLOCK	0	944126.15	COMMIT	149311	1446476	415211	615199	752879	ABORT	70742	2540222	640614	1285142	359553	858870	6	307	1037	3241	0	6	8	9	0.31	
0.50	0.50	0.99	28	HLOCK	0	757130.56	COMMIT	106582	1226694	437150	428735	741837	ABORT	75275	2762461	902062	1200069	370935	1152934	6	435	804	2165	0	7	9	10	0.40	
0.50	0.50	0.99	32	HLOCK	0	629474.52	COMMIT	73865	1040265	438992	302168	697811	ABORT	63304	2943227	1050751	1283900	319844	1303719	6	644	1135	1464	0	8	9	10	0.44	
0.50	0.50	0.99	36	HLOCK	0	592645.71	COMMIT	62334	915363	386398	256875	624107	ABORT	56990	3074323	1034629	1482639	288425	1273141	6	841	1386	1727	0	9	10	11	0.46	
0.50	0.50	0.99	1	SILO	0	242937.23	COMMIT	969873	3943573	0	3388199	358314	ABORT	0	0	0	0	0	0	3	13	16	20	0	0	0	0	0.00	
0.50	0.50	0.99	4	SILO	0	472650.34	COMMIT	529011	2582352	0	2130600	338046	ABORT	36108	1384169	0	1044807	305904	24976	4	33	140	1454	0	1	3	5	0.07	
0.50	0.50	0.99	8	SILO	0	490678.95	COMMIT	342550	1679713	0	1379232	225188	ABORT	33754	2297320	0	1994749	270675	22730	4	40	280	4320	0	2	5	9	0.10	
0.50	0.50	0.99	12	SILO	0	556870.35	COMMIT	261936	1262346	0	1029549	175061	ABORT	33818	2725938	0	2434799	260735	22266	4	49	744	7364	0	2	7	14	0.13	
0.50	0.50	0.99	16	SILO	0	648059.15	COMMIT	135621	663065	0	534571	100085	ABORT	28653	3594340	0	3358390	211002	18752	4	57	1418	9919	0	3	8	19	0.15	
0.50	0.50	0.99	20	SILO	0	744085.29	COMMIT	190690	940833	0	762079	139050	ABORT	36711	3044804	0	2735814	276611	24195	4	69	2245	13438	0	3	10	23	0.17	
0.50	0.50	0.99	24	SILO	0	797947.87	COMMIT	162956	798023	0	643697	119786	ABORT	35572	3440031	0	3146605	262784	22635	4	77	2765	13391	0	4	12	27	0.19	
0.50	0.50	0.99	28	SILO	0	869437.48	COMMIT	121126	619299	0	494881	96632	ABORT	34027	3369538	0	3084691	253286	22335	5	94	3406	14586	0	4	14	31	0.21	
0.50	0.50	0.99	32	SILO	0	949351.08	COMMIT	117774	591981	0	471970	93845	ABORT	35315	3749830	0	3459161	259449	22871	4	105	3977	14906	0	5	16	34	0.22	
0.50	0.50	0.99	36	SILO	0	1017809.36	COMMIT	120764	621900	0	492308	101361	ABORT	37576	3364446	0	3048883	280488	25261	5	118	4495	15927	0	5	17	39	0.24	
