bimodal, w/o log (stored procedure)
Rd	Wt	Zip	T	CC	TP	P50	P90	P99	P999	Abt
0.50	0.50	0.99	1	WOUND_WAIT	0	98371.34	COMMIT	391227	3979004	0	0	3592057	262889	ABORT	0	0	0	0	0	0	0	9	14	16	25	0	0	0	0	0.00	
0.50	0.50	0.99	2	WOUND_WAIT	0	236680.69	COMMIT	286833	3446397	68591	0	3079908	265632	ABORT	42692	535634	13308	0	141727	316567	63663	12	34	69	250	0	2	4	5	0.05	
0.50	0.50	0.99	3	WOUND_WAIT	0	394320.65	COMMIT	166518	2039781	84288	0	1813449	166826	ABORT	61845	1958390	43091	0	1423791	440454	74855	13	69	380	2607	0	4	7	9	0.05	
0.50	0.50	0.99	5	WOUND_WAIT	0	654087.65	COMMIT	75352	1072716	96691	0	939769	100162	ABORT	61782	2919819	124595	0	2324440	488909	87767	16	890	4764	9093	0	9	19	31	0.06	
0.50	0.50	0.99	7	WOUND_WAIT	0	836918.11	COMMIT	49448	826439	113256	0	722696	79577	ABORT	28885	3169046	113106	0	2840606	276709	43199	17	1717	9612	24574	0	11	32	69	0.06	
0.50	0.50	0.99	9	WOUND_WAIT	0	919225.38	COMMIT	45157	873909	175807	0	766669	84578	ABORT	22012	3122553	134934	0	2816401	263764	35216	19	1019	13685	36160	0	9	42	98	0.07	
0.50	0.50	0.99	11	WOUND_WAIT	0	963328.11	COMMIT	43367	972436	261710	0	861420	88299	ABORT	19047	3023301	162897	0	2705766	280550	30199	23	207	16913	72604	0	6	50	190	0.08	
0.50	0.50	0.99	13	WOUND_WAIT	0	1032986.36	COMMIT	43314	1074356	363574	0	959662	92439	ABORT	18939	2921688	129932	0	2639391	246845	28456	26	92	11075	56719	0	4	37	147	0.08	
0.50	0.50	0.99	15	WOUND_WAIT	0	1108517.75	COMMIT	42660	1194071	479638	0	1076680	95170	ABORT	18106	2801653	132774	0	2516674	250576	27325	31	74	10677	57396	0	3	37	152	0.08	
0.50	0.50	0.99	17	WOUND_WAIT	0	1126448.01	COMMIT	42298	1322266	603795	0	1200082	97806	ABORT	16927	2671893	509222	0	2010072	626544	27408	35	79	6345	97505	0	2	23	255	0.08	
0.50	0.50	0.99	19	WOUND_WAIT	0	1091361.28	COMMIT	42282	1457593	726086	0	1336672	100213	ABORT	17682	2538279	351943	0	2020094	481247	29517	41	85	5610	99999	0	2	23	242	0.09	
0.50	0.50	0.99	21	WOUND_WAIT	0	1099632.88	COMMIT	41963	1598151	862338	0	1474227	103621	ABORT	17793	2397182	222972	0	1991722	367325	30620	46	91	213	28041	0	2	5	85	0.10	
0.50	0.50	0.99	1	SILO	0	89583.07	COMMIT	357319	3980243	0	0	3758922	129694	ABORT	0	0	0	0	0	0	0	10	15	18	28	0	0	0	0	0.00	
0.50	0.50	0.99	2	SILO	0	238541.49	COMMIT	253151	2913481	0	0	2754801	95593	ABORT	70910	1068431	0	0	183483	831876	33722	13	34	64	170	0	2	3	5	0.07	
0.50	0.50	0.99	3	SILO	0	441707.08	COMMIT	134778	1290128	0	0	1208804	49222	ABORT	90393	2794843	0	0	1818622	917075	34921	15	71	328	2588	0	4	7	10	0.07	
0.50	0.50	0.99	5	SILO	0	736011.44	COMMIT	77909	663010	0	0	614985	29880	ABORT	108854	3326617	0	0	2266017	987245	42944	20	712	4238	8229	1	9	17	28	0.10	
0.50	0.50	0.99	7	SILO	0	879710.09	COMMIT	36269	302350	0	0	280141	14161	ABORT	64752	3691488	0	0	3088756	561374	25373	21	2658	9223	18581	1	14	31	57	0.12	
0.50	0.50	0.99	9	SILO	0	931601.00	COMMIT	26658	223616	0	0	207258	10532	ABORT	51708	3771804	0	0	3289389	450533	20095	22	3657	13167	29403	1	17	44	87	0.14	
0.50	0.50	0.99	11	SILO	0	959374.05	COMMIT	27737	235057	0	0	218029	10828	ABORT	51423	3760573	0	0	3276714	450944	20224	21	3083	13831	58575	1	15	48	170	0.15	
0.50	0.50	0.99	13	SILO	0	978240.94	COMMIT	22634	191396	0	0	177256	9139	ABORT	45351	3804160	0	0	3377969	397047	18372	22	3634	18832	78727	1	17	55	232	0.16	
0.50	0.50	0.99	15	SILO	0	986322.44	COMMIT	22963	196284	0	0	181920	9076	ABORT	45428	3799237	0	0	3367511	401959	17890	22	3932	16484	58690	1	17	52	160	0.17	
0.50	0.50	0.99	17	SILO	0	998630.28	COMMIT	21176	178619	0	0	165384	8431	ABORT	43507	3817297	0	0	3411883	378248	17101	22	3648	21649	82000	1	17	64	234	0.18	
0.50	0.50	0.99	19	SILO	0	1071153.87	COMMIT	16346	134142	0	0	123948	6480	ABORT	38397	3862056	0	0	3518849	319733	14839	22	5049	22216	99999	1	20	61	388	0.19	
0.50	0.50	0.99	21	SILO	0	1096436.35	COMMIT	14486	121644	0	0	112494	5785	ABORT	35020	3874576	0	0	3552746	300001	13906	22	5001	19537	99999	1	20	57	603	0.20	
bimodal, w/o log (stored procedure)
Rd	Wt	Zip	T	CC	TP	P50	P90	P99	P999	Abt
0.50	0.50	0.99	1	DLOCK	0	95565.37	COMMIT	380026	3979245	24323	0	3674938	188633	ABORT	0	0	0	0	0	0	0	10	14	17	26	0	0	0	0	0.00	
0.50	0.50	0.99	2	DLOCK	0	237758.55	COMMIT	298690	3520815	18184	0	3235245	182441	ABORT	40666	460646	0	0	125761	293014	28876	12	28	58	199	0	2	3	5	0.04	
0.50	0.50	0.99	3	DLOCK	0	394454.98	COMMIT	215300	2479566	13213	0	2273676	134592	ABORT	78824	1504660	0	0	920964	516864	42336	13	57	345	3578	0	4	6	9	0.06	
0.50	0.50	0.99	5	DLOCK	0	602841.51	COMMIT	145838	1767905	8851	0	1602964	113520	ABORT	88260	2362865	0	0	1751476	530151	53223	14	155	2169	4932	0	6	13	20	0.07	
0.50	0.50	0.99	7	DLOCK	0	712625.79	COMMIT	76175	913417	4579	0	821055	64594	ABORT	81877	3078040	0	0	2510958	488067	51658	16	951	4601	8996	0	9	19	30	0.09	
0.50	0.50	0.99	9	DLOCK	0	744481.10	COMMIT	69447	838346	4178	0	752916	61763	ABORT	88183	3153254	0	0	2526697	541085	56734	18	1039	5294	9955	1	10	21	32	0.09	
0.50	0.50	0.99	11	DLOCK	0	720356.30	COMMIT	72277	848798	4264	0	758380	67332	ABORT	105079	3141674	0	0	2365305	668658	75191	20	868	4656	10069	1	9	18	34	0.10	
0.50	0.50	0.99	13	DLOCK	0	742645.11	COMMIT	70105	823637	4215	0	733968	66387	ABORT	110449	3165262	0	0	2343941	705771	79970	21	655	5050	9977	1	9	20	33	0.10	
0.50	0.50	0.99	15	DLOCK	0	646854.62	COMMIT	82157	975757	4986	0	868247	80673	ABORT	131866	3012103	0	0	2000732	870525	100408	21	343	3456	7434	1	8	16	25	0.13	
0.50	0.50	0.99	17	DLOCK	0	665662.31	COMMIT	85866	1030133	5312	0	910226	89261	ABORT	137972	2952813	0	0	1882285	911729	112634	21	249	2944	7444	1	7	14	26	0.12	
0.50	0.50	0.99	19	DLOCK	0	634095.03	COMMIT	93876	1128038	5812	0	1000722	95877	ABORT	149392	2857733	0	0	1685591	1006045	120448	20	192	2203	4589	1	7	13	19	0.13	
0.50	0.50	0.99	21	DLOCK	0	617054.30	COMMIT	97759	1194830	5903	0	1058094	103428	ABORT	155067	2789208	0	0	1544931	1064922	131506	21	193	1482	4137	1	7	11	17	0.13	
bimodal, w/o log (stored procedure)
Rd	Wt	Zip	T	CC	TP	P50	P90	P99	P999	Abt
0.50	0.50	0.99	1	HLOCK	0	102192.72	COMMIT	406014	3978435	0	0	3634708	225377	ABORT	0	0	0	0	0	0	0	9	13	16	25	0	0	0	0	0.00	
0.50	0.50	0.99	2	HLOCK	0	223285.57	COMMIT	310910	3522249	0	0	3170649	244793	ABORT	42698	457771	0	0	107590	299315	37817	11	27	50	131	0	2	3	4	0.05	
0.50	0.50	0.99	3	HLOCK	0	376691.24	COMMIT	262830	2971934	0	0	2669873	216901	ABORT	69796	1011575	0	0	492342	449685	48023	12	42	177	1481	0	3	5	7	0.05	
0.50	0.50	0.99	5	HLOCK	0	628709.32	COMMIT	154219	1834935	0	0	1631202	152002	ABORT	79796	2152248	0	0	1601004	468699	58473	13	126	1768	7926	0	6	11	17	0.04	
0.50	0.50	0.99	7	HLOCK	0	860856.42	COMMIT	69801	879160	0	0	772077	78744	ABORT	61495	3113827	0	0	2715082	332845	45107	15	1189	5893	10566	0	10	22	34	0.04	
0.50	0.50	0.99	9	HLOCK	0	998620.61	COMMIT	55846	740514	0	0	643344	74642	ABORT	52005	3251568	0	0	2912614	281343	40052	16	1629	7880	17107	0	11	27	48	0.05	
0.50	0.50	0.99	11	HLOCK	0	1130934.54	COMMIT	47985	646318	0	0	562338	66555	ABORT	54716	3347814	0	0	2955187	327540	46265	18	711	13018	31697	0	9	41	91	0.10	
0.50	0.50	0.99	13	HLOCK	0	1043960.09	COMMIT	44516	584939	0	0	501552	68761	ABORT	82546	3407838	0	0	2752277	546365	84421	23	253	14110	47135	1	7	45	127	0.18	
0.50	0.50	0.99	15	HLOCK	0	737437.20	COMMIT	46601	613589	0	0	519285	79090	ABORT	111745	3377888	0	0	2408719	802449	135631	29	324	5703	48319	1	8	22	136	0.31	
0.50	0.50	0.99	17	HLOCK	0	528631.20	COMMIT	47929	633985	0	0	534122	84276	ABORT	124874	3356099	0	0	2262128	903792	155636	32	393	856	11549	1	8	9	37	0.42	
0.50	0.50	0.99	19	HLOCK	0	365863.78	COMMIT	43423	583637	0	0	488180	81230	ABORT	117693	3406927	0	0	2304795	908917	162203	33	524	840	1016	1	8	9	9	0.51	
0.50	0.50	0.99	21	HLOCK	0	359483.28	COMMIT	38669	517584	0	0	434848	69850	ABORT	109878	3473347	0	0	2470496	830975	142989	34	584	979	1179	2	8	9	10	0.52	
bimodal, w/o log (stored procedure)
Rd	Wt	Zip	T	CC	TP	P50	P90	P99	P999	Abt
0.50	0.50	0.99	1	WOUND_WAIT	0	100595.59	COMMIT	400059	3978744	0	0	3580827	273569	ABORT	0	0	0	0	0	0	0	9	13	16	26	0	0	0	0	0.00	
0.50	0.50	0.99	2	WOUND_WAIT	0	263845.11	COMMIT	300296	3646895	37203	0	3254324	285672	ABORT	29022	334869	4458	0	59854	222358	43094	12	26	41	69	0	1	3	3	0.03	
0.50	0.50	0.99	3	WOUND_WAIT	0	465517.49	COMMIT	262229	3235648	65499	1176	2876046	271194	ABORT	58731	746734	19789	559	213776	437862	76497	13	41	100	321	0	3	4	6	0.04	
0.50	0.50	0.99	5	WOUND_WAIT	0	739899.46	COMMIT	157547	2120823	91553	6736	1844640	215917	ABORT	64317	1882439	69034	6968	1239578	515424	105132	14	94	616	5225	0	4	7	10	0.05	
0.50	0.50	0.99	7	WOUND_WAIT	0	934425.21	COMMIT	107310	1555030	119278	17123	1337571	176950	ABORT	80651	2434438	147566	30574	1532119	723241	154489	16	305	2516	5490	0	7	13	21	0.06	
0.50	0.50	0.99	9	WOUND_WAIT	0	1013904.96	COMMIT	86109	1298514	117980	20092	1121218	141996	ABORT	67448	2692853	136911	35834	1933792	619947	117913	17	467	4034	10344	0	8	17	32	0.07	
0.50	0.50	0.99	11	WOUND_WAIT	0	1113742.68	COMMIT	66126	1107847	141213	32999	957259	122859	ABORT	50895	2885327	145989	45228	2244499	528835	96112	19	736	6305	13517	0	9	23	41	0.07	
0.50	0.50	0.99	13	WOUND_WAIT	0	1162099.10	COMMIT	53103	1034868	173500	48190	897736	112707	ABORT	36823	2959664	161968	54245	2391368	476726	79464	21	888	8852	36203	0	9	29	99	0.07	
0.50	0.50	0.99	15	WOUND_WAIT	0	1234989.58	COMMIT	48755	1079923	218535	77380	943825	112753	ABORT	31908	2914801	146373	55868	2407110	427972	68988	25	929	10609	46300	0	9	33	122	0.07	
0.50	0.50	0.99	17	WOUND_WAIT	0	1263926.54	COMMIT	47037	1172563	286256	106688	1034368	115279	ABORT	28719	2822377	157262	63573	2318825	430528	63387	28	731	7788	67381	0	9	26	170	0.07	
0.50	0.50	0.99	19	WOUND_WAIT	0	1311657.47	COMMIT	45802	1252655	341533	133366	1114439	115463	ABORT	26747	2742507	165281	74485	2231989	441743	59048	32	430	8217	64587	0	8	28	179	0.08	
0.50	0.50	0.99	21	WOUND_WAIT	0	1311945.23	COMMIT	42583	1318272	401238	170851	1183895	113553	ABORT	21967	2675942	183819	79085	2172491	441978	53011	37	240	9380	44305	0	6	29	105	0.08	
0.50	0.50	0.99	1	DLOCK	0	96323.88	COMMIT	382684	3979030	22685	0	3682670	178892	ABORT	0	0	0	0	0	0	0	10	14	17	27	0	0	0	0	0.00	
0.50	0.50	0.99	2	DLOCK	0	266042.35	COMMIT	317316	3690409	18926	0	3388355	190892	ABORT	27833	289986	0	0	56277	204977	19408	11	22	34	62	0	1	2	4	0.03	
0.50	0.50	0.99	3	DLOCK	0	464697.73	COMMIT	285459	3297269	17490	0	3028453	176014	ABORT	59846	684113	0	0	216540	416368	32515	12	32	82	411	0	2	4	5	0.04	
0.50	0.50	0.99	5	DLOCK	0	786648.54	COMMIT	186601	2174723	11083	0	1976774	135598	ABORT	89013	1809917	0	0	1143494	585776	53561	14	82	584	5144	0	4	7	9	0.05	
0.50	0.50	0.99	7	DLOCK	0	1056091.83	COMMIT	145294	1717177	8985	0	1551344	117382	ABORT	97497	2269416	0	0	1563058	617278	59317	14	135	1489	5892	0	6	10	15	0.06	
0.50	0.50	0.99	9	DLOCK	0	1196247.31	COMMIT	91775	1125714	5612	0	1010572	82035	ABORT	95190	2863727	0	0	2174999	596121	63549	16	583	3433	5915	0	9	16	23	0.07	
0.50	0.50	0.99	11	DLOCK	0	1278523.22	COMMIT	75911	912551	4542	0	816330	69662	ABORT	85464	3078257	0	0	2462969	530282	58230	17	933	4466	9668	0	9	19	29	0.07	
0.50	0.50	0.99	13	DLOCK	0	1331056.59	COMMIT	70435	836122	4151	0	746417	65378	ABORT	89179	3155131	0	0	2515273	550964	59983	18	1035	4903	10676	1	10	19	35	0.08	
0.50	0.50	0.99	15	DLOCK	0	1320085.06	COMMIT	68494	814827	4088	0	724625	67028	ABORT	96301	3176152	0	0	2460664	614714	69456	19	995	4677	12394	1	9	19	35	0.09	
0.50	0.50	0.99	17	DLOCK	0	1358057.77	COMMIT	60903	736700	3669	0	654147	62616	ABORT	95280	3253741	0	0	2532439	619816	71269	20	1136	5214	12186	1	10	20	36	0.09	
0.50	0.50	0.99	19	DLOCK	0	1274311.88	COMMIT	62789	779953	3823	0	691657	67303	ABORT	101799	3210285	0	0	2397927	699891	81524	21	1060	4632	8493	1	10	19	30	0.10	
0.50	0.50	0.99	21	DLOCK	0	1240357.30	COMMIT	62980	813334	3855	0	720727	71431	ABORT	104433	3176478	0	0	2295777	758502	90383	22	809	4721	9583	1	9	19	32	0.11	
0.50	0.50	0.99	1	HLOCK	0	102824.17	COMMIT	408765	3978104	0	0	3627425	226547	ABORT	0	0	0	0	0	0	0	9	13	16	26	0	0	0	0	0.00	
0.50	0.50	0.99	2	HLOCK	0	259225.58	COMMIT	330308	3777210	0	0	3424781	243840	ABORT	19751	203359	0	0	39466	141545	16049	11	21	31	55	0	1	2	3	0.02	
0.50	0.50	0.99	3	HLOCK	0	456600.48	COMMIT	297750	3362153	0	0	3026297	240518	ABORT	56111	618439	0	0	181419	380755	38839	12	30	71	279	0	2	4	5	0.03	
0.50	0.50	0.99	5	HLOCK	0	769591.82	COMMIT	225882	2641096	0	0	2359731	208734	ABORT	79359	1342342	0	0	741153	518245	59056	13	58	349	3610	0	4	6	9	0.04	
0.50	0.50	0.99	7	HLOCK	0	1061182.81	COMMIT	150347	1824688	0	0	1615448	158543	ABORT	81181	2184357	0	0	1589644	506785	62978	14	113	1425	5052	0	5	10	15	0.04	
0.50	0.50	0.99	9	HLOCK	0	1249943.09	COMMIT	141879	1743658	0	0	1535086	162345	ABORT	94868	2251527	0	0	1568484	579489	75454	14	184	2063	4869	0	7	12	19	0.05	
0.50	0.50	0.99	11	HLOCK	0	1461540.00	COMMIT	73145	925430	0	0	808822	89782	ABORT	73568	3066557	0	0	2555318	429274	60205	16	1061	4437	8623	0	10	18	31	0.05	
0.50	0.50	0.99	13	HLOCK	0	1637128.84	COMMIT	54509	731152	0	0	634823	75415	ABORT	54695	3262518	0	0	2874136	324608	46378	16	1625	7605	14340	0	11	27	45	0.07	
0.50	0.50	0.99	15	HLOCK	0	1728051.38	COMMIT	44193	616521	0	0	531342	68455	ABORT	54202	3377571	0	0	2942892	361899	55389	18	1821	10427	22847	0	12	35	66	0.09	
0.50	0.50	0.99	17	HLOCK	0	1655666.14	COMMIT	37405	530281	0	0	450705	66445	ABORT	67492	3463798	0	0	2855397	507144	80928	23	1570	11690	31151	1	11	38	87	0.14	
0.50	0.50	0.99	19	HLOCK	0	1451057.22	COMMIT	35133	508487	0	0	429373	67187	ABORT	79735	3485162	0	0	2706608	650310	105007	30	553	13216	31370	1	8	42	91	0.18	
0.50	0.50	0.99	21	HLOCK	0	1300406.36	COMMIT	34144	497964	0	0	421233	65547	ABORT	86207	3494728	0	0	2659996	700372	110675	35	576	12732	31251	1	8	40	89	0.22	
0.50	0.50	0.99	1	SILO	0	88876.40	COMMIT	354560	3979978	0	0	3748123	130549	ABORT	0	0	0	0	0	0	0	11	15	18	29	0	0	0	0	0.00	
0.50	0.50	0.99	2	SILO	0	266203.07	COMMIT	286489	3369245	0	0	3188048	106938	ABORT	42621	612357	0	0	86305	494812	19181	12	26	39	64	0	2	2	3	0.04	
0.50	0.50	0.99	3	SILO	0	497701.52	COMMIT	253077	2700423	0	0	2540446	93830	ABORT	86450	1280692	0	0	287037	934757	33814	13	40	93	330	0	2	4	6	0.05	
0.50	0.50	0.99	5	SILO	0	846447.54	COMMIT	172173	1668777	0	0	1560668	65448	ABORT	117304	2315332	0	0	1034782	1201596	45636	15	86	533	5350	0	4	7	10	0.07	
0.50	0.50	0.99	7	SILO	0	1151582.21	COMMIT	107632	975124	0	0	907706	42458	ABORT	112628	3041670	0	0	1874992	1093957	43895	19	184	2109	17834	1	6	11	16	0.08	
0.50	0.50	0.99	9	SILO	0	1385208.74	COMMIT	89139	769382	0	0	714651	35129	ABORT	119508	3218837	0	0	2034842	1107420	46533	20	495	3399	7117	1	8	16	23	0.10	
0.50	0.50	0.99	11	SILO	0	1531185.95	COMMIT	58534	495664	0	0	459584	23092	ABORT	90106	3495619	0	0	2628093	810778	34632	21	1326	5959	12057	1	10	22	38	0.11	
0.50	0.50	0.99	13	SILO	0	1583972.36	COMMIT	49141	425347	0	0	394760	19685	ABORT	77653	3566834	0	0	2808818	707681	31187	21	1665	7571	15074	1	11	26	45	0.12	
0.50	0.50	0.99	15	SILO	0	1664917.24	COMMIT	43724	375807	0	0	348029	17390	ABORT	71239	3617152	0	0	2930798	639264	27535	21	1963	8066	21816	1	12	28	63	0.13	
0.50	0.50	0.99	17	SILO	0	1709365.74	COMMIT	38767	330255	0	0	305732	15648	ABORT	65856	3662815	0	0	3033981	587079	25609	21	2317	9851	27628	1	13	33	86	0.14	
0.50	0.50	0.99	19	SILO	0	1742155.34	COMMIT	33703	287988	0	0	266870	13566	ABORT	59626	3705651	0	0	3135067	531914	23759	21	2602	11583	27571	1	14	37	78	0.14	
0.50	0.50	0.99	21	SILO	0	1694142.31	COMMIT	39618	341224	0	0	316651	15741	ABORT	65416	3651803	0	0	3017230	593026	25539	21	1982	10771	25485	1	12	36	79	0.15	
bimodal, w/o log (stored procedure)
Rd	Wt	Zip	T	CC	TP	P50	P90	P99	P999	Abt
0.50	0.50	0.99	1	DLOCK	0	101010.47	COMMIT	401467	3977133	0	0	3742817	115918	ABORT	0	0	0	0	0	0	0	9	14	16	26	0	0	0	0	0.00	
0.50	0.50	0.99	2	DLOCK	0	274383.38	COMMIT	334710	3533780	0	0	3322754	99225	ABORT	39452	445433	0	0	3909	409464	17864	11	20	25	35	0	1	2	3	0.04	
0.50	0.50	0.99	3	DLOCK	0	484328.57	COMMIT	306710	3081553	0	0	2897311	89998	ABORT	81452	897245	0	0	7977	830243	31974	12	23	30	40	0	2	3	5	0.05	
0.50	0.50	0.99	5	DLOCK	0	814770.15	COMMIT	264853	2496775	0	0	2337549	82423	ABORT	136623	1480841	0	0	13387	1369146	54082	13	30	41	54	0	3	5	7	0.06	
0.50	0.50	0.99	7	DLOCK	0	1093228.14	COMMIT	237035	2112119	0	0	1975112	73265	ABORT	176530	1864893	0	0	17233	1725092	68796	15	37	54	73	0	4	7	10	0.07	
0.50	0.50	0.99	9	DLOCK	0	1262740.42	COMMIT	212111	1862650	0	0	1739900	66786	ABORT	197284	2114807	0	0	19338	1956991	77878	17	45	66	99	1	5	8	13	0.08	
0.50	0.50	0.99	11	DLOCK	0	1325604.73	COMMIT	208926	1799015	0	0	1679791	64922	ABORT	208359	2176874	0	0	20349	2011844	81687	17	49	76	122	1	6	10	16	0.09	
0.50	0.50	0.99	13	DLOCK	0	1342664.19	COMMIT	202067	1743678	0	0	1626024	64501	ABORT	212950	2227524	0	0	20790	2052252	84055	17	54	87	140	1	6	11	17	0.10	
0.50	0.50	0.99	15	DLOCK	0	1400450.49	COMMIT	197149	1694540	0	0	1579436	62829	ABORT	219827	2281754	0	0	21610	2108502	84548	17	59	98	157	1	7	12	17	0.10	
0.50	0.50	0.99	17	DLOCK	0	1345726.83	COMMIT	195896	1726571	0	0	1611111	61069	ABORT	210542	2249615	0	0	20827	2082080	80591	17	61	96	152	1	7	11	17	0.11	
0.50	0.50	0.99	19	DLOCK	0	1373532.75	COMMIT	192857	1702016	0	0	1585267	63206	ABORT	212386	2269280	0	0	20914	2095012	82625	17	64	101	156	1	7	12	18	0.11	
0.50	0.50	0.99	21	DLOCK	0	1276493.23	COMMIT	179173	1657415	0	0	1546707	60177	ABORT	197296	2308009	0	0	19365	2140182	78494	18	77	122	216	1	7	12	18	0.12	
bimodal, w/o log (stored procedure)
Rd	Wt	Zip	T	CC	TP	P50	P90	P99	P999	Abt
0.50	0.50	0.99	1	DLOCK	0	97706.22	COMMIT	388131	3978067	0	0	3761217	110866	ABORT	0	0	0	0	0	0	0	10	14	16	26	0	0	0	0	0.00	
0.50	0.50	0.99	2	DLOCK	0	273520.09	COMMIT	326783	3471799	0	0	3257638	96165	ABORT	38388	507809	0	0	75668	399679	17548	11	22	33	55	0	1	2	3	0.03	
0.50	0.50	0.99	3	DLOCK	0	476982.77	COMMIT	291185	2932975	0	0	2755100	85572	ABORT	76650	1047025	0	0	208820	781798	30085	12	31	62	166	0	2	3	5	0.04	
0.50	0.50	0.99	5	DLOCK	0	802341.30	COMMIT	217518	2081680	0	0	1950093	68478	ABORT	113643	1922945	0	0	685533	1153372	46821	14	58	273	1580	0	3	5	8	0.05	
0.50	0.50	0.99	7	DLOCK	0	1072804.57	COMMIT	125471	1125704	0	0	1050588	38741	ABORT	95077	2862248	0	0	1862810	930442	36971	16	90	710	10203	1	4	7	11	0.05	
0.50	0.50	0.99	9	DLOCK	0	1238285.97	COMMIT	106934	939747	0	0	875351	33203	ABORT	100805	3049671	0	0	1993459	982378	39287	18	125	1527	9284	1	5	10	16	0.07	
0.50	0.50	0.99	11	DLOCK	0	1295184.50	COMMIT	101845	898203	0	0	836086	32145	ABORT	104716	3272432	0	0	2164945	1029974	40836	18	160	2069	5588	1	6	12	19	0.08	
0.50	0.50	0.99	13	DLOCK	0	1357320.84	COMMIT	101623	888979	0	0	828400	32000	ABORT	110637	3232369	0	0	2073831	1079767	42543	19	195	2418	7428	1	7	13	21	0.08	
0.50	0.50	0.99	15	DLOCK	0	1329582.15	COMMIT	103081	919503	0	0	857106	33228	ABORT	111664	3068936	0	0	1883631	1104188	44401	19	242	2920	10897	1	7	13	23	0.09	
0.50	0.50	0.99	17	DLOCK	0	1314346.70	COMMIT	103911	948473	0	0	883867	33056	ABORT	111337	3071205	0	0	1842362	1146277	42569	19	230	2531	13513	1	7	12	19	0.10	
0.50	0.50	0.99	19	DLOCK	0	1306403.37	COMMIT	100558	946950	0	0	882337	33384	ABORT	106144	3060081	0	0	1839886	1139097	42971	19	195	2075	4335	1	7	12	18	0.10	
0.50	0.50	0.99	21	DLOCK	0	1235315.99	COMMIT	101350	973845	0	0	907875	33043	ABORT	103830	3190347	0	0	1932027	1176837	41467	19	185	2034	6591	1	6	12	18	0.11	
