w/o log
	T	CC	TP	P50	P90	P99	P999	Abt
TPCC	NO_WAIT	1	66110.29	COMMIT	264579	3988311	0	0	0	ABORT	0	0	0	0	0	0	12	40	44	50	0	0	0	0	0.00	
TPCC	NO_WAIT	4	164382.61	COMMIT	170228	3241010	0	0	0	ABORT	71431	743267	0	444834	0	0	20	94	230	557	0	5	7	8	0.29	
TPCC	NO_WAIT	8	236028.33	COMMIT	123285	2425264	0	0	0	ABORT	103230	1550482	0	1132770	0	0	24	207	999	2415	0	7	9	12	0.46	
TPCC	NO_WAIT	12	276980.92	COMMIT	94812	1905159	0	0	0	ABORT	112664	2080468	0	1632036	0	0	27	378	1653	3040	0	8	11	15	0.54	
TPCC	NO_WAIT	16	291556.83	COMMIT	74585	1547737	0	0	0	ABORT	104465	2439107	0	2029439	0	0	29	668	2329	4011	0	9	13	17	0.59	
TPCC	NO_WAIT	20	297721.21	COMMIT	57713	1240121	0	0	0	ABORT	93816	2743818	0	2371554	0	0	31	1019	2854	4962	0	10	14	19	0.62	
TPCC	NO_WAIT	24	301638.07	COMMIT	50429	1112081	0	0	0	ABORT	89278	2875155	0	2525586	0	0	33	1290	3385	5582	0	10	16	21	0.64	
TPCC	NO_WAIT	28	309676.17	COMMIT	45171	977037	0	0	0	ABORT	84869	3008292	0	2678250	0	0	34	1550	3906	6442	0	11	17	23	0.65	
TPCC	NO_WAIT	32	319046.67	COMMIT	40398	864063	0	0	0	ABORT	79294	3123849	0	2824739	0	0	35	1782	4380	7160	1	12	18	25	0.66	
TPCC	NO_WAIT	36	325447.17	COMMIT	36578	776981	0	0	0	ABORT	74062	3212354	0	2939488	0	0	35	2012	4808	7689	1	12	19	27	0.67	
TPCC	WAIT_DIE	1	66000.17	COMMIT	263547	3988477	0	0	0	ABORT	0	0	0	0	0	0	12	40	45	54	0	0	0	0	0.00	
TPCC	WAIT_DIE	4	164785.04	COMMIT	168113	3406056	64352	0	0	ABORT	64625	578122	239	312723	0	0	20	85	138	301	0	4	6	7	0.25	
TPCC	WAIT_DIE	8	253575.85	COMMIT	127960	2830093	163378	0	0	ABORT	112187	1146660	505	695456	0	0	25	130	273	965	0	5	7	8	0.45	
TPCC	WAIT_DIE	12	306188.60	COMMIT	104989	2553608	284976	0	0	ABORT	148476	1424714	713	842846	0	0	31	168	298	615	1	6	7	8	0.59	
TPCC	WAIT_DIE	16	321694.29	COMMIT	81042	2235782	355840	0	0	ABORT	162564	1744791	1310	1114741	0	0	40	207	346	585	2	6	7	8	0.67	
TPCC	WAIT_DIE	20	322122.82	COMMIT	64913	2007787	417077	0	0	ABORT	158955	1976891	1172	1345908	0	0	49	257	448	761	2	7	8	9	0.71	
TPCC	WAIT_DIE	24	316738.23	COMMIT	53167	1821320	476290	0	0	ABORT	151417	2164026	1098	1552731	0	0	58	300	515	867	3	7	8	9	0.74	
TPCC	WAIT_DIE	28	303124.01	COMMIT	43543	1660444	523452	0	0	ABORT	136346	2326616	726	1737661	0	0	66	375	618	1009	3	8	9	9	0.76	
TPCC	WAIT_DIE	32	287867.50	COMMIT	36238	1547942	571038	0	0	ABORT	117211	2437435	338	1864087	0	0	72	509	841	1158	4	8	9	10	0.77	
TPCC	WAIT_DIE	36	282970.65	COMMIT	31209	1461986	617467	0	0	ABORT	106469	2525807	173	1981708	0	0	76	604	1004	1305	4	8	9	10	0.77	
TPCC	WOUND_WAIT	1	65839.58	COMMIT	262865	3988942	0	0	0	ABORT	0	0	0	0	0	0	12	40	45	52	0	0	0	0	0.00	
TPCC	WOUND_WAIT	4	165197.82	COMMIT	167893	3808764	407052	0	0	ABORT	7808	179910	33977	13621	0	0	19	84	133	208	0	1	2	3	0.03	
TPCC	WOUND_WAIT	8	262356.65	COMMIT	132439	3745897	849269	0	0	ABORT	7574	207701	65114	14190	0	0	23	111	197	326	0	1	2	4	0.05	
TPCC	WOUND_WAIT	12	325595.42	COMMIT	110231	3852238	1303258	0	0	ABORT	4243	139596	50377	7842	0	0	28	136	242	432	0	1	2	4	0.04	
TPCC	WOUND_WAIT	16	358168.29	COMMIT	90519	3927326	1724341	0	0	ABORT	1915	65261	13470	3370	0	0	36	158	220	286	0	1	1	2	0.02	
TPCC	WOUND_WAIT	20	366780.18	COMMIT	74011	3930488	2048038	0	0	ABORT	1597	63110	16990	2487	0	0	46	191	272	352	0	1	1	2	0.02	
TPCC	WOUND_WAIT	24	372470.22	COMMIT	62006	3940538	2336492	0	0	ABORT	1252	53527	15371	1920	0	0	56	212	302	397	0	1	1	2	0.02	
TPCC	WOUND_WAIT	28	377371.41	COMMIT	54165	3945130	2528167	0	0	ABORT	1153	49574	14453	1832	0	0	67	221	320	485	0	1	1	2	0.02	
TPCC	WOUND_WAIT	32	383558.67	COMMIT	48188	3952108	2744313	0	0	ABORT	1030	42659	12394	1590	0	0	80	206	308	466	0	1	1	2	0.02	
TPCC	WOUND_WAIT	36	391028.03	COMMIT	43289	3957104	2874670	0	0	ABORT	919	37499	10050	1401	0	0	93	199	302	499	0	1	1	2	0.02	
TPCC	DLOCK	1	61688.28	COMMIT	246435	3989515	188174	0	0	ABORT	0	0	0	0	0	0	13	42	47	54	0	0	0	0	0.00	
TPCC	DLOCK	4	161870.65	COMMIT	164461	3759472	628773	0	0	ABORT	11893	218354	47155	31449	0	0	20	83	135	205	0	1	4	5	0.05	
TPCC	DLOCK	8	251682.58	COMMIT	126742	3731751	1092570	0	0	ABORT	10869	251388	88753	34794	0	0	25	116	214	362	0	2	4	6	0.07	
TPCC	DLOCK	12	303150.08	COMMIT	103762	3891497	1647956	0	0	ABORT	6969	100990	17932	12897	0	0	34	134	199	349	0	1	2	5	0.05	
TPCC	DLOCK	16	319593.04	COMMIT	80822	3913745	2109759	0	0	ABORT	6531	79360	11229	10323	0	0	46	150	213	276	0	1	2	3	0.06	
TPCC	DLOCK	20	311661.11	COMMIT	62868	3928330	2456675	0	0	ABORT	5147	65746	10220	8279	0	0	60	170	247	353	0	1	2	3	0.07	
TPCC	DLOCK	24	306343.84	COMMIT	51151	3940792	2732347	0	0	ABORT	4218	54348	8433	6848	0	0	77	169	255	369	0	1	2	3	0.08	
TPCC	DLOCK	28	297627.71	COMMIT	42762	3950008	2931984	0	0	ABORT	3369	44975	6027	5646	0	0	96	178	247	413	0	1	2	4	0.09	
TPCC	DLOCK	32	300895.32	COMMIT	37677	3954148	3083041	0	0	ABORT	3661	41061	4401	6392	0	0	111	201	248	720	0	1	2	4	0.10	
TPCC	DLOCK	36	292826.03	COMMIT	32650	3956553	3208338	0	0	ABORT	3554	38226	3350	6171	0	0	127	238	272	669	0	1	3	4	0.11	
TPCC	HLOCK	1	57384.54	COMMIT	229329	3986666	444685	0	0	ABORT	0	0	0	0	0	0	14	45	50	60	0	0	0	0	0.00	
TPCC	HLOCK	4	153886.20	COMMIT	158161	3434831	376658	0	0	ABORT	38221	542162	5387	241296	0	0	20	97	215	545	0	4	6	8	0.19	
TPCC	HLOCK	8	230366.11	COMMIT	118027	2722735	311094	0	0	ABORT	63018	1262016	8696	763589	0	0	23	198	846	2080	0	6	9	11	0.35	
TPCC	HLOCK	12	277367.59	COMMIT	94311	2220646	258759	0	0	ABORT	72666	1767034	10314	1201622	0	0	24	348	1512	2721	0	8	11	14	0.44	
TPCC	HLOCK	16	295600.01	COMMIT	72991	1789637	204393	0	0	ABORT	69419	2197701	9660	1644995	0	0	25	605	2134	3672	0	8	12	16	0.48	
TPCC	HLOCK	20	310031.69	COMMIT	62073	1561503	175513	0	0	ABORT	67938	2428406	9203	1874510	0	0	26	941	2667	4316	0	9	14	18	0.52	
TPCC	HLOCK	24	314521.11	COMMIT	50603	1326761	151014	0	0	ABORT	62343	2662840	9434	2143227	0	0	28	1218	3189	5181	0	10	15	20	0.55	
TPCC	HLOCK	28	320694.66	COMMIT	44665	1196195	137682	0	0	ABORT	59392	2793749	14328	2292038	0	0	29	1485	3571	5762	0	11	16	21	0.57	
TPCC	HLOCK	32	344556.57	COMMIT	41820	1070712	125875	0	0	ABORT	57647	2918841	8531	2445795	0	0	28	1643	3948	6306	0	11	17	23	0.58	
TPCC	HLOCK	36	118770.32	COMMIT	18191	1071167	1243785	0	0	ABORT	32917	2921004	3444064	939361	0	0	55	1471	3563	5937	0	10	16	22	0.63	
TPCC	SILO	1	75279.76	COMMIT	301572	3987406	0	0	0	ABORT	0	0	0	0	0	0	10	35	39	45	0	0	0	0	0.00	
TPCC	SILO	4	193975.80	COMMIT	199536	3283598	0	0	0	ABORT	63940	701117	0	281018	0	0	16	76	164	374	0	4	6	7	0.24	
TPCC	SILO	8	281479.58	COMMIT	143060	2480450	0	0	0	ABORT	99352	1496536	0	844068	0	0	20	154	605	1885	0	6	8	10	0.41	
TPCC	SILO	12	334056.78	COMMIT	113186	1984590	0	0	0	ABORT	110744	2000416	0	1289754	0	0	22	262	1269	2918	0	7	10	13	0.49	
TPCC	SILO	16	350023.40	COMMIT	86622	1650472	0	0	0	ABORT	108849	2334448	0	1594892	0	0	25	448	1838	3253	0	8	11	15	0.55	
TPCC	SILO	20	356075.63	COMMIT	69242	1402895	0	0	0	ABORT	99869	2583515	0	1884011	0	0	27	691	2369	4022	1	9	13	17	0.59	
TPCC	SILO	24	360734.65	COMMIT	58007	1205381	0	0	0	ABORT	92831	2781134	0	2113873	0	0	29	1014	2836	4697	1	9	14	19	0.61	
TPCC	SILO	28	363910.39	COMMIT	50272	1092681	0	0	0	ABORT	86388	2894024	0	2228903	0	0	30	1233	3245	5204	1	10	15	20	0.63	
TPCC	SILO	32	393189.16	COMMIT	47114	962161	0	0	0	ABORT	87604	3023773	0	2387223	0	0	31	1367	3473	5611	1	10	16	21	0.64	
TPCC	SILO	36	390402.42	COMMIT	40208	862427	0	0	0	ABORT	78686	3125754	0	2545830	0	0	31	1622	3918	6336	1	11	17	23	0.65	
