bimodal, w/o log
Rd	Wt	Zip	T	CC	TP	P50	P90	P99	P999	Abt
0.50	0.50	0.99	8	DLOCK	0	99451.63	COMMIT	47164	3593951	838258	2691139	877318	ABORT	4225	319985	58829	7711	297703	12123	46	380	588	4164	0	2	3	4	0.08	
0.50	0.50	0.99	12	DLOCK	0	109486.43	COMMIT	34185	3398878	1336819	2687803	691275	ABORT	4995	468028	137933	12346	431260	21531	50	592	1259	4566	0	2	4	6	0.13	
0.50	0.50	0.99	16	DLOCK	0	108574.38	COMMIT	25043	3243822	1676265	2659403	568371	ABORT	5029	565104	224772	22328	506034	33503	53	843	2614	4936	0	3	6	8	0.16	
0.50	0.50	0.99	20	DLOCK	0	100712.25	COMMIT	18399	3095354	1897576	2641621	441984	ABORT	4459	632013	315517	33787	561076	34087	56	1212	3681	5387	0	5	8	9	0.20	
0.50	0.50	0.99	24	DLOCK	0	92540.67	COMMIT	14137	3031795	2067380	2617735	404309	ABORT	4131	693217	378589	47286	605855	37001	58	1595	4447	6077	0	6	9	10	0.22	
0.50	0.50	0.99	28	DLOCK	0	85518.73	COMMIT	11373	2919425	2209219	2573825	337559	ABORT	3743	751257	461073	73238	624489	50886	61	2092	4761	7212	0	6	9	11	0.25	
0.50	0.50	0.99	32	DLOCK	0	80578.30	COMMIT	8741	2807511	2161403	2517273	283948	ABORT	3201	739230	468831	68918	610515	57642	62	2594	5941	9250	0	7	10	12	0.26	
0.50	0.50	0.99	36	DLOCK	0	73119.66	COMMIT	6690	2578456	2040937	2322648	250759	ABORT	2729	806420	531656	80629	660078	63563	65	3282	6575	14957	0	8	11	13	0.29	
0.50	0.50	0.99	8	HLOCK	0	125817.15	COMMIT	59596	3727460	64981	2561740	1134826	ABORT	4006	178516	3799	7006	149707	19634	46	241	323	3766	0	1	2	3	0.06	
0.50	0.50	0.99	12	HLOCK	0	175740.89	COMMIT	54347	3533488	102431	2371196	1134028	ABORT	6612	305521	21484	13416	237511	51044	48	269	366	3680	0	2	3	5	0.11	
0.50	0.50	0.99	16	HLOCK	0	211066.39	COMMIT	49217	3311184	134712	2143035	1141199	ABORT	9422	513308	79357	23172	352137	132616	50	303	426	4209	0	3	4	6	0.16	
0.50	0.50	0.99	20	HLOCK	0	243479.20	COMMIT	47630	3069288	192627	1868562	1173926	ABORT	13440	705004	108855	40142	466126	191303	52	344	489	4223	0	3	5	7	0.21	
0.50	0.50	0.99	24	HLOCK	0	258334.73	COMMIT	38976	2805124	183571	1730941	1051128	ABORT	15280	896989	172074	64958	571629	251398	54	400	624	4654	0	4	6	8	0.27	
0.50	0.50	0.99	28	HLOCK	0	275975.33	COMMIT	35117	2562149	201647	1535717	1004667	ABORT	18374	1108706	231541	108429	676980	312151	55	463	702	4417	0	5	7	8	0.33	
0.50	0.50	0.99	32	HLOCK	0	272172.27	COMMIT	28316	2175843	192627	1291869	865872	ABORT	19232	1289841	292627	162690	730337	384127	59	565	947	4754	0	6	8	9	0.39	
0.50	0.50	0.99	36	HLOCK	0	258010.75	COMMIT	24113	1800775	181088	1007841	777473	ABORT	20381	1490579	382199	240457	758962	478891	64	703	1325	5289	0	7	9	9	0.44	
0.50	0.50	0.99	8	SILO	0	102542.21	COMMIT	49203	2636845	0	1870091	754591	ABORT	10512	1274862	0	361813	901222	9318	43	576	3193	8023	0	4	12	22	0.17	
0.50	0.50	0.99	12	SILO	0	119095.35	COMMIT	36933	2014583	0	1426468	578754	ABORT	11486	1851028	0	813168	1025363	9681	44	852	6935	17031	0	6	20	41	0.23	
0.50	0.50	0.99	16	SILO	0	127373.66	COMMIT	29185	1585459	0	1116911	460361	ABORT	11520	2231025	0	1172189	1046605	8970	45	1283	10685	27919	0	8	27	60	0.28	
0.50	0.50	0.99	20	SILO	0	132139.94	COMMIT	24350	1344571	0	949597	387776	ABORT	11090	2424584	0	1374825	1037204	9286	47	2044	14177	36766	0	10	35	79	0.31	
0.50	0.50	0.99	24	SILO	0	136274.86	COMMIT	22564	1225595	0	859724	359310	ABORT	10963	2489620	0	1457504	1020703	8169	47	2744	18162	46879	0	11	43	104	0.34	
0.50	0.50	0.99	28	SILO	0	138439.05	COMMIT	19356	1053321	0	737055	310283	ABORT	10429	2536361	0	1530333	994891	7798	47	3466	21985	58097	0	12	50	122	0.37	
0.50	0.50	0.99	32	SILO	0	137476.46	COMMIT	13571	840181	0	600645	235231	ABORT	9488	2685744	0	1681211	994006	7298	49	4161	26020	73990	0	14	59	154	0.40	
0.50	0.50	0.99	36	SILO	0	134239.94	COMMIT	12797	760589	0	535623	220529	ABORT	8850	2488683	0	1562221	915678	7537	52	4999	29740	82969	0	15	66	172	0.42	
