Rd	Wt	Zip	T	CC	TP	P50	P90	P99	P999	Abt
0.50	0.50	0.99	1	WOUND_WAIT	0	46660.15	17	34	51	64	99	0	0	0	0	0	0.00	0.00	
0.50	0.50	0.99	4	WOUND_WAIT	0	116692.79	29	93	132	189	272	0	1	1	1	2	0.11	0.12	
0.50	0.50	0.99	8	WOUND_WAIT	0	127652.10	75	230	280	380	553	0	2	2	3	4	0.33	0.37	
0.50	0.50	0.99	12	WOUND_WAIT	0	127484.79	162	384	454	601	932	1	2	3	4	6	0.46	0.52	
0.50	0.50	0.99	16	WOUND_WAIT	0	123803.22	256	553	648	851	2229	1	3	4	5	7	0.53	0.59	
0.50	0.50	0.99	20	WOUND_WAIT	0	80318.72	516	1066	1257	1714	3934	1	3	4	6	8	0.58	0.64	
0.50	0.50	0.99	24	WOUND_WAIT	0	71126.17	717	1445	1716	2418	7004	1	4	5	7	9	0.62	0.67	
0.50	0.50	0.99	28	WOUND_WAIT	0	57997.32	1035	2042	2420	3403	8071	1	4	5	7	10	0.65	0.70	
0.50	0.50	0.99	32	WOUND_WAIT	0	58042.86	1245	2434	2892	4074	7536	2	5	6	8	11	0.68	0.72	
0.50	0.50	0.99	36	WOUND_WAIT	0	48684.54	1664	3289	3962	5578	9109	2	5	7	9	12	0.70	0.74	
0.50	0.50	0.99	40	WOUND_WAIT	0	44619.52	2040	4063	4898	7093	11586	2	6	7	10	13	0.72	0.76	
0.50	0.50	0.99	44	WOUND_WAIT	0	41408.15	2407	4824	5885	8308	12573	2	6	8	10	14	0.73	0.77	
0.50	0.50	0.99	48	WOUND_WAIT	0	37616.33	2928	5662	6828	9399	13159	2	7	8	11	15	0.74	0.78	
0.50	0.50	0.99	52	WOUND_WAIT	0	34874.71	3430	6768	8154	11262	15281	2	7	9	12	16	0.76	0.79	
0.50	0.50	0.99	56	WOUND_WAIT	0	30429.52	4241	8163	9800	13608	18693	3	8	9	13	16	0.77	0.80	
0.50	0.50	0.99	60	WOUND_WAIT	0	30320.38	4608	8829	10565	14249	18829	3	8	10	13	17	0.77	0.81	
0.50	0.50	0.99	64	WOUND_WAIT	0	27617.62	5397	9969	11859	15687	20846	3	8	10	14	18	0.78	0.81	
0.50	0.50	0.99	1	DLOCK	0	42895.04	18	45	56	73	107	0	0	0	0	0	0.00	0.00	
0.50	0.50	0.99	4	DLOCK	0	145600.46	21	56	80	142	230	0	0	0	1	2	0.05	0.05	
0.50	0.50	0.99	8	DLOCK	0	220584.68	28	113	145	206	290	0	1	1	2	2	0.15	0.16	
0.50	0.50	0.99	12	DLOCK	0	254589.57	38	174	215	299	413	0	1	1	2	3	0.23	0.25	
0.50	0.50	0.99	16	DLOCK	0	254850.93	57	250	304	417	591	0	1	2	3	4	0.29	0.30	
0.50	0.50	0.99	20	DLOCK	0	198981.22	108	422	515	743	1330	0	2	2	3	5	0.33	0.34	
0.50	0.50	0.99	24	DLOCK	0	169376.89	158	610	748	1097	1989	0	2	3	4	5	0.37	0.37	
0.50	0.50	0.99	28	DLOCK	0	170302.23	191	749	935	1412	2801	0	2	3	4	6	0.40	0.39	
0.50	0.50	0.99	32	DLOCK	0	173725.18	222	878	1110	1725	3408	0	2	3	5	7	0.43	0.42	
0.50	0.50	0.99	36	DLOCK	0	149650.96	299	1174	1494	2321	4411	0	3	3	5	7	0.45	0.43	
0.50	0.50	0.99	40	DLOCK	0	140833.02	361	1419	1824	2863	5193	0	3	4	6	8	0.47	0.45	
0.50	0.50	0.99	44	DLOCK	0	134918.63	420	1646	2110	3324	6806	0	3	4	6	9	0.49	0.47	
0.50	0.50	0.99	48	DLOCK	0	
0.50	0.50	0.99	52	DLOCK	0	115433.49	603	2350	3084	4872	8062	0	3	4	7	10	0.52	0.49	
0.50	0.50	0.99	56	DLOCK	0	113916.44	672	2611	3392	5276	8503	1	3	5	7	10	0.54	0.50	
0.50	0.50	0.99	60	DLOCK	0	103468.91	801	3071	4121	6699	11000	1	4	5	8	11	0.55	0.51	
0.50	0.50	0.99	64	DLOCK	0	102740.04	871	3372	4390	6935	10468	1	4	5	8	12	0.56	0.52	
0.50	0.50	0.99	1	SILO	0	49164.57	17	34	39	52	72	0	0	0	0	0	0.00	0.00	
0.50	0.50	0.99	4	SILO	0	159171.24	23	140	185	288	449	0	2	2	3	6	0.36	0.40	
0.50	0.50	0.99	8	SILO	0	257349.58	77	255	344	579	977	1	3	4	8	13	0.56	0.61	
0.50	0.50	0.99	12	SILO	0	317657.17	107	387	544	992	1877	1	5	7	14	26	0.67	0.69	
0.50	0.50	0.99	16	SILO	0	355958.29	126	528	772	1514	3074	1	7	10	21	44	0.73	0.73	
0.50	0.50	0.99	20	SILO	0	339828.70	154	686	1035	2228	5387	2	8	13	30	72	0.78	0.76	
0.50	0.50	0.99	24	SILO	0	334793.73	180	848	1322	3089	8405	2	10	16	40	110	0.81	0.77	
0.50	0.50	0.99	28	SILO	0	330389.32	206	1001	1602	3957	11478	2	11	19	50	153	0.83	0.79	
0.50	0.50	0.99	32	SILO	0	323921.28	230	1150	1886	4947	15918	2	12	22	62	210	0.85	0.80	
0.50	0.50	0.99	36	SILO	0	308285.66	245	1276	2157	6370	23473	2	13	24	77	304	0.87	0.80	
0.50	0.50	0.99	40	SILO	0	281605.87	267	1395	2431	7904	32660	2	13	25	90	399	0.88	0.80	
0.50	0.50	0.99	44	SILO	0	234565.62	285	1520	2742	9964	45525	2	13	25	104	448	0.88	0.80	
0.50	0.50	0.99	48	SILO	0	234666.20	280	1601	3040	12331	51750	2	12	26	120	541	0.89	0.79	
0.50	0.50	0.99	52	SILO	0	215843.31	292	1679	3234	13768	66859	2	11	24	119	620	0.89	0.79	
0.50	0.50	0.99	56	SILO	0	201945.90	298	1756	3425	15033	81952	2	11	24	118	680	0.89	0.79	
0.50	0.50	0.99	60	SILO	0	188368.41	310	1877	3749	16807	92827	2	11	25	125	707	0.90	0.79	
0.50	0.50	0.99	64	SILO	0	173069.02	297	1994	4221	21485	99999	1	11	26	147	812	0.90	0.77	
0.50	0.50	0.99	1	WOUND_WAIT	0	34165.60	24	51	59	76	103	0	0	0	0	0	0.00	0.00	
0.50	0.50	0.99	4	WOUND_WAIT	0	80828.48	42	119	159	227	324	0	1	1	1	2	0.12	0.12	
0.50	0.50	0.99	8	WOUND_WAIT	0	99070.33	99	284	344	466	679	0	2	2	3	4	0.34	0.37	
0.50	0.50	0.99	12	WOUND_WAIT	0	98226.47	206	474	560	736	1178	1	2	3	4	6	0.47	0.52	
0.50	0.50	0.99	16	WOUND_WAIT	0	94429.93	329	694	810	1060	2380	1	3	4	5	7	0.54	0.60	
0.50	0.50	0.99	20	WOUND_WAIT	0	66709.86	598	1216	1436	1986	5231	1	4	4	6	8	0.59	0.64	
0.50	0.50	0.99	24	WOUND_WAIT	0	52485.82	920	1797	2118	2910	6437	1	4	5	7	9	0.63	0.67	
0.50	0.50	0.99	28	WOUND_WAIT	0	48562.33	1218	2356	2771	3827	7429	2	5	6	8	10	0.66	0.70	
0.50	0.50	0.99	32	WOUND_WAIT	0	50172.29	1396	2707	3225	4583	9272	2	5	6	8	11	0.68	0.72	
0.50	0.50	0.99	36	WOUND_WAIT	0	38676.75	2021	3781	4480	6175	9606	2	6	7	9	12	0.70	0.74	
0.50	0.50	0.99	40	WOUND_WAIT	0	36401.59	2429	4604	5476	7580	11228	2	6	7	10	13	0.72	0.76	
0.50	0.50	0.99	44	WOUND_WAIT	0	33424.07	2911	5450	6456	8831	12335	2	6	8	11	14	0.73	0.77	
0.50	0.50	0.99	48	WOUND_WAIT	0	33458.69	3238	6296	7597	10734	16478	2	7	8	11	15	0.75	0.78	
0.50	0.50	0.99	52	WOUND_WAIT	0	30692.56	3890	7608	9180	12800	17406	3	7	9	12	16	0.76	0.79	
0.50	0.50	0.99	56	WOUND_WAIT	0	27647.68	4610	8435	10026	13409	18159	3	8	9	13	17	0.77	0.80	
0.50	0.50	0.99	60	WOUND_WAIT	0	26324.63	5244	9795	11663	16005	22412	3	8	10	13	18	0.78	0.81	
0.50	0.50	0.99	64	WOUND_WAIT	0	24717.97	5928	11117	13291	17891	23789	3	8	10	14	19	0.79	0.82	
0.50	0.50	0.99	1	DLOCK	0	32759.85	25	52	62	81	114	0	0	0	0	0	0.00	0.00	
0.50	0.50	0.99	4	DLOCK	0	118413.89	27	62	83	149	210	0	0	0	1	1	0.04	0.04	
0.50	0.50	0.99	8	DLOCK	0	163394.15	36	139	174	247	347	0	1	1	2	2	0.15	0.16	
0.50	0.50	0.99	12	DLOCK	0	184113.76	53	220	269	372	526	0	1	1	2	3	0.23	0.25	
0.50	0.50	0.99	16	DLOCK	0	181756.45	76	318	382	526	762	0	1	2	3	4	0.29	0.30	
0.50	0.50	0.99	20	DLOCK	0	146272.99	138	526	635	900	1731	0	2	2	3	5	0.34	0.34	
0.50	0.50	0.99	24	DLOCK	0	140970.09	185	703	855	1235	2330	0	2	3	4	6	0.38	0.37	
0.50	0.50	0.99	28	DLOCK	0	137543.06	231	881	1084	1576	2951	0	2	3	4	6	0.41	0.40	
0.50	0.50	0.99	32	DLOCK	0	137774.17	275	1062	1318	1972	3488	0	2	3	5	7	0.43	0.42	
0.50	0.50	0.99	36	DLOCK	0	118171.17	367	1414	1760	2612	4934	0	3	4	5	8	0.46	0.44	
0.50	0.50	0.99	40	DLOCK	0	115867.17	430	1657	2081	3108	5777	0	3	4	6	8	0.48	0.45	
0.50	0.50	0.99	44	DLOCK	0	104391.40	533	2037	2588	3962	6960	0	3	4	6	9	0.50	0.47	
0.50	0.50	0.99	48	DLOCK	0	111818.45	562	2128	2724	4203	7430	0	3	4	7	9	0.51	0.48	
0.50	0.50	0.99	52	DLOCK	0	99440.52	693	2620	3429	5542	9510	0	3	5	7	10	0.53	0.49	
0.50	0.50	0.99	56	DLOCK	0	94088.02	805	3042	3918	6057	9310	1	4	5	8	11	0.54	0.50	
0.50	0.50	0.99	60	DLOCK	0	89205.49	922	3464	4533	7335	11622	1	4	5	8	11	0.56	0.51	
0.50	0.50	0.99	64	DLOCK	0	90192.04	978	3679	4799	7531	11707	1	4	5	8	12	0.57	0.52	
0.50	0.50	0.99	1	SILO	0	36345.33	24	42	46	61	78	0	0	0	0	0	0.00	0.00	
0.50	0.50	0.99	4	SILO	0	108050.46	32	176	235	370	599	0	2	2	4	6	0.37	0.40	
0.50	0.50	0.99	8	SILO	0	162877.63	97	330	451	780	1376	1	4	5	9	16	0.58	0.59	
0.50	0.50	0.99	12	SILO	0	198885.54	128	508	730	1375	2651	1	6	8	17	33	0.69	0.66	
0.50	0.50	0.99	16	SILO	0	218149.43	149	688	1025	2106	4550	1	8	12	26	57	0.75	0.70	
0.50	0.50	0.99	20	SILO	0	214576.71	185	871	1328	2926	6927	1	9	14	34	83	0.79	0.73	
0.50	0.50	0.99	24	SILO	0	216681.98	219	1056	1652	3772	9628	2	10	17	43	114	0.81	0.75	
0.50	0.50	0.99	28	SILO	0	220774.00	236	1254	2033	5063	14112	2	12	21	57	168	0.84	0.75	
0.50	0.50	0.99	32	SILO	0	221579.04	262	1425	2356	6153	18632	2	14	24	68	220	0.86	0.77	
0.50	0.50	0.99	36	SILO	0	219645.17	281	1592	2689	7436	24733	2	15	27	81	292	0.87	0.77	
0.50	0.50	0.99	40	SILO	0	216885.25	311	1761	3000	8579	30924	2	15	29	91	353	0.88	0.78	
0.50	0.50	0.99	44	SILO	0	214655.46	323	1914	3335	10244	40774	2	16	31	108	471	0.90	0.78	
0.50	0.50	0.99	48	SILO	0	210802.38	342	2055	3631	11738	49963	2	17	33	121	561	0.90	0.79	
0.50	0.50	0.99	52	SILO	0	196885.01	358	2135	3872	13855	63944	2	16	32	134	678	0.91	0.79	
0.50	0.50	0.99	56	SILO	0	187046.58	378	2258	4201	15988	72015	2	16	33	149	726	0.91	0.79	
0.50	0.50	0.99	60	SILO	0	175608.94	385	2341	4471	18754	87004	2	15	32	161	820	0.91	0.79	
0.50	0.50	0.99	64	SILO	0	176862.27	335	1947	3753	19639	99999	2	13	26	123	688	0.90	0.79	
0.50	0.50	0.99	1	WOUND_WAIT	0	23386.63	38	63	72	89	119	0	0	0	0	0	0.00	0.00	
0.50	0.50	0.99	4	WOUND_WAIT	0	56791.44	61	160	206	291	417	0	1	1	1	2	0.12	0.13	
0.50	0.50	0.99	8	WOUND_WAIT	0	65296.34	150	391	472	637	972	0	2	2	3	5	0.35	0.37	
0.50	0.50	0.99	12	WOUND_WAIT	0	64558.83	294	650	766	1015	2199	1	2	3	4	6	0.47	0.51	
0.50	0.50	0.99	16	WOUND_WAIT	0	62620.24	460	933	1094	1438	2992	1	3	4	5	8	0.55	0.59	
0.50	0.50	0.99	20	WOUND_WAIT	0	44519.43	823	1605	1872	2515	5516	1	4	5	6	9	0.60	0.64	
0.50	0.50	0.99	24	WOUND_WAIT	0	43592.56	1099	2108	2472	3334	7906	1	4	5	7	10	0.64	0.68	
0.50	0.50	0.99	28	WOUND_WAIT	0	40122.92	1434	2725	3202	4467	8511	2	5	6	8	11	0.67	0.70	
0.50	0.50	0.99	32	WOUND_WAIT	0	38099.46	1765	3310	3890	5438	9508	2	5	6	9	12	0.69	0.72	
0.50	0.50	0.99	36	WOUND_WAIT	0	33533.52	2289	4243	5017	6963	10720	2	6	7	10	13	0.71	0.74	
0.50	0.50	0.99	40	WOUND_WAIT	0	30018.22	2852	5261	6242	8651	12753	2	6	8	10	14	0.73	0.76	
0.50	0.50	0.99	44	WOUND_WAIT	0	27223.35	3504	6436	7633	10632	15095	2	7	8	11	15	0.74	0.77	
0.50	0.50	0.99	48	WOUND_WAIT	0	27408.30	3852	7150	8535	11635	17313	2	7	9	12	16	0.76	0.79	
0.50	0.50	0.99	52	WOUND_WAIT	0	24415.30	4709	8557	10143	13624	18710	3	8	9	12	17	0.77	0.79	
0.50	0.50	0.99	56	WOUND_WAIT	0	23010.65	5399	9621	11300	14917	21003	3	8	10	13	18	0.78	0.80	
0.50	0.50	0.99	60	WOUND_WAIT	0	20636.04	6378	11036	12920	16729	21901	3	8	10	14	18	0.78	0.81	
0.50	0.50	0.99	64	WOUND_WAIT	0	21539.22	6718	12097	14349	19230	25124	3	9	11	15	19	0.79	0.82	
0.50	0.50	0.99	1	DLOCK	0	19097.42	42	72	84	113	152	0	0	0	0	0	0.00	0.00	
0.50	0.50	0.99	4	DLOCK	0	79948.03	41	82	109	186	259	0	0	0	1	1	0.04	0.04	
0.50	0.50	0.99	8	DLOCK	0	114672.83	52	186	231	327	461	0	1	1	2	3	0.15	0.16	
0.50	0.50	0.99	12	DLOCK	0	121152.89	78	308	373	513	718	0	1	2	2	4	0.24	0.25	
0.50	0.50	0.99	16	DLOCK	0	124815.51	115	439	523	717	1099	0	1	2	3	4	0.30	0.30	
0.50	0.50	0.99	20	DLOCK	0	106006.23	187	686	824	1158	2405	0	2	2	4	5	0.35	0.34	
0.50	0.50	0.99	24	DLOCK	0	101885.68	245	909	1094	1557	2937	0	2	3	4	6	0.39	0.37	
0.50	0.50	0.99	28	DLOCK	0	99540.77	309	1130	1371	1958	4040	0	2	3	5	7	0.42	0.40	
0.50	0.50	0.99	32	DLOCK	0	95421.77	382	1398	1697	2462	4962	0	3	3	5	7	0.45	0.42	
0.50	0.50	0.99	36	DLOCK	0	83898.32	499	1826	2220	3123	5358	0	3	4	6	8	0.47	0.44	
0.50	0.50	0.99	40	DLOCK	0	87243.30	558	2043	2541	3801	6380	0	3	4	6	9	0.49	0.45	
0.50	0.50	0.99	44	DLOCK	0	83540.71	655	2363	2920	4315	8161	0	3	4	7	9	0.51	0.47	
0.50	0.50	0.99	48	DLOCK	0	82841.91	747	2690	3304	4947	8451	0	3	5	7	10	0.53	0.48	
0.50	0.50	0.99	52	DLOCK	0	72997.78	936	3391	4227	6269	9528	0	4	5	8	11	0.54	0.50	
0.50	0.50	0.99	56	DLOCK	0	70073.91	1062	3844	4857	7283	11067	1	4	5	8	11	0.55	0.50	
0.50	0.50	0.99	60	DLOCK	0	71718.92	1124	4074	5108	7524	11483	1	4	5	8	12	0.57	0.51	
0.50	0.50	0.99	64	DLOCK	0	69813.74	1271	4501	5839	8981	13526	1	4	6	9	13	0.58	0.52	
0.50	0.50	0.99	1	SILO	0	24004.84	37	55	60	79	101	0	0	0	0	0	0.00	0.00	
0.50	0.50	0.99	4	SILO	0	67137.33	45	246	324	526	848	0	2	3	5	8	0.39	0.40	
0.50	0.50	0.99	8	SILO	0	97348.84	126	471	659	1179	2121	1	4	6	11	20	0.60	0.56	
0.50	0.50	0.99	12	SILO	0	112807.48	161	710	1040	2017	4067	1	6	9	19	40	0.70	0.62	
0.50	0.50	0.99	16	SILO	0	121772.09	188	955	1446	3027	6668	1	8	13	29	66	0.76	0.66	
0.50	0.50	0.99	20	SILO	0	122657.26	233	1194	1864	4219	9983	1	10	16	39	96	0.80	0.69	
0.50	0.50	0.99	24	SILO	0	125063.60	269	1440	2291	5419	13967	1	11	19	49	134	0.82	0.71	
0.50	0.50	0.99	28	SILO	0	127446.99	304	1674	2727	6646	18716	2	13	22	59	175	0.84	0.73	
0.50	0.50	0.99	32	SILO	0	128929.75	327	1902	3158	8113	24039	2	14	25	72	228	0.86	0.74	
0.50	0.50	0.99	36	SILO	0	129844.88	349	2126	3605	9814	31218	2	16	29	86	294	0.88	0.75	
0.50	0.50	0.99	40	SILO	0	130899.56	365	2334	4057	11548	39240	2	17	32	101	366	0.89	0.75	
0.50	0.50	0.99	44	SILO	0	131605.44	390	2542	4454	13137	47552	2	18	34	114	439	0.90	0.76	
0.50	0.50	0.99	48	SILO	0	131211.54	419	2744	4875	14529	55159	2	19	36	124	507	0.90	0.77	
0.50	0.50	0.99	52	SILO	0	130800.24	431	2917	5264	16309	67520	2	19	39	136	617	0.91	0.77	
0.50	0.50	0.99	56	SILO	0	130344.49	458	3118	5649	18140	74241	2	20	41	150	669	0.92	0.78	
0.50	0.50	0.99	60	SILO	0	130277.49	475	3254	5981	19720	83408	2	21	42	161	740	0.92	0.78	
0.50	0.50	0.99	64	SILO	0	129473.85	487	3385	6288	21171	99999	2	21	43	169	910	0.93	0.78	
