1 WH
	T	CC	TP	P50	P90	P99	P999	Abt
TPCC	NO_WAIT	1	47778.91	COMMIT	189450	3991319	0	0	0	ABORT	0	0	0	0	0	0	8	189	212	337	0	0	0	0	0.00	
TPCC	NO_WAIT	4	64214.48	COMMIT	62799	1776144	0	0	0	ABORT	58971	2203229	0	1970111	0	0	23	884	2810	5129	0	9	14	19	0.48	
TPCC	NO_WAIT	8	74604.51	COMMIT	37160	1086984	0	0	0	ABORT	51502	2896140	0	2694215	0	0	27	1963	5021	8365	0	12	20	29	0.58	
TPCC	NO_WAIT	12	80209.34	COMMIT	25098	735888	0	0	0	ABORT	43478	3258597	0	3097352	0	0	30	2872	6653	10952	0	15	25	36	0.63	
TPCC	NO_WAIT	16	81469.20	COMMIT	20384	638292	0	0	0	ABORT	40091	3356740	0	3202537	0	0	32	3739	8300	12543	0	17	29	40	0.66	
TPCC	NO_WAIT	20	85147.44	COMMIT	16733	498562	0	0	0	ABORT	36991	3494522	0	3357549	0	0	33	4570	9618	14670	0	19	32	45	0.69	
TPCC	NO_WAIT	24	87780.35	COMMIT	14411	451372	0	0	0	ABORT	34705	3542859	0	3419526	0	0	35	5237	10823	17071	0	21	36	52	0.71	
TPCC	NO_WAIT	28	88244.10	COMMIT	12547	384574	0	0	0	ABORT	32644	3608287	0	3493814	0	0	36	5916	12013	18647	0	23	39	55	0.72	
TPCC	NO_WAIT	32	90677.65	COMMIT	10819	342683	0	0	0	ABORT	30466	3651998	0	3541300	0	0	37	6506	13044	20388	0	24	41	62	0.74	
TPCC	NO_WAIT	36	93308.27	COMMIT	10295	334185	0	0	0	ABORT	29626	3659496	0	3548612	0	0	38	7021	13993	20361	0	26	44	61	0.75	
TPCC	WAIT_DIE	1	44994.74	COMMIT	173198	3987417	0	0	0	ABORT	0	0	0	0	0	0	13	197	226	412	0	0	0	0	0.00	
TPCC	WAIT_DIE	4	74881.34	COMMIT	73314	2507681	290588	0	0	ABORT	99655	1465701	7755	1140900	0	0	32	386	709	2037	0	8	9	10	0.58	
TPCC	WAIT_DIE	8	89045.67	COMMIT	43531	1989999	592608	0	0	ABORT	103144	1990647	22519	1616309	0	0	48	574	1034	2574	1	8	9	11	0.70	
TPCC	WAIT_DIE	12	94160.73	COMMIT	30535	1839026	786929	0	0	ABORT	90494	2150203	25874	1796560	0	0	65	801	1312	4215	3	9	10	16	0.75	
TPCC	WAIT_DIE	16	95502.25	COMMIT	23387	1800071	994885	0	0	ABORT	79157	2191892	24974	1870161	0	0	83	1037	1570	4770	4	9	10	15	0.77	
TPCC	WAIT_DIE	20	95024.93	COMMIT	18691	1808340	1161833	0	0	ABORT	69172	2183090	15643	1905928	0	0	104	1247	1876	4806	4	9	11	13	0.79	
TPCC	WAIT_DIE	24	96656.20	COMMIT	15600	1837412	1287997	0	0	ABORT	61329	2144211	15333	1891526	0	0	119	1506	2507	5634	4	10	11	19	0.80	
TPCC	WAIT_DIE	28	96996.67	COMMIT	13471	1925872	1429908	0	0	ABORT	54795	2062902	14141	1814994	0	0	133	1795	3098	5483	5	10	12	19	0.80	
TPCC	WAIT_DIE	32	98792.97	COMMIT	12049	1986569	1562389	0	0	ABORT	50203	2006583	13000	1781454	0	0	144	2117	3814	6279	5	10	12	20	0.81	
TPCC	WAIT_DIE	36	98014.67	COMMIT	10644	2023329	1626363	0	0	ABORT	45764	1969893	18849	1749328	0	0	155	2522	4475	7538	5	10	12	18	0.81	
TPCC	WOUND_WAIT	1	44866.78	COMMIT	172855	3987088	0	0	0	ABORT	0	0	0	0	0	0	13	197	226	386	0	0	0	0	0.00	
TPCC	WOUND_WAIT	4	71927.09	COMMIT	69720	3944706	1710288	0	0	ABORT	1614	46338	16239	2820	0	0	39	328	430	831	0	1	1	4	0.02	
TPCC	WOUND_WAIT	8	74660.42	COMMIT	36302	3920024	2738151	0	0	ABORT	1065	71691	33872	2842	0	0	84	378	618	3895	0	1	3	6	0.03	
TPCC	WOUND_WAIT	12	77201.76	COMMIT	25027	3880931	3031424	0	0	ABORT	1067	104236	50335	2915	0	0	133	439	769	4244	0	1	4	6	0.04	
TPCC	WOUND_WAIT	16	76855.07	COMMIT	19039	3870727	3246359	0	0	ABORT	993	118517	45651	3205	0	0	188	513	975	4526	0	1	4	6	0.05	
TPCC	WOUND_WAIT	20	79196.68	COMMIT	15432	3858183	3342226	0	0	ABORT	989	136546	53815	3803	0	0	242	578	1384	5148	0	2	4	7	0.06	
TPCC	WOUND_WAIT	24	77256.17	COMMIT	12910	3853313	3420196	0	0	ABORT	910	143156	51166	2755	0	0	297	684	2255	4547	0	2	5	7	0.07	
TPCC	WOUND_WAIT	28	79576.91	COMMIT	11112	3820740	3448622	0	0	ABORT	1007	170767	64576	4028	0	0	350	797	2936	6257	0	2	5	7	0.08	
TPCC	WOUND_WAIT	32	80571.10	COMMIT	9873	3837369	3524329	0	0	ABORT	935	160995	56500	3506	0	0	402	849	2743	5787	0	3	5	7	0.09	
TPCC	WOUND_WAIT	36	76519.78	COMMIT	8308	3841825	3533593	0	0	ABORT	825	153563	55547	4172	0	0	475	983	3984	7569	0	3	5	7	0.09	
TPCC	DLOCK	1	49278.38	COMMIT	195738	3984679	87147	0	0	ABORT	0	0	0	0	0	0	8	165	185	326	0	0	0	0	0.00	
TPCC	DLOCK	4	80687.33	COMMIT	78147	3448446	1327288	0	0	ABORT	8687	535367	8911	20983	0	0	31	397	807	1480	0	2	4	7	0.12	
TPCC	DLOCK	8	90777.03	COMMIT	45506	3112751	1998644	0	0	ABORT	23000	880848	92481	85219	0	0	56	535	1291	3971	0	3	6	10	0.35	
TPCC	DLOCK	12	96257.28	COMMIT	31713	2952544	2169023	0	0	ABORT	27804	1041008	170828	123352	0	0	87	660	1798	4301	0	5	8	12	0.48	
TPCC	DLOCK	16	98383.52	COMMIT	25046	2852145	2230462	0	0	ABORT	29755	1143239	223623	200420	0	0	125	774	2736	4501	0	6	9	13	0.55	
TPCC	DLOCK	20	104768.81	COMMIT	20228	2692982	2189815	0	0	ABORT	30330	1298831	235416	325124	0	0	160	806	3183	6427	0	7	10	14	0.60	
TPCC	DLOCK	24	105791.98	COMMIT	17903	2713910	2265983	0	0	ABORT	30391	1277347	251460	374824	0	0	198	872	3789	6221	0	7	11	16	0.63	
TPCC	DLOCK	28	101017.70	COMMIT	14524	2632281	2280044	0	0	ABORT	27298	1360732	265579	446711	0	0	244	1324	4499	7357	0	8	13	18	0.65	
TPCC	DLOCK	32	110052.80	COMMIT	13551	2566610	2237756	0	0	ABORT	27870	1427178	243156	540369	0	0	268	1115	4429	7826	1	8	13	19	0.67	
TPCC	DLOCK	36	105638.28	COMMIT	11717	2519766	2231535	0	0	ABORT	24780	1473094	278562	594772	0	0	312	1652	5598	8478	1	9	15	20	0.68	
TPCC	HLOCK	1	46238.62	COMMIT	177252	3988804	335763	0	0	ABORT	0	0	0	0	0	0	13	160	187	429	0	0	0	0	0.00	
TPCC	HLOCK	4	82142.96	COMMIT	80137	3288097	1389088	0	0	ABORT	15677	704294	21918	119789	0	0	30	415	876	2955	0	4	7	9	0.18	
TPCC	HLOCK	8	103366.19	COMMIT	51356	2739381	2025545	0	0	ABORT	29642	1229554	220877	380800	0	0	45	607	1521	3809	0	7	10	12	0.38	
TPCC	HLOCK	12	109816.31	COMMIT	36713	2193963	1922952	0	0	ABORT	43341	1799187	655227	619540	0	0	65	854	2444	4649	1	8	11	14	0.55	
TPCC	HLOCK	16	112793.14	COMMIT	27680	1669239	1527289	0	0	ABORT	53878	2319424	1078947	877643	0	0	94	1076	2996	5573	1	9	12	15	0.66	
TPCC	HLOCK	20	106456.77	COMMIT	20436	1283452	1229289	0	0	ABORT	54947	2708364	1338492	1145959	0	0	132	1300	3718	6803	2	10	13	17	0.72	
TPCC	HLOCK	24	102290.22	COMMIT	16384	1008387	951330	0	0	ABORT	55115	2983957	1506658	1398424	0	0	170	1513	4028	7345	3	10	14	18	0.76	
TPCC	HLOCK	28	97859.09	COMMIT	13466	814545	778571	0	0	ABORT	50976	3177340	1577138	1586397	0	0	198	1884	4986	9031	3	11	15	21	0.78	
TPCC	HLOCK	32	97598.88	COMMIT	11041	646039	619827	0	0	ABORT	47766	3345994	1556432	1836537	0	0	229	1995	5707	10238	4	11	16	24	0.80	
TPCC	HLOCK	36	93071.96	COMMIT	9256	576779	584388	0	0	ABORT	43759	3412862	1678679	1915430	0	0	269	2221	6339	11031	4	11	17	24	0.81	
TPCC	SILO	1	57912.50	COMMIT	229256	3989317	0	0	0	ABORT	0	0	0	0	0	0	6	142	158	265	0	0	0	0	0.00	
TPCC	SILO	4	96588.01	COMMIT	95944	1819303	0	0	0	ABORT	41833	2171463	0	354993	0	0	13	548	1548	4292	0	5	9	14	0.30	
TPCC	SILO	8	116453.91	COMMIT	56022	1053037	0	0	0	ABORT	43997	2931739	0	1049304	0	0	15	1007	4848	9898	0	8	15	24	0.44	
TPCC	SILO	12	121229.97	COMMIT	41960	796444	0	0	0	ABORT	41158	3196978	0	1430855	0	0	15	1694	7155	13812	0	10	19	31	0.50	
TPCC	SILO	16	122439.67	COMMIT	28636	575383	0	0	0	ABORT	35231	3416966	0	1761886	0	0	16	2514	9702	17804	0	11	23	38	0.55	
TPCC	SILO	20	122409.98	COMMIT	24051	504200	0	0	0	ABORT	32757	3489977	0	1920356	0	0	16	3375	11855	21560	0	13	27	45	0.58	
TPCC	SILO	24	120658.42	COMMIT	20851	431246	0	0	0	ABORT	31579	3561126	0	2077147	0	0	18	4132	13673	24847	0	15	30	50	0.61	
TPCC	SILO	28	117543.93	COMMIT	16552	371445	0	0	0	ABORT	28233	3620274	0	2176492	0	0	19	4970	16624	29139	0	16	35	57	0.63	
TPCC	SILO	32	124368.22	COMMIT	15107	332741	0	0	0	ABORT	27375	3660756	0	2281616	0	0	19	5425	17820	30556	0	17	38	60	0.64	
TPCC	SILO	36	128364.11	COMMIT	14818	321510	0	0	0	ABORT	27959	3671227	0	2270853	0	0	19	5778	19901	34455	0	18	42	69	0.66	
4 WH
TPCC	NO_WAIT	1	rundb: benchmarks/tpcc_txn.cpp:136: row_t* tpcc_txn_man::payment_getCustomerByLastName(uint64_t, uint64_t, const char*, uint64_t*): Assertion `count != 100' failed.
timeout: the monitored command dumped core
./tpcc.sh: line 39: 25925 Aborted                 timeout 60 ./rundb

TPCC	NO_WAIT	4	161497.50	COMMIT	161846	3976858	0	0	0	ABORT	67	2303	0	282	0	0	14	202	240	687	0	0	0	2	0.00	
TPCC	NO_WAIT	8	218668.41	COMMIT	104653	2816463	0	0	0	ABORT	51255	1171312	0	984157	0	0	20	297	1263	3250	0	7	10	14	0.33	
TPCC	NO_WAIT	12	248200.82	COMMIT	77144	2175839	0	0	0	ABORT	56767	1811918	0	1605574	0	0	22	536	2340	4348	0	8	13	18	0.42	
TPCC	NO_WAIT	16	260285.30	COMMIT	63953	1780463	0	0	0	ABORT	57168	2209360	0	1995042	0	0	24	962	3168	5610	0	9	15	21	0.48	
TPCC	NO_WAIT	20	268936.00	COMMIT	51999	1483183	0	0	0	ABORT	54146	2506766	0	2307909	0	0	25	1262	3972	6858	0	10	17	25	0.51	
TPCC	NO_WAIT	24	276419.01	COMMIT	42150	1269176	0	0	0	ABORT	50437	2720621	0	2534120	0	0	27	1625	4600	7985	0	11	19	28	0.54	
TPCC	NO_WAIT	28	275823.45	COMMIT	37899	1184228	0	0	0	ABORT	48190	2804904	0	2627222	0	0	28	1984	5307	8970	0	12	21	30	0.56	
TPCC	NO_WAIT	32	289893.92	COMMIT	36220	1020387	0	0	0	ABORT	48699	2968953	0	2793703	0	0	28	2186	5666	9847	0	13	22	32	0.58	
TPCC	NO_WAIT	36	306734.00	COMMIT	31631	913200	0	0	0	ABORT	46718	3076899	0	2907633	0	0	28	2404	6159	10397	0	13	23	34	0.59	
TPCC	WAIT_DIE	1	42408.54	COMMIT	163150	3992659	0	0	0	ABORT	0	0	0	0	0	0	14	213	247	721	0	0	0	0	0.00	
TPCC	WAIT_DIE	4	161220.98	COMMIT	156850	3976165	137	0	0	ABORT	94	3174	0	1438	0	0	15	206	255	819	0	0	0	2	0.00	
TPCC	WAIT_DIE	8	238993.59	COMMIT	111981	3247692	96458	0	0	ABORT	62400	731910	309	557374	0	0	23	246	442	1115	0	6	8	9	0.36	
TPCC	WAIT_DIE	12	287012.07	COMMIT	89790	2865603	215503	0	0	ABORT	92938	1120633	6856	852134	0	0	29	288	565	1792	0	7	8	9	0.51	
TPCC	WAIT_DIE	16	312644.98	COMMIT	71974	2599901	340485	0	0	ABORT	99744	1386522	10151	1075519	0	0	34	336	711	2316	0	7	9	10	0.58	
TPCC	WAIT_DIE	20	322807.61	COMMIT	62501	2383376	441877	0	0	ABORT	106558	1602160	11203	1262799	0	0	40	387	820	2126	0	8	9	10	0.63	
TPCC	WAIT_DIE	24	335626.69	COMMIT	54550	2220937	520543	0	0	ABORT	108600	1758100	20462	1401303	0	0	44	436	865	2428	1	8	9	11	0.66	
TPCC	WAIT_DIE	28	328637.93	COMMIT	45447	2144213	586371	0	0	ABORT	101605	1841470	25554	1495808	0	0	51	514	1057	4007	1	8	9	12	0.69	
TPCC	WAIT_DIE	32	344012.22	COMMIT	40300	2063225	682742	0	0	ABORT	99111	1920846	22139	1600432	0	0	54	558	1120	4097	2	8	9	13	0.71	
TPCC	WAIT_DIE	36	370073.28	COMMIT	39126	2018707	722503	0	0	ABORT	99421	1967569	29504	1636584	0	0	55	580	1090	3800	2	8	9	12	0.72	
TPCC	WOUND_WAIT	1	rundb: benchmarks/tpcc_txn.cpp:573: row_t* tpcc_txn_man::order_status_getCustomerByLastName(uint64_t, uint64_t, const char*, uint64_t*): Assertion `count != 100' failed.
timeout: the monitored command dumped core
./tpcc.sh: line 39: 32876 Aborted                 timeout 60 ./rundb

TPCC	WOUND_WAIT	4	168258.08	COMMIT	149060	3982350	623	0	0	ABORT	47	752	0	81	0	0	14	204	258	786	0	0	0	1	0.00	
TPCC	WOUND_WAIT	8	252002.42	COMMIT	120071	3904032	500640	0	0	ABORT	3037	66101	14806	5444	0	0	22	238	306	1435	0	1	2	4	0.03	
TPCC	WOUND_WAIT	12	292437.72	COMMIT	92606	3943087	1187349	0	0	ABORT	2591	44301	12241	4274	0	0	30	261	397	2756	0	1	1	3	0.03	
TPCC	WOUND_WAIT	16	306897.33	COMMIT	74059	3940880	1730753	0	0	ABORT	1953	46687	14434	3515	0	0	39	275	469	2576	0	1	1	5	0.03	
TPCC	WOUND_WAIT	20	310118.57	COMMIT	59606	3942716	2112794	0	0	ABORT	1376	50429	18188	3082	0	0	49	290	518	1885	0	1	2	5	0.02	
TPCC	WOUND_WAIT	24	306930.12	COMMIT	48751	3928261	2366318	0	0	ABORT	1251	65832	29655	3136	0	0	62	313	655	3168	0	1	2	6	0.03	
TPCC	WOUND_WAIT	28	302073.62	COMMIT	40774	3908578	2526015	0	0	ABORT	1178	84632	48195	3679	0	0	76	336	930	4002	0	1	3	6	0.03	
TPCC	WOUND_WAIT	32	318586.67	COMMIT	39182	3919086	2723468	0	0	ABORT	1222	74898	33808	3357	0	0	84	326	591	3248	0	1	2	6	0.03	
TPCC	WOUND_WAIT	36	306605.85	COMMIT	33445	3905807	2804559	0	0	ABORT	1017	70189	31345	2964	0	0	99	373	1307	4241	0	1	3	6	0.03	
TPCC	DLOCK	1	43127.00	COMMIT	169739	3986913	106256	0	0	ABORT	0	0	0	0	0	0	14	192	226	583	0	0	0	0	0.00	
TPCC	DLOCK	4	174033.00	COMMIT	159638	3973290	91263	0	0	ABORT	11	977	0	19	0	0	15	183	253	999	0	0	0	1	0.00	
TPCC	DLOCK	8	266815.53	COMMIT	127345	3688312	502643	0	0	ABORT	4354	294573	4267	9903	0	0	21	227	475	884	0	1	3	4	0.04	
TPCC	DLOCK	12	314358.03	COMMIT	102501	3545830	937338	0	0	ABORT	5955	444726	8088	17598	0	0	26	321	671	1346	0	1	4	7	0.06	
TPCC	DLOCK	16	330229.56	COMMIT	80540	3493981	1284765	0	0	ABORT	8723	497249	13512	21834	0	0	33	361	867	2419	0	2	4	7	0.12	
TPCC	DLOCK	20	321982.81	COMMIT	62052	3374678	1526239	0	0	ABORT	11220	614908	18768	35129	0	0	42	427	1158	3464	0	2	5	9	0.18	
TPCC	DLOCK	24	320733.52	COMMIT	51697	3270963	1724462	0	0	ABORT	13628	719835	60089	38543	0	0	50	524	1502	4038	0	3	6	9	0.24	
TPCC	DLOCK	28	320315.04	COMMIT	44940	3176952	1855318	0	0	ABORT	16126	805343	71217	65523	0	0	57	614	1878	4243	0	3	7	10	0.29	
TPCC	DLOCK	32	343307.95	COMMIT	42178	3099053	1960302	0	0	ABORT	19699	890268	88145	80572	0	0	62	604	1714	4134	0	3	7	11	0.34	
TPCC	DLOCK	36	338439.85	COMMIT	35084	3047436	1997195	0	0	ABORT	19024	941803	106546	89974	0	0	72	612	1936	4305	0	4	8	11	0.37	
TPCC	HLOCK	1	38560.55	COMMIT	147220	3990925	349700	0	0	ABORT	0	0	0	0	0	0	17	186	243	1084	0	0	0	0	0.00	
TPCC	HLOCK	4	170332.34	COMMIT	152003	3978712	301465	0	0	ABORT	2	240	0	4	0	0	16	172	237	584	0	0	0	1	0.00	
TPCC	HLOCK	8	256310.03	COMMIT	118238	3652708	606003	0	0	ABORT	7738	329506	4472	33154	0	0	23	231	470	1291	0	2	4	6	0.06	
TPCC	HLOCK	12	310713.06	COMMIT	100261	3464770	963242	0	0	ABORT	12749	525661	8845	68153	0	0	28	319	686	2155	0	4	6	8	0.12	
TPCC	HLOCK	16	339445.55	COMMIT	81051	3260000	1268306	0	0	ABORT	16924	731035	11905	134044	0	0	32	366	900	1906	0	4	7	9	0.19	
TPCC	HLOCK	20	335068.68	COMMIT	67821	3164704	1524823	0	0	ABORT	19774	825160	35938	188601	0	0	39	496	1273	3548	0	5	8	10	0.25	
TPCC	HLOCK	24	334033.82	COMMIT	54858	2963556	1717657	0	0	ABORT	22259	1028025	60669	265994	0	0	46	602	1622	4156	0	6	9	11	0.30	
TPCC	HLOCK	28	346539.44	COMMIT	51287	2922410	1850999	0	0	ABORT	25307	1064589	116580	336973	0	0	50	646	1982	4272	0	7	10	12	0.35	
TPCC	HLOCK	32	363108.29	COMMIT	43462	2657723	1867838	0	0	ABORT	25948	1332875	182692	411119	0	0	53	756	2167	4502	0	7	10	13	0.39	
TPCC	HLOCK	36	353907.96	COMMIT	39245	2575725	1878600	0	0	ABORT	27412	1414032	296586	477011	0	0	61	915	2609	5602	0	8	11	14	0.43	
TPCC	SILO	1	52790.30	COMMIT	207283	3990267	0	0	0	ABORT	0	0	0	0	0	0	11	156	179	426	0	0	0	0	0.00	
TPCC	SILO	4	204600.84	COMMIT	195017	3974712	0	0	0	ABORT	29	3666	0	45	0	0	11	153	188	448	0	0	0	1	0.00	
TPCC	SILO	8	272285.56	COMMIT	129105	2808706	0	0	0	ABORT	23997	1180078	0	114097	0	0	14	311	694	1500	0	3	5	7	0.16	
TPCC	SILO	12	300564.45	COMMIT	94197	2227048	0	0	0	ABORT	33433	1761437	0	244326	0	0	15	485	1228	3429	0	5	8	11	0.26	
TPCC	SILO	16	298533.25	COMMIT	72050	1811319	0	0	0	ABORT	35699	2180341	0	451552	0	0	16	710	2231	5006	0	6	10	14	0.33	
TPCC	SILO	20	278380.35	COMMIT	57306	1565914	0	0	0	ABORT	32990	2425595	0	586704	0	0	17	1064	3571	7471	0	7	12	18	0.37	
TPCC	SILO	24	271119.94	COMMIT	47214	1372707	0	0	0	ABORT	31563	2618604	0	723967	0	0	20	1398	4722	9200	0	8	13	19	0.41	
TPCC	SILO	28	260971.46	COMMIT	36411	1150376	0	0	0	ABORT	26946	2841206	0	838680	0	0	21	1810	6562	12693	0	9	15	23	0.42	
TPCC	SILO	32	287051.05	COMMIT	34395	1034375	0	0	0	ABORT	28266	2957503	0	973046	0	0	21	1893	6775	12668	0	9	16	24	0.45	
TPCC	SILO	36	278098.50	COMMIT	31513	962007	0	0	0	ABORT	28266	3027991	0	1099316	0	0	19	2216	7939	14439	0	10	17	27	0.48	
N WH
TPCC	NO_WAIT	1	45442.56	COMMIT	174966	3991965	0	0	0	ABORT	0	0	0	0	0	0	13	196	225	457	0	0	0	0	0.00	
TPCC	NO_WAIT	4	172757.21	COMMIT	159045	3977432	0	0	0	ABORT	116	3074	0	670	0	0	13	199	236	602	0	0	0	2	0.00	
TPCC	NO_WAIT	8	299412.94	COMMIT	144436	3986971	0	0	0	ABORT	57	2193	0	308	0	0	15	231	296	926	0	0	0	2	0.00	
TPCC	NO_WAIT	12	390961.62	COMMIT	130156	3985736	0	0	0	ABORT	100	3338	0	554	0	0	18	267	353	2101	0	0	0	2	0.00	
TPCC	NO_WAIT	16	460065.72	COMMIT	110763	3986927	0	0	0	ABORT	61	2757	0	414	0	0	20	320	449	2831	0	0	0	2	0.00	
TPCC	NO_WAIT	20	511460.90	COMMIT	86103	3988319	0	0	0	ABORT	84	3482	0	1071	0	0	22	362	459	2385	0	0	0	3	0.00	
TPCC	NO_WAIT	24	554407.13	COMMIT	75647	3989772	0	0	0	ABORT	50	2448	0	174	0	0	23	415	526	3050	0	0	0	3	0.00	
TPCC	NO_WAIT	28	540856.15	COMMIT	67420	3983075	0	0	0	ABORT	60	3721	0	546	0	0	27	486	658	3231	0	0	0	3	0.00	
TPCC	NO_WAIT	32	621796.75	COMMIT	64036	3987888	0	0	0	ABORT	76	4329	0	493	0	0	30	524	706	2976	0	0	0	3	0.00	
TPCC	NO_WAIT	36	637396.32	COMMIT	66259	3988714	0	0	0	ABORT	72	2611	0	643	0	0	29	561	789	3997	0	0	0	3	0.00	
TPCC	WAIT_DIE	1	47218.54	COMMIT	187154	3985913	0	0	0	ABORT	0	0	0	0	0	0	8	190	213	341	0	0	0	0	0.00	
TPCC	WAIT_DIE	4	166976.49	COMMIT	160032	3977475	134	0	0	ABORT	85	2154	0	514	0	0	14	202	241	642	0	0	0	2	0.00	
TPCC	WAIT_DIE	8	285427.23	COMMIT	139138	3987704	29	0	0	ABORT	62	1400	0	250	0	0	16	235	302	1661	0	0	0	1	0.00	
TPCC	WAIT_DIE	12	381618.74	COMMIT	122168	3989361	176	0	0	ABORT	34	1099	0	262	0	0	18	271	362	2692	0	0	0	2	0.00	
TPCC	WAIT_DIE	16	441187.13	COMMIT	109756	3990114	105	0	0	ABORT	44	1390	0	426	0	0	21	324	412	1731	0	0	0	2	0.00	
TPCC	WAIT_DIE	20	481662.37	COMMIT	86443	3989576	39	0	0	ABORT	26	960	0	210	0	0	25	380	503	2675	0	0	0	3	0.00	
TPCC	WAIT_DIE	24	516934.81	COMMIT	72117	3989488	55	0	0	ABORT	59	2757	0	571	0	0	27	441	601	3453	0	0	0	2	0.00	
TPCC	WAIT_DIE	28	529547.42	COMMIT	67426	3991100	30	0	0	ABORT	39	1451	0	249	0	0	31	511	639	3114	0	0	0	3	0.00	
TPCC	WAIT_DIE	32	586971.15	COMMIT	56991	3986634	43	0	0	ABORT	25	1028	0	231	0	0	30	536	754	3528	0	0	0	3	0.00	
TPCC	WAIT_DIE	36	680738.14	COMMIT	59092	3987305	62	0	0	ABORT	78	2910	0	899	0	0	27	551	712	2109	0	0	0	3	0.00	
TPCC	WOUND_WAIT	1	47146.28	COMMIT	186854	3985854	0	0	0	ABORT	0	0	0	0	0	0	8	191	214	356	0	0	0	0	0.00	
TPCC	WOUND_WAIT	4	169846.91	COMMIT	151433	3978696	1014	0	0	ABORT	4	316	0	8	0	0	13	202	236	436	0	0	0	0	0.00	
TPCC	WOUND_WAIT	8	289357.61	COMMIT	135710	3988635	1976	0	0	ABORT	9	546	0	18	0	0	15	232	288	661	0	0	0	1	0.00	
TPCC	WOUND_WAIT	12	386336.18	COMMIT	121954	3987044	1329	0	0	ABORT	4	587	0	8	0	0	18	269	351	1684	0	0	0	1	0.00	
TPCC	WOUND_WAIT	16	454928.24	COMMIT	106519	3984528	1249	0	0	ABORT	5	361	0	10	0	0	20	314	416	2685	0	0	0	1	0.00	
TPCC	WOUND_WAIT	20	464579.38	COMMIT	79367	3992116	1480	0	0	ABORT	3	187	0	5	0	0	25	390	511	3414	0	0	0	1	0.00	
TPCC	WOUND_WAIT	24	540375.74	COMMIT	79625	3992508	1129	0	0	ABORT	12	286	0	21	0	0	25	428	546	2889	0	0	0	1	0.00	
TPCC	WOUND_WAIT	28	558996.91	COMMIT	74121	3990606	2503	0	0	ABORT	8	276	0	14	0	0	28	492	618	3005	0	0	0	1	0.00	
TPCC	WOUND_WAIT	32	646429.17	COMMIT	73192	3991475	1624	0	0	ABORT	9	222	0	16	0	0	26	504	645	2332	0	0	0	1	0.00	
TPCC	WOUND_WAIT	36	615638.76	COMMIT	51514	3988451	1096	0	0	ABORT	13	1039	0	23	0	0	30	571	813	3792	0	0	0	1	0.00	
TPCC	DLOCK	1	49183.43	COMMIT	195359	3985128	84974	0	0	ABORT	0	0	0	0	0	0	8	165	185	315	0	0	0	0	0.00	
TPCC	DLOCK	4	172634.10	COMMIT	167206	3978820	86224	0	0	ABORT	5	721	0	9	0	0	15	182	239	589	0	0	0	1	0.00	
TPCC	DLOCK	8	281066.87	COMMIT	138957	3988401	87968	0	0	ABORT	7	642	0	11	0	0	18	221	313	1882	0	0	0	1	0.00	
TPCC	DLOCK	12	424238.36	COMMIT	135758	3989793	83022	0	0	ABORT	37	927	1	65	0	0	17	249	361	983	0	0	0	1	0.00	
TPCC	DLOCK	16	456495.80	COMMIT	102350	3993041	88783	0	0	ABORT	2	510	0	4	0	0	21	306	422	2462	0	0	0	1	0.00	
TPCC	DLOCK	20	488174.19	COMMIT	87992	3992080	65356	0	0	ABORT	1	50	0	2	0	0	24	366	525	3409	0	0	0	1	0.00	
TPCC	DLOCK	24	504095.01	COMMIT	69114	3992122	77837	0	0	ABORT	7	455	0	13	0	0	27	435	624	3845	0	0	0	1	0.00	
TPCC	DLOCK	28	521016.41	COMMIT	72511	3988975	63962	0	0	ABORT	14	338	4	27	0	0	31	498	715	4055	0	0	0	1	0.00	
TPCC	DLOCK	32	564107.55	COMMIT	60768	3992736	70168	0	0	ABORT	7	251	0	11	0	0	31	527	768	3661	0	0	0	1	0.00	
TPCC	DLOCK	36	664416.60	COMMIT	63016	3987618	53704	0	0	ABORT	12	170	0	20	0	0	29	553	706	2908	0	0	0	1	0.00	
TPCC	HLOCK	1	48239.07	COMMIT	190012	3988334	330852	0	0	ABORT	0	0	0	0	0	0	8	154	173	253	0	0	0	0	0.00	
TPCC	HLOCK	4	162918.33	COMMIT	160859	3978394	309048	0	0	ABORT	10	1322	0	21	0	0	16	170	223	645	0	0	0	1	0.00	
TPCC	HLOCK	8	287830.68	COMMIT	143641	3983270	296845	0	0	ABORT	10	1123	0	36	0	0	18	197	250	1034	0	0	0	0	0.00	
TPCC	HLOCK	12	390109.59	COMMIT	127797	3989608	272632	0	0	ABORT	2	266	0	4	0	0	19	231	329	2839	0	0	0	1	0.00	
TPCC	HLOCK	16	472330.86	COMMIT	114420	3990050	257423	0	0	ABORT	32	466	3	61	0	0	21	281	411	2286	0	0	0	1	0.00	
TPCC	HLOCK	20	505053.52	COMMIT	89787	3991196	213874	0	0	ABORT	18	739	16	30	0	0	24	340	464	3059	0	0	0	1	0.00	
TPCC	HLOCK	24	519264.31	COMMIT	69142	3992363	214815	0	0	ABORT	14	366	0	25	0	0	29	402	517	3002	0	0	0	1	0.00	
TPCC	HLOCK	28	496771.39	COMMIT	69142	3991107	176258	0	0	ABORT	13	167	0	24	0	0	32	476	661	3735	0	0	0	1	0.00	
TPCC	HLOCK	32	580321.68	COMMIT	68043	3990546	189965	0	0	ABORT	13	1103	0	23	0	0	31	485	685	3631	0	0	0	1	0.00	
TPCC	HLOCK	36	640290.12	COMMIT	63593	3991353	166331	0	0	ABORT	19	201	2	30	0	0	31	542	682	2359	0	0	0	1	0.00	
TPCC	SILO	1	55687.55	COMMIT	214303	3990190	0	0	0	ABORT	0	0	0	0	0	0	10	147	170	302	0	0	0	0	0.00	
TPCC	SILO	4	206955.93	COMMIT	190724	3975547	0	0	0	ABORT	36	4465	0	58	0	0	12	156	209	425	0	0	0	1	0.00	
TPCC	SILO	8	344925.84	COMMIT	161013	3986035	0	0	0	ABORT	27	4067	0	45	0	0	13	183	232	918	0	0	0	1	0.00	
TPCC	SILO	12	433952.94	COMMIT	148692	3986358	0	0	0	ABORT	29	4893	0	45	0	0	16	223	292	2624	0	0	0	1	0.00	
TPCC	SILO	16	521074.22	COMMIT	123530	3988969	0	0	0	ABORT	17	3484	0	27	0	0	17	271	353	2489	0	0	0	1	0.00	
TPCC	SILO	20	531147.21	COMMIT	98679	3986171	0	0	0	ABORT	23	6431	0	38	0	0	22	345	475	2702	0	0	0	1	0.00	
TPCC	SILO	24	553598.80	COMMIT	84024	3987886	0	0	0	ABORT	25	5694	0	42	0	0	24	413	529	3167	0	0	0	1	0.00	
TPCC	SILO	28	593803.98	COMMIT	80258	3989395	0	0	0	ABORT	31	4174	0	51	0	0	24	472	598	1525	0	0	0	1	0.00	
TPCC	SILO	32	631334.15	COMMIT	68031	3983454	0	0	0	ABORT	26	9124	0	43	0	0	26	492	660	2982	0	0	0	1	0.00	
TPCC	SILO	36	661644.36	COMMIT	63022	3984282	0	0	0	ABORT	31	7774	0	49	0	0	27	539	733	3680	0	0	0	1	0.00	
