Rd	Wt	Zip	T	CC	TP	P50	P90	P99	P999	Abt
0.95	0.05	0.50	1	NO_WAIT	0	191021.48	COMMIT	759886	3958671	0	0	3545314	242695	ABORT	0	0	0	0	0	0	0	3	16	17	20	0	0	0	0	0.00	
0.95	0.05	0.50	4	NO_WAIT	0	641669.53	COMMIT	718188	3958326	0	0	3558699	237706	ABORT	2	12	0	0	7	0	0	4	21	24	27	0	0	0	0	0.00	
0.95	0.05	0.50	8	NO_WAIT	0	1234508.76	COMMIT	693941	3960658	0	0	3579792	223233	ABORT	7	59	0	0	14	33	3	4	22	24	28	0	0	0	0	0.00	
0.95	0.05	0.50	12	NO_WAIT	0	1838801.18	COMMIT	685521	3959343	0	0	3587858	226528	ABORT	8	55	0	0	20	23	2	4	22	25	30	0	0	0	0	0.00	
0.95	0.05	0.50	16	NO_WAIT	0	2415353.08	COMMIT	664979	3959758	0	0	3540894	218659	ABORT	5	33	0	0	12	12	1	5	22	25	31	0	0	0	0	0.00	
0.95	0.05	0.50	20	NO_WAIT	0	2978842.29	COMMIT	666492	3960739	0	0	3588181	221860	ABORT	23	152	0	0	57	67	6	5	23	25	33	0	0	0	0	0.00	
0.95	0.05	0.50	24	NO_WAIT	0	3523410.99	COMMIT	653963	3955801	0	0	3581974	222065	ABORT	30	186	0	0	116	48	7	5	23	26	35	0	0	0	0	0.00	
0.95	0.05	0.50	28	NO_WAIT	0	4041479.20	COMMIT	646475	3960958	0	0	3596267	216394	ABORT	22	145	0	0	62	61	6	5	24	27	37	0	0	0	0	0.00	
0.95	0.05	0.50	32	NO_WAIT	0	4525481.67	COMMIT	633679	3959788	0	0	3599635	212660	ABORT	20	135	0	0	56	57	6	5	24	28	41	0	0	0	0	0.00	
0.95	0.05	0.50	36	NO_WAIT	0	4899861.51	COMMIT	611063	3962152	0	0	3611213	201962	ABORT	20	152	0	0	34	82	9	5	25	29	44	0	0	0	0	0.00	
0.95	0.05	0.50	1	WAIT_DIE	0	188305.65	COMMIT	747416	3959874	0	0	3493734	244673	ABORT	0	0	0	0	0	0	0	3	16	17	21	0	0	0	0	0.00	
0.95	0.05	0.50	4	WAIT_DIE	0	632417.63	COMMIT	704388	3961261	4	0	3519003	229769	ABORT	0	0	0	0	0	0	0	4	22	24	28	0	0	0	0	0.00	
0.95	0.05	0.50	8	WAIT_DIE	0	1218751.57	COMMIT	682348	3962010	1	0	3538449	223443	ABORT	4	26	0	0	14	5	0	5	22	24	29	0	0	0	0	0.00	
0.95	0.05	0.50	12	WAIT_DIE	0	1812513.77	COMMIT	673179	3961084	15	0	3534300	221504	ABORT	2	21	0	0	4	11	0	5	22	25	30	0	0	0	0	0.00	
0.95	0.05	0.50	16	WAIT_DIE	0	2372089.52	COMMIT	644265	3963135	24	0	3460020	213746	ABORT	9	53	0	0	24	16	2	5	23	25	31	0	0	0	0	0.00	
0.95	0.05	0.50	20	WAIT_DIE	0	2930084.45	COMMIT	650863	3962614	11	0	3545206	213887	ABORT	7	52	0	0	11	26	2	5	23	26	33	0	0	0	0	0.00	
0.95	0.05	0.50	24	WAIT_DIE	0	3470850.99	COMMIT	642512	3961346	7	0	3538211	213789	ABORT	8	50	0	0	17	22	3	5	23	26	35	0	0	0	0	0.00	
0.95	0.05	0.50	28	WAIT_DIE	0	3971093.69	COMMIT	632470	3962765	19	0	3546987	210474	ABORT	4	29	0	0	11	10	1	5	24	27	37	0	0	0	0	0.00	
0.95	0.05	0.50	32	WAIT_DIE	0	4444045.06	COMMIT	619276	3962477	3	0	3548675	205855	ABORT	11	74	0	0	31	30	3	5	25	28	40	0	0	0	0	0.00	
0.95	0.05	0.50	36	WAIT_DIE	0	4798695.01	COMMIT	596539	3964627	8	0	3560513	198235	ABORT	10	68	0	0	21	30	3	5	26	29	43	0	0	0	0	0.00	
0.95	0.05	0.50	1	WOUND_WAIT	0	191094.93	COMMIT	758266	3959284	0	0	3503919	247732	ABORT	0	0	0	0	0	0	0	3	16	17	20	0	0	0	0	0.00	
0.95	0.05	0.50	4	WOUND_WAIT	0	635391.19	COMMIT	708410	3960814	7	0	3515328	234322	ABORT	2	24	0	0	4	13	2	4	22	24	28	0	0	0	0	0.00	
0.95	0.05	0.50	8	WOUND_WAIT	0	1242551.73	COMMIT	693457	3961737	32	0	3526387	227553	ABORT	0	0	0	0	0	0	0	4	22	24	28	0	0	0	0	0.00	
0.95	0.05	0.50	12	WOUND_WAIT	0	1830014.45	COMMIT	679104	3961745	17	0	3533358	225777	ABORT	1	19	0	0	2	10	2	5	22	25	30	0	0	0	0	0.00	
0.95	0.05	0.50	16	WOUND_WAIT	0	2399030.92	COMMIT	650287	3962366	12	2	3457629	216099	ABORT	0	0	0	0	0	0	0	5	22	25	31	0	0	0	0	0.00	
0.95	0.05	0.50	20	WOUND_WAIT	0	2952745.19	COMMIT	656657	3962041	18	0	3539656	220010	ABORT	3	57	0	0	6	41	3	5	23	25	33	0	0	0	0	0.00	
0.95	0.05	0.50	24	WOUND_WAIT	0	3494329.47	COMMIT	643614	3961838	23	1	3532420	216092	ABORT	1	11	0	0	2	3	0	5	23	26	35	0	0	0	0	0.00	
0.95	0.05	0.50	28	WOUND_WAIT	0	4004860.09	COMMIT	637298	3962929	12	0	3543586	214704	ABORT	1	15	0	0	2	7	1	5	24	27	36	0	0	0	0	0.00	
0.95	0.05	0.50	32	WOUND_WAIT	0	4491141.54	COMMIT	624986	3962520	65	0	3551041	209829	ABORT	6	103	0	0	11	72	8	5	24	27	40	0	0	0	0	0.00	
0.95	0.05	0.50	36	WOUND_WAIT	0	4870507.52	COMMIT	603703	3964093	63	13	3564161	201106	ABORT	2	34	0	0	4	21	3	5	25	29	44	0	0	0	0	0.00	
0.95	0.05	0.50	1	DLOCK	0	171316.71	COMMIT	679562	3962471	78364	0	3497901	269676	ABORT	0	0	0	0	0	0	0	4	18	19	23	0	0	0	0	0.00	
0.95	0.05	0.50	4	DLOCK	0	591307.29	COMMIT	660418	3964700	79981	0	3504595	264810	ABORT	0	0	0	0	0	0	0	5	23	26	29	0	0	0	0	0.00	
0.95	0.05	0.50	8	DLOCK	0	1166857.77	COMMIT	653374	3964728	80264	0	3486249	264581	ABORT	1	14	0	0	2	7	0	5	23	26	30	0	0	0	0	0.00	
0.95	0.05	0.50	12	DLOCK	0	1738080.34	COMMIT	647589	3963661	79519	0	3496288	269676	ABORT	1	22	0	0	2	14	0	5	24	26	31	0	0	0	0	0.00	
0.95	0.05	0.50	16	DLOCK	0	2289456.17	COMMIT	620844	3965304	77264	0	3413354	255767	ABORT	0	0	0	0	0	0	0	5	24	26	32	0	0	0	0	0.00	
0.95	0.05	0.50	20	DLOCK	0	2853259.81	COMMIT	634676	3963971	78754	0	3487709	263030	ABORT	1	10	0	0	3	2	0	5	24	26	34	0	0	0	0	0.00	
0.95	0.05	0.50	24	DLOCK	0	3409344.87	COMMIT	629044	3964679	78753	4	3485001	263572	ABORT	1	25	0	0	2	15	3	5	24	26	36	0	0	0	0	0.00	
0.95	0.05	0.50	28	DLOCK	0	3933683.06	COMMIT	624465	3964314	78140	0	3486718	261952	ABORT	1	21	0	0	2	13	0	5	24	27	37	0	0	0	0	0.00	
0.95	0.05	0.50	32	DLOCK	0	4444603.39	COMMIT	616541	3962380	78002	5	3487582	260281	ABORT	2	19	0	0	4	8	0	5	25	28	41	0	0	0	0	0.00	
0.95	0.05	0.50	36	DLOCK	0	4931750.29	COMMIT	608518	3964278	77849	0	3488775	261138	ABORT	0	0	0	0	0	0	0	5	25	28	46	0	0	0	0	0.00	
0.95	0.05	0.50	1	HLOCK	0	185417.67	COMMIT	735226	3960616	0	11251	3443812	309921	ABORT	0	0	0	0	0	0	0	4	16	18	21	0	0	0	0	0.00	
0.95	0.05	0.50	4	HLOCK	0	626086.26	COMMIT	694844	3961930	0	13656	3439761	303434	ABORT	1	13	0	0	2	5	0	4	22	24	28	0	0	0	0	0.00	
0.95	0.05	0.50	8	HLOCK	0	1236572.91	COMMIT	686560	3961882	12	14343	3437630	304500	ABORT	2	19	0	0	4	8	1	5	22	24	29	0	0	0	0	0.00	
0.95	0.05	0.50	12	HLOCK	0	1832695.20	COMMIT	678976	3960886	10	14725	3450668	304289	ABORT	1	15	0	0	2	8	0	5	22	24	30	0	0	0	0	0.00	
0.95	0.05	0.50	16	HLOCK	0	2426730.13	COMMIT	655405	3962588	2	14288	3382613	294753	ABORT	1	20	0	0	2	10	1	5	22	25	32	0	0	0	0	0.00	
0.95	0.05	0.50	20	HLOCK	0	3010046.69	COMMIT	664788	3961173	4	14928	3454662	302407	ABORT	3	40	0	0	5	25	2	5	22	25	33	0	0	0	0	0.00	
0.95	0.05	0.50	24	HLOCK	0	3579654.35	COMMIT	658290	3960324	13	14810	3452132	301996	ABORT	2	38	0	0	4	28	1	5	23	25	36	0	0	0	0	0.00	
0.95	0.05	0.50	28	HLOCK	0	4100284.45	COMMIT	647188	3961283	20	14721	3455133	300554	ABORT	3	44	0	0	6	30	1	5	23	26	39	0	0	0	0	0.00	
0.95	0.05	0.50	32	HLOCK	0	4630762.85	COMMIT	637318	3960261	14	14759	3456876	299038	ABORT	2	34	0	0	4	22	1	5	23	27	44	0	0	0	0	0.00	
0.95	0.05	0.50	36	HLOCK	0	5098965.83	COMMIT	625003	3961947	4	14541	3446697	295292	ABORT	2	16	0	0	4	5	1	5	24	28	49	0	0	0	0	0.00	
0.95	0.05	0.50	1	SILO	0	180740.77	COMMIT	719054	3962419	580808	0	3533035	238969	ABORT	0	0	0	0	0	0	0	4	17	18	22	0	0	0	0	0.00	
0.95	0.05	0.50	4	SILO	0	629120.40	COMMIT	700635	3962206	588360	0	3561102	235643	ABORT	1	22	2	0	2	14	0	4	22	24	28	0	0	0	0	0.00	
0.95	0.05	0.50	8	SILO	0	1244349.26	COMMIT	693369	3961578	594107	0	3555933	243088	ABORT	1	24	4	0	2	17	0	4	22	24	29	0	0	0	0	0.00	
0.95	0.05	0.50	12	SILO	0	1866459.11	COMMIT	692804	3961020	601280	0	3575337	237398	ABORT	3	51	4	0	5	37	1	4	22	24	32	0	0	0	0	0.00	
0.95	0.05	0.50	16	SILO	0	2465521.46	COMMIT	667800	3962595	587656	0	3481686	232842	ABORT	6	94	9	0	11	71	3	4	22	24	34	0	0	0	0	0.00	
0.95	0.05	0.50	20	SILO	0	3061746.18	COMMIT	679863	3961158	604792	0	3566067	237812	ABORT	2	41	5	0	4	32	0	4	22	25	39	0	0	0	0	0.00	
0.95	0.05	0.50	24	SILO	0	3644814.30	COMMIT	669769	3960149	603816	0	3557455	240710	ABORT	3	45	5	0	5	32	1	4	22	27	45	0	0	0	0	0.00	
0.95	0.05	0.50	28	SILO	0	4202237.48	COMMIT	665773	3961144	607488	0	3561509	237901	ABORT	10	121	12	0	18	87	3	5	22	30	52	0	0	0	0	0.00	
0.95	0.05	0.50	32	SILO	0	4748507.15	COMMIT	657913	3960080	608896	0	3566352	236742	ABORT	6	108	13	0	11	83	5	5	23	37	60	0	0	0	0	0.00	
0.95	0.05	0.50	36	SILO	0	5243615.45	COMMIT	644759	3961307	609558	0	3555869	235374	ABORT	6	115	14	0	11	92	3	5	23	49	70	0	0	0	0	0.00	
0.95	0.05	0.50	1	MOCC	0	186105.16	COMMIT	740219	3961103	637059	0	3519320	255827	ABORT	0	0	0	0	0	0	0	3	16	18	21	0	0	0	0	0.00	
0.95	0.05	0.50	4	MOCC	0	641997.95	COMMIT	716369	3960916	640879	0	3512992	251433	ABORT	0	0	0	0	0	0	0	4	21	23	28	0	0	0	0	0.00	
0.95	0.05	0.50	8	MOCC	0	1280459.93	COMMIT	714391	3961166	650682	0	3517345	255993	ABORT	1	26	2	0	2	15	1	4	21	23	29	0	0	0	0	0.00	
0.95	0.05	0.50	12	MOCC	0	1906484.20	COMMIT	709804	3960593	652549	0	3519525	253333	ABORT	6	96	10	0	11	63	10	4	21	23	30	0	0	0	0	0.00	
0.95	0.05	0.50	16	MOCC	0	2516215.15	COMMIT	677592	3960777	637862	0	3421772	248298	ABORT	3	51	8	0	5	33	6	4	21	23	32	0	0	0	0	0.00	
0.95	0.05	0.50	20	MOCC	0	3126641.82	COMMIT	697776	3960880	657083	0	3511296	253050	ABORT	5	76	12	0	9	52	8	4	21	24	37	0	0	0	0	0.00	
0.95	0.05	0.50	24	MOCC	0	3741546.24	COMMIT	691324	3958874	656071	0	3504188	255066	ABORT	9	134	13	0	16	86	16	4	22	25	41	0	0	0	0	0.00	
0.95	0.05	0.50	28	MOCC	0	4310494.94	COMMIT	679061	3960269	655813	0	3500248	253464	ABORT	6	82	8	0	11	50	10	4	22	27	48	0	0	0	0	0.00	
0.95	0.05	0.50	32	MOCC	0	4875012.23	COMMIT	675839	3959223	661941	0	3508212	252336	ABORT	9	128	15	0	16	84	14	4	22	31	54	0	0	0	0	0.00	
0.95	0.05	0.50	36	MOCC	0	5431800.74	COMMIT	667240	3959730	666543	0	3528652	253450	ABORT	9	164	15	0	16	116	18	5	22	38	62	0	0	0	0	0.00	
