Rd	Wt	Zip	T	CC	TP	P50	P90	P99	P999	Abt
0.50	0.50	0.99	1	NO_WAIT	0	153292.79	COMMIT	611844	3964509	0	3599090	202513	ABORT	0	0	0	0	0	0	5	21	23	27	0	0	0	0	0.00	
0.50	0.50	0.99	4	NO_WAIT	0	290788.94	COMMIT	325292	2407881	0	2175303	145587	ABORT	65469	1574871	0	1249900	247124	62260	6	60	387	3363	0	4	6	9	0.17	
0.50	0.50	0.99	8	NO_WAIT	0	341168.94	COMMIT	200361	1513547	0	1364889	97927	ABORT	67089	2473776	0	2138375	255133	65255	6	122	1743	9390	0	5	10	16	0.26	
0.50	0.50	0.99	12	NO_WAIT	0	388201.92	COMMIT	147108	1118558	0	1003149	77317	ABORT	66297	2868872	0	2540726	248649	64510	6	222	2910	9180	0	7	13	22	0.32	
0.50	0.50	0.99	16	NO_WAIT	0	442201.46	COMMIT	118439	906396	0	804744	68364	ABORT	68415	3086314	0	2744054	258062	67619	6	398	3806	10040	0	8	16	27	0.37	
0.50	0.50	0.99	20	NO_WAIT	0	484791.75	COMMIT	100242	774658	0	686182	62126	ABORT	71494	3213854	0	2856433	269888	70818	7	758	4538	9704	0	9	19	32	0.42	
0.50	0.50	0.99	24	NO_WAIT	0	493594.68	COMMIT	85807	666836	0	588561	54944	ABORT	66017	3321655	0	2983742	254291	67853	7	1065	5339	11052	0	10	21	36	0.44	
0.50	0.50	0.99	28	NO_WAIT	0	499280.26	COMMIT	73669	577195	0	509462	47896	ABORT	61041	3412732	0	3103993	232283	61949	7	1325	6066	12571	0	10	23	40	0.46	
0.50	0.50	0.99	32	NO_WAIT	0	506175.77	COMMIT	64041	500310	0	440388	42819	ABORT	56590	3489834	0	3204198	215020	56997	7	1599	6635	13373	0	11	24	42	0.47	
0.50	0.50	0.99	36	NO_WAIT	0	506120.23	COMMIT	59192	469936	0	411765	41567	ABORT	54512	3519592	0	3240096	209606	55563	7	1843	7419	14949	0	12	26	46	0.48	
0.50	0.50	0.99	1	WAIT_DIE	0	156318.66	COMMIT	622099	3964000	0	3602348	205158	ABORT	0	0	0	0	0	0	4	20	22	26	0	0	0	0	0.00	
0.50	0.50	0.99	4	WAIT_DIE	0	369320.97	COMMIT	377121	3015761	141477	2715636	189499	ABORT	63805	958997	1869	660215	227140	54928	6	51	182	856	0	3	5	7	0.13	
0.50	0.50	0.99	8	WAIT_DIE	0	476206.81	COMMIT	247933	2205052	232640	1963800	159091	ABORT	91302	1775863	8043	1346886	324806	77606	7	109	491	2406	0	5	7	9	0.27	
0.50	0.50	0.99	12	WAIT_DIE	0	544192.17	COMMIT	187129	1840808	311303	1635095	140208	ABORT	111079	2141317	17228	1607615	408252	93546	7	189	819	2107	0	6	7	10	0.37	
0.50	0.50	0.99	16	WAIT_DIE	0	566599.73	COMMIT	143555	1566140	353801	1381181	120542	ABORT	120299	2417726	26993	1826151	451288	101744	7	259	1057	3005	0	6	8	9	0.45	
0.50	0.50	0.99	20	WAIT_DIE	0	573749.21	COMMIT	115590	1423730	418518	1263449	111528	ABORT	129372	2560823	39438	1903366	509683	110071	8	325	950	3101	0	7	8	10	0.53	
0.50	0.50	0.99	24	WAIT_DIE	0	578508.31	COMMIT	97969	1342313	470205	1195672	104422	ABORT	136523	2642276	56854	1932949	554730	116197	8	407	770	1155	0	8	9	10	0.58	
0.50	0.50	0.99	28	WAIT_DIE	0	567018.07	COMMIT	81088	1193356	467401	1071688	88288	ABORT	122818	2792877	64534	2134212	519437	106256	8	526	1016	1343	0	8	9	10	0.60	
0.50	0.50	0.99	32	WAIT_DIE	0	557420.68	COMMIT	70436	1095714	456086	985412	80609	ABORT	114252	2890006	72403	2255943	501535	100542	8	639	1190	1539	0	8	10	10	0.62	
0.50	0.50	0.99	36	WAIT_DIE	0	546190.56	COMMIT	61650	1011132	445958	913260	72023	ABORT	105750	2976679	81649	2377111	478042	92882	8	775	1343	1769	0	9	10	11	0.63	
0.50	0.50	0.99	1	WOUND_WAIT	0	157646.41	COMMIT	627393	3963737	0	3597389	210471	ABORT	0	0	0	0	0	0	4	20	22	26	0	0	0	0	0.00	
0.50	0.50	0.99	4	WOUND_WAIT	0	321262.04	COMMIT	433154	3549910	320561	3206941	209568	ABORT	17041	424441	40615	195021	176959	47318	6	44	117	1430	0	1	3	8	0.04	
0.50	0.50	0.99	8	WOUND_WAIT	0	441882.22	COMMIT	277147	2793617	663687	2534812	165549	ABORT	22867	1188160	111359	828786	290085	61851	6	68	235	7605	0	2	5	22	0.08	
0.50	0.50	0.99	12	WOUND_WAIT	0	519136.09	COMMIT	199864	2712206	1093927	2492039	141267	ABORT	19993	1444215	150164	1081234	303920	51390	7	96	245	7082	0	2	5	21	0.10	
0.50	0.50	0.99	16	WOUND_WAIT	0	581627.91	COMMIT	192392	3324602	1743689	3091125	148782	ABORT	23817	658752	290308	106417	478711	63477	7	124	199	1051	0	2	4	9	0.12	
0.50	0.50	0.99	20	WOUND_WAIT	0	556620.01	COMMIT	124601	3247263	2151480	3075316	115074	ABORT	17752	742801	367173	161531	520432	53500	8	161	255	3222	0	3	5	14	0.13	
0.50	0.50	0.99	24	WOUND_WAIT	0	547509.25	COMMIT	92118	3298934	2449200	3154517	96703	ABORT	14525	693636	462131	44103	595208	47625	10	192	268	393	0	3	5	7	0.14	
0.50	0.50	0.99	28	WOUND_WAIT	0	533705.82	COMMIT	76754	3249036	2534326	3126667	83482	ABORT	13971	744444	517133	46446	646354	45528	11	222	308	446	0	3	5	7	0.15	
0.50	0.50	0.99	32	WOUND_WAIT	0	519534.21	COMMIT	65125	3210094	2597449	3102184	74974	ABORT	13075	783757	568380	44419	690682	42953	15	254	348	533	0	3	6	7	0.17	
0.50	0.50	0.99	36	WOUND_WAIT	0	508623.56	COMMIT	56531	3143445	2604026	3046876	67119	ABORT	12908	850432	630482	49588	752336	42811	21	282	381	583	0	4	6	7	0.18	
0.50	0.50	0.99	1	DLOCK	0	131707.30	COMMIT	524182	3969600	197073	2838366	972336	ABORT	0	0	0	0	0	0	5	24	27	31	0	0	0	0	0.00	
0.50	0.50	0.99	4	DLOCK	0	366911.56	COMMIT	390730	3583309	447250	2529513	915974	ABORT	21882	393230	42924	147330	209659	28975	7	41	90	344	0	1	3	5	0.04	
0.50	0.50	0.99	8	DLOCK	0	512371.40	COMMIT	339980	3398632	655649	2448581	831777	ABORT	27809	578371	72619	269587	266246	32545	7	59	138	2064	0	2	4	9	0.08	
0.50	0.50	0.99	12	DLOCK	0	623690.05	COMMIT	238902	2977110	969180	2240266	645798	ABORT	33288	1016602	131561	592652	368397	42868	8	88	208	5388	0	2	5	15	0.13	
0.50	0.50	0.99	16	DLOCK	0	669097.41	COMMIT	171581	2694349	1197008	2108694	505293	ABORT	34075	1292833	206343	781121	449991	47619	8	119	299	7412	0	3	6	19	0.16	
0.50	0.50	0.99	20	DLOCK	0	686791.48	COMMIT	148778	2718520	1422900	2194137	460132	ABORT	34650	1279593	246900	720460	495181	50803	8	143	314	7186	0	4	6	19	0.19	
0.50	0.50	0.99	24	DLOCK	0	
0.50	0.50	0.99	28	DLOCK	0	693053.91	COMMIT	99000	2993862	2063569	2560378	383910	ABORT	35419	995412	418466	237802	673491	70266	9	211	305	506	0	5	7	8	0.26	
0.50	0.50	0.99	32	DLOCK	0	683650.93	COMMIT	85284	2921740	2106365	2531144	347897	ABORT	33994	1067466	473231	260965	721111	72240	9	241	338	516	0	6	7	8	0.27	
0.50	0.50	0.99	36	DLOCK	0	672586.09	COMMIT	74289	2874871	2148673	2524094	313666	ABORT	32039	1116850	514102	284877	744305	75921	9	275	387	582	0	6	8	8	0.29	
0.50	0.50	0.99	1	HLOCK	0	129660.11	COMMIT	516109	3970842	258494	2769836	1062129	ABORT	0	0	0	0	0	0	5	25	27	33	0	0	0	0	0.00	
0.50	0.50	0.99	4	HLOCK	0	395929.89	COMMIT	402695	3679188	372596	2399952	1124416	ABORT	15630	296777	17217	115541	144540	30214	7	36	67	211	0	1	2	4	0.03	
0.50	0.50	0.99	8	HLOCK	0	604779.54	COMMIT	345094	3284007	398220	2092258	1072884	ABORT	23463	694789	32725	442228	194381	49891	7	45	99	1373	0	1	3	7	0.06	
0.50	0.50	0.99	12	HLOCK	0	760853.70	COMMIT	299912	2975844	449541	1812623	1056058	ABORT	39206	1073454	84309	633460	310961	112964	7	58	138	2138	0	2	4	8	0.11	
0.50	0.50	0.99	16	HLOCK	0	840945.55	COMMIT	196805	2281069	490013	1255105	934613	ABORT	62323	1807713	246663	981650	502126	298709	8	110	255	2057	0	4	6	8	0.22	
0.50	0.50	0.99	20	HLOCK	0	736079.51	COMMIT	141800	1798066	503886	909457	831551	ABORT	78411	2187635	534053	928256	627424	606184	9	226	542	2546	0	6	7	9	0.33	
0.50	0.50	0.99	24	HLOCK	0	497523.87	COMMIT	76772	1254559	509457	518573	698519	ABORT	75748	2734925	953957	1052738	621823	1035660	9	425	676	1008	0	7	8	9	0.47	
0.50	0.50	0.99	28	HLOCK	0	446929.48	COMMIT	58071	992916	422279	398009	565741	ABORT	67616	2997885	991020	1354388	553801	1062992	9	597	976	1292	0	8	9	10	0.50	
0.50	0.50	0.99	32	HLOCK	0	378640.65	COMMIT	43507	847159	410096	308351	519242	ABORT	54195	3144619	1093496	1501358	469798	1157644	9	893	1369	1671	0	9	10	11	0.52	
0.50	0.50	0.99	36	HLOCK	0	371999.42	COMMIT	36366	688180	322094	257300	412943	ABORT	50334	3301005	970235	1836739	420528	1025991	9	1090	1549	1885	0	9	10	11	0.54	
0.50	0.50	0.99	1	SILO	0	145003.57	COMMIT	578678	3966915	0	2985092	843038	ABORT	0	0	0	0	0	0	5	22	24	29	0	0	0	0	0.00	
0.50	0.50	0.99	4	SILO	0	327385.30	COMMIT	363119	2567850	0	1905735	578790	ABORT	25575	1622077	0	1318248	278880	18555	5	48	172	1685	0	2	4	7	0.07	
0.50	0.50	0.99	8	SILO	0	383818.16	COMMIT	224559	1601211	0	1184088	363098	ABORT	27298	2383821	0	2062570	295700	18096	6	67	907	8005	0	2	7	14	0.11	
0.50	0.50	0.99	12	SILO	0	456628.76	COMMIT	162327	1155341	0	847347	264070	ABORT	27458	2857655	0	2542030	291060	17324	6	86	1972	12437	0	3	10	20	0.14	
0.50	0.50	0.99	16	SILO	0	513167.80	COMMIT	128625	922236	0	672638	213034	ABORT	28474	3306064	0	2977052	302951	18350	6	108	3017	12530	0	4	13	26	0.17	
0.50	0.50	0.99	20	SILO	0	586463.07	COMMIT	146615	1039576	0	764212	240695	ABORT	31996	2979917	0	2611432	341083	19817	6	136	3843	14297	0	5	15	32	0.20	
0.50	0.50	0.99	24	SILO	0	662449.87	COMMIT	112921	802075	0	587053	187322	ABORT	31906	3187765	0	2822259	337645	19598	6	165	4717	15322	0	5	18	37	0.22	
0.50	0.50	0.99	28	SILO	0	735010.56	COMMIT	105847	753448	0	550305	177036	ABORT	33436	3240006	0	2858448	353635	19822	6	211	5531	16045	0	6	20	42	0.24	
0.50	0.50	0.99	32	SILO	0	810525.31	COMMIT	105899	754681	0	551973	177680	ABORT	35859	3234466	0	2822236	381822	21672	6	264	6155	16592	0	7	22	47	0.26	
0.50	0.50	0.99	36	SILO	0	861412.72	COMMIT	100228	722763	0	527947	169592	ABORT	37068	3327969	0	2896441	398086	22980	6	346	6916	17265	0	7	25	51	0.28	
0.50	0.50	0.99	1	NO_WAIT	0	116628.28	COMMIT	465618	3973699	0	3697730	153659	ABORT	0	0	0	0	0	0	6	27	29	33	0	0	0	0	0.00	
0.50	0.50	0.99	4	NO_WAIT	0	241611.31	COMMIT	256538	2444768	0	2256872	118088	ABORT	58664	1537040	0	1137424	301231	84458	8	81	482	3793	0	4	7	10	0.19	
0.50	0.50	0.99	8	NO_WAIT	0	284904.88	COMMIT	146553	1411060	0	1298401	75341	ABORT	59123	2576348	0	2176231	300419	86593	8	167	2105	9046	0	6	11	19	0.29	
0.50	0.50	0.99	12	NO_WAIT	0	332741.49	COMMIT	119865	1161124	0	1063550	66643	ABORT	66137	2827183	0	2377582	336896	98044	8	347	3354	9114	0	7	15	25	0.36	
0.50	0.50	0.99	16	NO_WAIT	0	371857.75	COMMIT	96164	944236	0	859287	57862	ABORT	67865	3043995	0	2574765	349501	103111	8	707	4423	9654	0	9	18	31	0.42	
0.50	0.50	0.99	20	NO_WAIT	0	381917.60	COMMIT	76692	750208	0	682476	47549	ABORT	60041	3239770	0	2825994	308666	90948	8	1092	5370	11517	0	10	21	37	0.44	
0.50	0.50	0.99	24	NO_WAIT	0	388085.52	COMMIT	66394	654354	0	592441	43373	ABORT	56173	3335557	0	2944944	290423	86334	8	1411	6310	13042	0	11	23	40	0.46	
0.50	0.50	0.99	28	NO_WAIT	0	393553.38	COMMIT	60381	590927	0	536172	38922	ABORT	54615	3399375	0	3022379	281481	82675	8	1741	7079	14484	0	11	25	44	0.48	
0.50	0.50	0.99	32	NO_WAIT	0	397912.06	COMMIT	47998	470843	0	426594	31374	ABORT	47606	3520567	0	3187512	247316	74453	8	2033	7894	16325	0	12	27	49	0.49	
0.50	0.50	0.99	36	NO_WAIT	0	399155.33	COMMIT	46425	461423	0	416364	32033	ABORT	47083	3528446	0	3200813	243244	71639	8	2344	8577	17828	0	13	29	53	0.51	
0.50	0.50	0.99	1	WAIT_DIE	0	118193.26	COMMIT	470353	3973800	0	3691662	158468	ABORT	0	0	0	0	0	0	6	27	29	34	0	0	0	0	0.00	
0.50	0.50	0.99	4	WAIT_DIE	0	297492.21	COMMIT	305127	3091442	134667	2841390	154429	ABORT	59194	885791	2418	524255	272946	72294	8	65	189	681	0	3	5	7	0.15	
0.50	0.50	0.99	8	WAIT_DIE	0	402160.24	COMMIT	213982	2400147	273845	2195387	134453	ABORT	89058	1581610	10852	1040176	409244	106909	8	136	503	1543	0	5	7	9	0.30	
0.50	0.50	0.99	12	WAIT_DIE	0	445799.94	COMMIT	151786	1887414	339182	1720199	111111	ABORT	104633	2096511	20363	1457611	486572	122196	9	217	891	2320	0	6	8	10	0.41	
0.50	0.50	0.99	16	WAIT_DIE	0	465171.29	COMMIT	117662	1638443	402896	1485885	99271	ABORT	116891	2346995	34480	1612772	560202	137960	9	294	907	3037	0	7	8	10	0.50	
0.50	0.50	0.99	20	WAIT_DIE	0	476960.57	COMMIT	96472	1486646	464156	1357019	90627	ABORT	125970	2498761	51078	1692888	621674	149552	9	381	709	1087	0	8	9	9	0.57	
0.50	0.50	0.99	24	WAIT_DIE	0	469385.53	COMMIT	80056	1332432	471550	1219070	77864	ABORT	115812	2654657	60149	1885752	593306	142623	9	518	984	1306	0	8	9	10	0.59	
0.50	0.50	0.99	28	WAIT_DIE	0	463014.90	COMMIT	67450	1202149	473865	1106202	67911	ABORT	106763	2785048	67183	2061024	563316	131333	10	640	1174	1516	0	8	9	10	0.61	
0.50	0.50	0.99	32	WAIT_DIE	0	452943.06	COMMIT	57210	1089466	468908	1006411	59736	ABORT	96492	2899370	74330	2227528	526025	120336	10	803	1362	1785	0	9	10	11	0.63	
0.50	0.50	0.99	36	WAIT_DIE	0	445756.08	COMMIT	50586	1004995	449627	929784	54388	ABORT	90755	2984450	76393	2343653	502450	114018	10	977	1550	1996	0	9	10	11	0.64	
0.50	0.50	0.99	1	WOUND_WAIT	0	117869.44	COMMIT	469262	3973884	0	3697562	158882	ABORT	0	0	0	0	0	0	6	27	29	33	0	0	0	0	0.00	
0.50	0.50	0.99	4	WOUND_WAIT	0	253185.65	COMMIT	340109	3593401	356438	3317643	163432	ABORT	13680	386122	44879	145078	184133	52504	8	56	145	1144	0	1	3	8	0.04	
0.50	0.50	0.99	8	WOUND_WAIT	0	373057.22	COMMIT	197192	2915477	906816	2706271	136685	ABORT	18841	1071150	157370	647649	345178	71861	8	94	257	7246	0	2	5	22	0.09	
0.50	0.50	0.99	12	WOUND_WAIT	0	430864.85	COMMIT	194145	3412219	1437192	3199089	135082	ABORT	20309	573569	211982	81378	412559	71628	9	123	220	5804	0	2	4	21	0.10	
0.50	0.50	0.99	16	WOUND_WAIT	0	451184.55	COMMIT	128435	3327733	1961558	3154446	106662	ABORT	16200	663130	312767	111273	481931	62567	9	166	273	2492	0	2	5	11	0.12	
0.50	0.50	0.99	20	WOUND_WAIT	0	447814.65	COMMIT	90837	3342344	2342596	3212684	86047	ABORT	13131	650810	409793	38047	553336	53677	11	208	301	421	0	3	5	7	0.13	
0.50	0.50	0.99	24	WOUND_WAIT	0	438979.70	COMMIT	73292	3268185	2453349	3158855	73155	ABORT	12323	725741	491958	41272	627559	51512	12	247	347	510	0	3	5	7	0.14	
0.50	0.50	0.99	28	WOUND_WAIT	0	427221.94	COMMIT	61521	3222270	2533201	3127022	63972	ABORT	11723	772051	545048	43157	674957	48768	13	286	401	558	0	3	6	7	0.16	
0.50	0.50	0.99	32	WOUND_WAIT	0	418558.06	COMMIT	52523	3203475	2611504	3121358	56379	ABORT	10742	791577	580094	39376	702238	45488	18	321	442	692	0	3	6	8	0.17	
0.50	0.50	0.99	36	WOUND_WAIT	0	410021.50	COMMIT	45534	3122684	2600131	3048898	50655	ABORT	10691	871756	651557	48208	772879	46024	26	358	491	732	0	4	6	8	0.19	
0.50	0.50	0.99	1	DLOCK	0	93678.59	COMMIT	373055	3979116	140714	2790342	1075124	ABORT	0	0	0	0	0	0	8	34	37	42	0	0	0	0	0.00	
0.50	0.50	0.99	4	DLOCK	0	285746.71	COMMIT	288307	3687851	430787	2570776	1011739	ABORT	15719	294237	34589	79479	187990	21330	9	55	101	254	0	1	2	5	0.04	
0.50	0.50	0.99	8	DLOCK	0	423396.96	COMMIT	233992	3439412	742015	2471961	878489	ABORT	23703	544808	95436	188239	316299	31519	10	83	194	1997	0	2	4	9	0.09	
0.50	0.50	0.99	12	DLOCK	0	493344.37	COMMIT	168159	3088606	1090507	2333819	685441	ABORT	27484	896726	146271	439122	408259	38519	10	118	249	5022	0	3	5	16	0.14	
0.50	0.50	0.99	16	DLOCK	0	503491.25	COMMIT	136540	2946280	1305079	2297449	577646	ABORT	29110	1044357	225639	474570	512131	44296	10	154	429	7842	0	4	6	19	0.17	
0.50	0.50	0.99	20	DLOCK	0	532856.17	COMMIT	110518	3016398	1663928	2450616	512606	ABORT	30037	973406	283535	329017	582348	50154	11	191	372	5412	0	4	6	16	0.21	
0.50	0.50	0.99	24	DLOCK	0	544664.98	COMMIT	91066	3089363	1942587	2587460	455273	ABORT	30164	901553	352912	177787	655676	56106	11	228	301	416	0	5	7	8	0.24	
0.50	0.50	0.99	28	DLOCK	0	541756.69	COMMIT	77399	3009381	2022500	2562220	408566	ABORT	29010	980845	411081	209082	700246	60202	11	265	359	539	0	6	7	8	0.26	
0.50	0.50	0.99	32	DLOCK	0	538515.30	COMMIT	67128	2941155	2074214	2535733	371885	ABORT	27691	1050115	466931	237535	738892	63027	12	305	413	609	0	6	7	8	0.28	
0.50	0.50	0.99	36	DLOCK	0	524716.68	COMMIT	57755	2872243	2111694	2514670	328739	ABORT	25790	1120643	518024	268220	780782	62488	12	348	493	694	0	6	8	9	0.30	
0.50	0.50	0.99	1	HLOCK	0	92169.82	COMMIT	367070	3974939	183942	2724877	1148475	ABORT	0	0	0	0	0	0	8	35	38	42	0	0	0	0	0.00	
0.50	0.50	0.99	4	HLOCK	0	302609.51	COMMIT	306829	3769256	294642	2467326	1184384	ABORT	11882	212563	13226	42379	142672	22761	9	47	81	167	0	1	2	4	0.03	
0.50	0.50	0.99	8	HLOCK	0	503131.67	COMMIT	258053	3346007	337541	2118794	1129613	ABORT	20735	625386	33269	345485	222574	49069	10	60	127	1232	0	1	3	8	0.07	
0.50	0.50	0.99	12	HLOCK	0	639529.24	COMMIT	228847	3103649	400255	1896112	1117812	ABORT	31734	880310	73332	448294	322773	95471	10	71	139	1773	0	2	4	8	0.12	
0.50	0.50	0.99	16	HLOCK	0	767680.38	COMMIT	192067	2808870	470420	1623655	1096058	ABORT	52612	1176273	174621	396443	544275	213477	11	102	202	1663	0	3	5	9	0.20	
0.50	0.50	0.99	20	HLOCK	0	706471.27	COMMIT	139334	2167961	453028	1188286	922864	ABORT	68470	1818641	346585	681203	710185	403711	11	174	383	2990	0	5	7	10	0.30	
0.50	0.50	0.99	24	HLOCK	0	541097.93	COMMIT	83392	1523782	464804	729968	753921	ABORT	78174	2465651	706049	851387	807927	780598	12	333	530	787	0	7	8	9	0.44	
0.50	0.50	0.99	28	HLOCK	0	452961.27	COMMIT	58598	1169675	413580	521710	618171	ABORT	67626	2821577	848794	1162480	714023	918009	12	525	840	1176	0	8	9	10	0.50	
0.50	0.50	0.99	32	HLOCK	0	397255.86	COMMIT	44021	945512	370593	398354	526774	ABORT	57866	3046352	918202	1425731	623093	980569	12	740	1180	1460	0	8	9	10	0.53	
0.50	0.50	0.99	36	HLOCK	0	366984.20	COMMIT	36082	823216	341644	335154	471252	ABORT	50833	3165860	936236	1590993	562683	994721	12	980	1435	1736	0	9	10	11	0.55	
0.50	0.50	0.99	1	SILO	0	99530.24	COMMIT	397427	3978053	0	2873422	1011917	ABORT	0	0	0	0	0	0	7	32	35	39	0	0	0	0	0.00	
0.50	0.50	0.99	4	SILO	0	249666.23	COMMIT	315894	3215532	0	2301307	840126	ABORT	22642	764223	0	395678	346581	16346	8	69	195	1601	0	2	4	8	0.07	
0.50	0.50	0.99	8	SILO	0	297797.31	COMMIT	162956	1665896	0	1189604	437336	ABORT	23507	2406616	0	2024380	360757	15834	8	100	1244	6861	0	3	9	17	0.13	
0.50	0.50	0.99	12	SILO	0	375619.43	COMMIT	124602	1274380	0	903686	337077	ABORT	26530	2734216	0	2302146	408254	16994	8	138	2855	11272	0	4	13	26	0.17	
0.50	0.50	0.99	16	SILO	0	442334.08	COMMIT	122088	1250300	0	884683	330158	ABORT	29885	2760465	0	2273027	460397	18915	8	187	4219	13753	0	5	16	33	0.21	
0.50	0.50	0.99	20	SILO	0	513316.77	COMMIT	101006	1029847	0	730948	274816	ABORT	30789	2979915	0	2474502	479074	19047	8	249	5437	15710	0	6	20	42	0.24	
0.50	0.50	0.99	24	SILO	0	559359.50	COMMIT	100228	1023920	0	726094	273102	ABORT	34301	2968518	0	2402132	536835	20568	8	332	6626	16463	0	7	23	49	0.26	
0.50	0.50	0.99	28	SILO	0	576304.46	COMMIT	88533	903494	0	640358	241399	ABORT	31899	3087764	0	2559314	501413	19174	8	418	7533	19329	0	8	26	55	0.28	
0.50	0.50	0.99	32	SILO	0	588566.91	COMMIT	79688	814413	0	577289	218166	ABORT	30776	3177402	0	2663991	487546	18258	8	581	8402	21187	0	8	28	61	0.29	
0.50	0.50	0.99	36	SILO	0	602410.91	COMMIT	67724	697968	0	493894	186673	ABORT	28954	3292221	0	2804048	462245	17714	8	734	9291	22840	0	9	30	65	0.30	
0.50	0.50	0.99	1	NO_WAIT	0	78331.84	COMMIT	312649	3982397	0	3796714	104907	ABORT	0	0	0	0	0	0	9	40	43	48	0	0	0	0	0.00	
0.50	0.50	0.99	4	NO_WAIT	0	181892.27	COMMIT	186342	2554541	0	2416998	87725	ABORT	50953	1431833	0	908707	391592	119736	11	125	648	3734	0	5	8	11	0.22	
0.50	0.50	0.99	8	NO_WAIT	0	221485.61	COMMIT	108092	1494468	0	1408465	58828	ABORT	56249	2675370	0	2088338	436998	137373	11	294	2712	7373	0	7	13	22	0.34	
0.50	0.50	0.99	12	NO_WAIT	0	250252.55	COMMIT	87490	1210150	0	1138007	50141	ABORT	60806	2780666	0	2137789	478187	151549	11	686	4245	8949	0	9	18	30	0.41	
0.50	0.50	0.99	16	NO_WAIT	0	260063.56	COMMIT	65608	909540	0	851203	39456	ABORT	52424	3081605	0	2520466	414722	133369	11	1196	5695	11649	0	10	21	37	0.45	
0.50	0.50	0.99	20	NO_WAIT	0	265787.71	COMMIT	54590	755994	0	708469	33313	ABORT	48408	3236044	0	2727377	376525	120832	11	1676	6794	13814	0	11	24	42	0.48	
0.50	0.50	0.99	24	NO_WAIT	0	266889.20	COMMIT	45075	629210	0	587924	29125	ABORT	44040	3363208	0	2889310	349617	113750	12	2120	8165	16641	0	12	28	50	0.50	
0.50	0.50	0.99	28	NO_WAIT	0	271206.20	COMMIT	40893	569547	0	531929	26655	ABORT	42751	3422945	0	2964318	337950	110127	12	2498	9340	19004	0	13	31	55	0.52	
0.50	0.50	0.99	32	NO_WAIT	0	274185.53	COMMIT	34786	484144	0	452053	22771	ABORT	39692	3508682	0	3089002	309791	100412	12	2891	10338	21598	0	14	33	62	0.53	
0.50	0.50	0.99	36	NO_WAIT	0	273232.13	COMMIT	31254	439539	0	408827	21975	ABORT	37392	3552029	0	3148906	296290	96784	12	3300	11573	23461	0	15	37	67	0.55	
0.50	0.50	0.99	1	WAIT_DIE	0	79042.00	COMMIT	314702	3982114	0	3790718	105827	ABORT	0	0	0	0	0	0	9	40	42	47	0	0	0	0	0.00	
0.50	0.50	0.99	4	WAIT_DIE	0	214064.45	COMMIT	215975	3154736	144608	2969072	111866	ABORT	48043	834757	2374	416869	315943	88087	11	91	211	790	0	4	6	7	0.17	
0.50	0.50	0.99	8	WAIT_DIE	0	294536.76	COMMIT	150134	2427096	297744	2274379	97686	ABORT	78033	1559105	11310	880793	513078	142254	12	179	586	1716	0	6	7	9	0.34	
0.50	0.50	0.99	12	WAIT_DIE	0	330109.80	COMMIT	111072	1980813	386603	1853395	82890	ABORT	97354	2006914	25287	1158023	648115	172702	12	270	636	2551	0	7	8	10	0.47	
0.50	0.50	0.99	16	WAIT_DIE	0	343372.62	COMMIT	86506	1716672	458017	1603697	70906	ABORT	103062	2271194	40275	1344061	705564	189790	12	391	715	1103	0	7	9	9	0.54	
0.50	0.50	0.99	20	WAIT_DIE	0	340948.71	COMMIT	69137	1488581	485157	1402524	58374	ABORT	96657	2501033	55052	1609954	685389	179921	12	552	1031	1379	0	8	9	10	0.58	
0.50	0.50	0.99	24	WAIT_DIE	0	334316.55	COMMIT	55746	1297052	482228	1224675	49337	ABORT	87541	2692897	67326	1858163	645092	166444	13	729	1269	1653	0	9	10	11	0.61	
0.50	0.50	0.99	28	WAIT_DIE	0	328894.29	COMMIT	47325	1164082	472877	1103028	41963	ABORT	80779	2827029	73069	2034423	613982	157861	13	937	1492	1912	0	9	10	11	0.63	
0.50	0.50	0.99	32	WAIT_DIE	0	323326.74	COMMIT	40378	1057549	462119	1003082	37737	ABORT	74235	2933540	80719	2191600	577666	144866	13	1130	1740	2203	0	9	11	12	0.65	
0.50	0.50	0.99	36	WAIT_DIE	0	315912.56	COMMIT	34891	978083	458419	929792	33690	ABORT	67921	3013396	86752	2315552	546400	133667	13	1310	2008	2583	0	10	11	12	0.66	
0.50	0.50	0.99	1	WOUND_WAIT	0	79120.34	COMMIT	315137	3981925	0	3791706	107066	ABORT	0	0	0	0	0	0	9	40	42	46	0	0	0	0	0.00	
0.50	0.50	0.99	4	WOUND_WAIT	0	205931.36	COMMIT	222526	3621129	488722	3418005	123254	ABORT	10007	365509	41754	127139	179611	55260	11	82	163	1531	0	1	3	8	0.04	
0.50	0.50	0.99	8	WOUND_WAIT	0	264602.01	COMMIT	139546	2948175	940815	2791656	96759	ABORT	13230	1042451	158126	613536	347707	76093	12	129	340	9818	0	2	5	25	0.08	
0.50	0.50	0.99	12	WOUND_WAIT	0	317412.46	COMMIT	115021	3434064	1741436	3289486	88710	ABORT	12006	557749	242670	67328	417128	67666	13	187	346	2017	0	2	4	10	0.10	
0.50	0.50	0.99	16	WOUND_WAIT	0	326169.01	COMMIT	81851	3405326	2177915	3287668	69335	ABORT	10391	589098	339012	30524	492999	60055	13	246	388	550	0	2	5	7	0.11	
0.50	0.50	0.99	20	WOUND_WAIT	0	318102.87	COMMIT	63950	3313882	2356243	3226164	57175	ABORT	9693	681286	441961	31551	587850	57768	14	304	470	668	0	3	5	7	0.13	
0.50	0.50	0.99	24	WOUND_WAIT	0	310343.35	COMMIT	51773	3269437	2489401	3194983	48193	ABORT	9023	725940	497776	34295	634078	53663	15	365	537	723	0	3	6	8	0.15	
0.50	0.50	0.99	28	WOUND_WAIT	0	303638.28	COMMIT	43241	3196156	2542477	3133224	41197	ABORT	8670	799441	574606	34442	708312	53017	18	418	593	862	0	3	6	8	0.17	
0.50	0.50	0.99	32	WOUND_WAIT	0	298180.24	COMMIT	37074	3173337	2611106	3118798	36873	ABORT	8123	821994	610861	34719	735111	48876	26	472	651	974	0	4	6	8	0.18	
0.50	0.50	0.99	36	WOUND_WAIT	0	291734.64	COMMIT	32428	3129356	2631553	3079291	33368	ABORT	7737	866076	657380	39901	776347	46529	37	522	710	1064	0	4	7	8	0.20	
0.50	0.50	0.99	1	DLOCK	0	58996.19	COMMIT	235153	3987115	89014	2735190	1176516	ABORT	0	0	0	0	0	0	13	55	59	65	0	0	0	0	0.00	
0.50	0.50	0.99	4	DLOCK	0	190165.39	COMMIT	191564	3793097	398412	2606523	1105753	ABORT	9289	195163	21951	28779	150525	12079	15	82	127	269	0	1	2	5	0.04	
0.50	0.50	0.99	8	DLOCK	0	296173.98	COMMIT	149713	3511318	792614	2505716	940326	ABORT	16380	478916	87508	131966	315811	24494	15	123	233	1482	0	2	4	10	0.09	
0.50	0.50	0.99	12	DLOCK	0	336678.82	COMMIT	119030	3323879	1130787	2488838	777956	ABORT	19371	666738	155256	190929	438332	28863	16	169	362	5482	0	3	5	17	0.14	
0.50	0.50	0.99	16	DLOCK	0	368270.44	COMMIT	92266	3329849	1584781	2623796	653105	ABORT	22101	660160	197786	83254	530692	35599	16	221	291	366	0	4	6	7	0.18	
0.50	0.50	0.99	20	DLOCK	0	371932.14	COMMIT	74225	3208716	1788700	2615518	555759	ABORT	22002	784244	276511	116237	617235	41906	17	278	364	465	0	5	7	7	0.22	
0.50	0.50	0.99	24	DLOCK	0	372780.46	COMMIT	61797	3112523	1912953	2596829	483766	ABORT	21185	880688	351213	143151	684038	45055	17	331	429	583	0	5	7	8	0.25	
0.50	0.50	0.99	28	DLOCK	0	370191.96	COMMIT	52331	3032690	2010829	2580769	425164	ABORT	20372	960478	406530	179004	723723	49827	17	388	505	701	0	6	8	8	0.27	
0.50	0.50	0.99	32	DLOCK	0	368559.87	COMMIT	45254	2949425	2060949	2540777	386429	ABORT	19680	1043710	468205	209325	773792	53114	17	440	600	850	0	6	8	9	0.29	
0.50	0.50	0.99	36	DLOCK	0	364046.41	COMMIT	39899	2876952	2080396	2509860	346706	ABORT	19000	1117163	510613	244643	811592	54003	17	496	690	1027	0	7	8	9	0.31	
0.50	0.50	0.99	1	HLOCK	0	58488.77	COMMIT	233131	3986891	116838	2698770	1219978	ABORT	0	0	0	0	0	0	13	56	61	65	0	0	0	0	0.00	
0.50	0.50	0.99	4	HLOCK	0	202815.02	COMMIT	204396	3840225	215188	2507988	1241548	ABORT	7001	147510	8392	15262	115414	13634	15	68	110	175	0	1	2	4	0.03	
0.50	0.50	0.99	8	HLOCK	0	370844.06	COMMIT	187475	3639163	281932	2325177	1239175	ABORT	14623	348989	26230	89245	217774	36176	15	85	131	373	0	1	3	6	0.07	
0.50	0.50	0.99	12	HLOCK	0	495578.56	COMMIT	166473	3382460	347412	2089862	1220004	ABORT	24128	605984	64434	156340	357849	80530	16	98	169	1142	0	2	4	9	0.12	
0.50	0.50	0.99	16	HLOCK	0	567390.30	COMMIT	142437	3053646	403195	1818240	1162590	ABORT	36265	935642	134641	213821	545035	159997	16	124	241	1743	0	3	5	9	0.19	
0.50	0.50	0.99	20	HLOCK	0	563865.04	COMMIT	114141	2561059	420206	1472561	1038027	ABORT	47912	1428550	231831	416410	725699	268348	17	157	322	5564	0	4	6	13	0.27	
0.50	0.50	0.99	24	HLOCK	0	522661.43	COMMIT	82127	2025612	453724	1079120	908153	ABORT	62773	1964703	477145	459240	950504	533171	17	267	408	617	0	6	7	8	0.40	
0.50	0.50	0.99	28	HLOCK	0	433417.33	COMMIT	56094	1490582	401954	744184	718170	ABORT	60629	2500598	659520	828262	927334	720873	17	446	697	1052	0	7	8	9	0.48	
0.50	0.50	0.99	32	HLOCK	0	400032.72	COMMIT	43830	1194734	344245	583760	591037	ABORT	56871	2796811	718519	1138749	866208	775115	18	605	983	1289	0	8	9	10	0.52	
0.50	0.50	0.99	36	HLOCK	0	346680.12	COMMIT	33471	974181	312076	454688	503170	ABORT	49013	3015780	787487	1386447	770147	842048	18	867	1308	1582	0	9	10	11	0.55	
0.50	0.50	0.99	1	SILO	0	61489.26	COMMIT	245577	3986266	0	2797417	1132427	ABORT	0	0	0	0	0	0	12	53	57	64	0	0	0	0	0.00	
0.50	0.50	0.99	4	SILO	0	184017.43	COMMIT	190712	3144691	0	2190269	910274	ABORT	17978	842777	0	385328	438997	14013	13	119	326	2467	0	2	5	9	0.09	
0.50	0.50	0.99	8	SILO	0	234096.06	COMMIT	119273	1966411	0	1365051	571471	ABORT	21980	2028308	0	1458390	548586	15992	13	191	2246	9284	0	4	11	23	0.16	
0.50	0.50	0.99	12	SILO	0	301559.92	COMMIT	100228	1652926	0	1144125	481456	ABORT	26288	2385984	0	1693484	668044	17580	13	270	4357	12003	0	5	17	35	0.21	
0.50	0.50	0.99	16	SILO	0	330145.19	COMMIT	85192	1410115	0	973003	412386	ABORT	27146	2581343	0	1852660	703126	18108	13	372	6166	16215	0	6	21	46	0.25	
0.50	0.50	0.99	20	SILO	0	345047.97	COMMIT	72253	1192679	0	825162	349459	ABORT	25663	2800283	0	2110239	667521	16221	13	523	7896	19690	0	7	26	55	0.27	
0.50	0.50	0.99	24	SILO	0	356774.55	COMMIT	62753	1034272	0	715558	303262	ABORT	24749	2959202	0	2286800	650382	15315	13	769	9289	22907	0	8	29	62	0.29	
0.50	0.50	0.99	28	SILO	0	365510.38	COMMIT	56845	937699	0	647891	275422	ABORT	23927	3055706	0	2404538	630434	14599	13	1088	10796	27929	0	9	33	75	0.31	
0.50	0.50	0.99	32	SILO	0	373395.86	COMMIT	49438	816870	0	564439	239960	ABORT	22534	3176954	0	2558646	598658	13898	13	1403	12092	29574	0	10	36	81	0.32	
0.50	0.50	0.99	36	SILO	0	380185.65	COMMIT	42417	704279	0	486334	206819	ABORT	21463	3288276	0	2692465	576089	13421	14	1676	13672	33488	0	11	40	90	0.34	
0.50	0.50	0.99	1	NO_WAIT	0	47486.55	COMMIT	189604	3989496	0	3878289	62073	ABORT	0	0	0	0	0	0	16	66	69	75	0	0	0	0	0.00	
0.50	0.50	0.99	4	NO_WAIT	0	118943.85	COMMIT	125869	2775375	0	2681653	60437	ABORT	40352	1215249	0	504911	529374	171644	17	210	932	3304	0	5	9	13	0.25	
0.50	0.50	0.99	8	NO_WAIT	0	147341.38	COMMIT	74442	1649721	0	1590260	40878	ABORT	47043	2342446	0	1506481	620373	205011	18	599	3614	7273	0	8	15	25	0.39	
0.50	0.50	0.99	12	NO_WAIT	0	156181.92	COMMIT	51580	1141842	0	1099583	29398	ABORT	42339	2852316	0	2086556	567394	189293	18	1318	5755	12354	0	10	21	36	0.45	
0.50	0.50	0.99	16	NO_WAIT	0	160980.58	COMMIT	41034	911647	0	874355	25516	ABORT	38855	3082202	0	2365468	527268	179921	18	2025	7772	15993	0	12	26	46	0.49	
0.50	0.50	0.99	20	NO_WAIT	0	163143.32	COMMIT	31828	705927	0	677816	19799	ABORT	35361	3288416	0	2648577	471989	159613	18	2667	9685	20622	0	13	31	58	0.52	
0.50	0.50	0.99	24	NO_WAIT	0	164542.23	COMMIT	26974	599090	0	574513	17265	ABORT	33068	3395411	0	2796275	441014	150086	18	3289	11376	24371	0	15	35	68	0.55	
0.50	0.50	0.99	28	NO_WAIT	0	165904.60	COMMIT	23472	520775	0	498875	15409	ABORT	31074	3473665	0	2912909	414166	138737	18	3884	13262	27537	0	16	40	76	0.57	
0.50	0.50	0.99	32	NO_WAIT	0	166883.79	COMMIT	20907	463597	0	444213	13871	ABORT	29570	3530944	0	2994231	395174	134424	18	4470	15156	29549	0	18	45	82	0.59	
0.50	0.50	0.99	36	NO_WAIT	0	165432.72	COMMIT	19001	424183	0	405037	13511	ABORT	28393	3568669	0	3056059	379137	125648	18	5057	17160	36437	0	19	50	99	0.60	
0.50	0.50	0.99	1	WAIT_DIE	0	47558.30	COMMIT	189759	3989356	0	3868100	64995	ABORT	0	0	0	0	0	0	16	66	68	72	0	0	0	0	0.00	
0.50	0.50	0.99	4	WAIT_DIE	0	137671.41	COMMIT	138496	3243258	152189	3116632	71218	ABORT	36090	746788	2268	264958	367841	102795	18	143	265	632	0	4	6	8	0.20	
0.50	0.50	0.99	8	WAIT_DIE	0	196190.92	COMMIT	99287	2553281	313412	2444721	65838	ABORT	67045	1437138	14819	540116	689829	186737	18	255	444	677	0	6	8	9	0.40	
0.50	0.50	0.99	12	WAIT_DIE	0	213244.85	COMMIT	70784	2024488	422995	1944047	51448	ABORT	73519	1966983	31829	930486	796275	219515	19	421	757	1132	0	7	9	10	0.51	
0.50	0.50	0.99	16	WAIT_DIE	0	214951.76	COMMIT	53632	1696370	476747	1629499	41633	ABORT	70754	2295346	46187	1261189	794597	218661	19	642	1143	1505	0	8	9	10	0.57	
0.50	0.50	0.99	20	WAIT_DIE	0	212062.33	COMMIT	42225	1454413	495301	1402581	34053	ABORT	65092	2538258	57125	1560754	754595	205299	19	911	1468	1911	0	9	10	11	0.60	
0.50	0.50	0.99	24	WAIT_DIE	0	208747.39	COMMIT	35208	1312401	510290	1268101	29112	ABORT	60226	2680780	61491	1744786	721456	198391	19	1172	1817	2329	0	9	11	12	0.63	
0.50	0.50	0.99	28	WAIT_DIE	0	203226.65	COMMIT	29240	1164325	499118	1128528	24137	ABORT	54536	2829467	80230	1955037	679380	181404	19	1435	2165	2707	0	10	11	13	0.65	
0.50	0.50	0.99	32	WAIT_DIE	0	198392.53	COMMIT	24846	1053402	487821	1022236	21243	ABORT	50466	2940623	91420	2104734	653105	170347	19	1684	2516	3173	0	10	12	14	0.67	
0.50	0.50	0.99	36	WAIT_DIE	0	194028.38	COMMIT	21760	982652	484220	954711	19047	ABORT	46923	3011335	102374	2225105	619119	154939	19	1956	2898	3590	0	11	13	14	0.68	
0.50	0.50	0.99	1	WOUND_WAIT	0	47372.72	COMMIT	189067	3989410	0	3867515	64715	ABORT	0	0	0	0	0	0	16	66	69	74	0	0	0	0	0.00	
0.50	0.50	0.99	4	WOUND_WAIT	0	135330.52	COMMIT	137321	3647504	552145	3510544	76404	ABORT	6681	344323	55745	75940	204790	60905	18	132	309	1725	0	1	3	10	0.04	
0.50	0.50	0.99	8	WOUND_WAIT	0	193823.37	COMMIT	97683	3594653	1353817	3475940	69623	ABORT	7662	398924	141465	17267	310450	67526	18	210	408	627	0	1	4	6	0.07	
0.50	0.50	0.99	12	WOUND_WAIT	0	203817.44	COMMIT	68307	3466382	1889926	3379262	52656	ABORT	7418	528757	261505	20913	434905	69464	19	314	571	797	0	2	5	7	0.10	
0.50	0.50	0.99	16	WOUND_WAIT	0	200015.71	COMMIT	50209	3382096	2216618	3312171	41455	ABORT	6635	614129	368863	22423	525298	63116	20	423	722	1016	0	2	5	7	0.12	
0.50	0.50	0.99	20	WOUND_WAIT	0	196693.84	COMMIT	39488	3288095	2372492	3235168	33661	ABORT	6423	708804	470136	24450	621600	60115	21	514	794	1074	0	3	6	8	0.14	
0.50	0.50	0.99	24	WOUND_WAIT	0	189947.58	COMMIT	31873	3206382	2462078	3161043	28434	ABORT	6144	790192	552734	27399	700409	59659	22	628	943	1323	0	3	6	8	0.16	
0.50	0.50	0.99	28	WOUND_WAIT	0	187812.59	COMMIT	26944	3181745	2554134	3144128	24055	ABORT	5533	814995	602957	24110	734714	53868	29	713	1031	1421	0	4	7	9	0.17	
0.50	0.50	0.99	32	WOUND_WAIT	0	183383.17	COMMIT	22971	3147970	2612648	3114730	21270	ABORT	5296	848983	643326	28602	767117	51057	41	816	1159	1703	0	4	7	9	0.19	
0.50	0.50	0.99	36	WOUND_WAIT	0	180941.62	COMMIT	20191	3107320	2635166	3077678	19329	ABORT	5115	889273	689387	30208	808882	48043	59	900	1268	1879	0	4	7	9	0.21	
0.50	0.50	0.99	1	DLOCK	0	33859.61	COMMIT	135165	3992945	51600	2701338	1244064	ABORT	0	0	0	0	0	0	23	98	105	110	0	0	0	0	0.00	
0.50	0.50	0.99	4	DLOCK	0	113128.97	COMMIT	113197	3824199	365435	2600642	1165013	ABORT	5253	169147	19679	15866	141772	8937	25	139	216	444	0	1	2	5	0.04	
0.50	0.50	0.99	8	DLOCK	0	181678.13	COMMIT	91652	3691895	823444	2626817	1017553	ABORT	9558	302334	44701	18629	264090	14804	26	195	267	327	0	2	3	4	0.09	
0.50	0.50	0.99	12	DLOCK	0	211921.36	COMMIT	70176	3504014	1262747	2643644	824810	ABORT	12506	488742	112484	36088	424055	22911	27	278	370	449	0	3	5	6	0.14	
0.50	0.50	0.99	16	DLOCK	0	220832.97	COMMIT	54937	3345666	1567905	2632478	680331	ABORT	13617	649872	199214	59324	554456	29742	27	368	483	584	0	4	6	7	0.19	
0.50	0.50	0.99	20	DLOCK	0	224162.84	COMMIT	44401	3229772	1781146	2627527	580342	ABORT	13643	765487	272383	83723	643667	32775	28	458	589	746	0	5	7	8	0.23	
0.50	0.50	0.99	24	DLOCK	0	225710.71	COMMIT	36909	3131167	1912737	2610132	502476	ABORT	13599	864335	336148	121383	695617	42146	28	544	692	899	0	6	8	9	0.26	
0.50	0.50	0.99	28	DLOCK	0	225099.01	COMMIT	31810	3045799	1982669	2576138	453250	ABORT	13158	949516	400824	149549	751445	43455	28	632	818	1131	0	6	8	9	0.28	
0.50	0.50	0.99	32	DLOCK	0	223693.43	COMMIT	27677	2957482	2028550	2543069	400491	ABORT	12697	1037811	464849	176490	808834	47686	28	718	940	1332	0	7	8	9	0.30	
0.50	0.50	0.99	36	DLOCK	0	223673.50	COMMIT	24243	2900332	2082683	2524195	364011	ABORT	12315	1095404	507076	207312	836457	47349	29	802	1062	1394	0	7	9	10	0.32	
0.50	0.50	0.99	1	HLOCK	0	33717.30	COMMIT	134637	3992842	68114	2679314	1269272	ABORT	0	0	0	0	0	0	23	99	106	114	0	0	0	0	0.00	
0.50	0.50	0.99	4	HLOCK	0	122075.63	COMMIT	122923	3880018	146660	2539083	1277865	ABORT	3796	113067	5274	10092	93172	7834	25	110	161	260	0	1	2	3	0.03	
0.50	0.50	0.99	8	HLOCK	0	225705.20	COMMIT	113342	3700937	219535	2372058	1276138	ABORT	8821	291963	20867	51026	210227	26687	25	137	206	555	0	1	3	7	0.07	
0.50	0.50	0.99	12	HLOCK	0	310750.80	COMMIT	104170	3535608	294267	2207453	1274678	ABORT	14132	456813	48157	62228	329485	57512	26	152	215	595	0	2	3	7	0.11	
0.50	0.50	0.99	16	HLOCK	0	374204.08	COMMIT	92807	3289850	356454	1998062	1235617	ABORT	21908	703129	102009	50831	523919	116165	27	173	234	293	0	3	4	5	0.18	
0.50	0.50	0.99	20	HLOCK	0	405269.70	COMMIT	79274	2924445	400909	1725792	1161185	ABORT	30309	1068344	190453	92870	750588	212301	28	212	286	358	0	4	5	6	0.26	
0.50	0.50	0.99	24	HLOCK	0	409861.54	COMMIT	65300	2495070	399803	1432692	1031908	ABORT	38723	1497561	296883	187425	968584	326837	28	267	364	474	0	5	6	7	0.34	
0.50	0.50	0.99	28	HLOCK	0	396760.53	COMMIT	52851	2074635	373417	1160979	886890	ABORT	44816	1917962	414534	338826	1109270	450286	29	349	489	689	0	6	7	8	0.41	
0.50	0.50	0.99	32	HLOCK	0	359277.85	COMMIT	40432	1658642	347471	896885	743591	ABORT	45655	2334722	527072	613638	1139153	567483	29	505	758	1104	0	7	8	9	0.48	
0.50	0.50	0.99	36	HLOCK	0	334960.42	COMMIT	32517	1371100	313097	720993	633719	ABORT	44410	2617194	579850	876522	1101996	621744	29	666	1039	1353	0	8	9	10	0.53	
0.50	0.50	0.99	1	SILO	0	34705.89	COMMIT	138638	3992805	0	2735868	1224382	ABORT	0	0	0	0	0	0	22	96	103	110	0	0	0	0	0.00	
0.50	0.50	0.99	4	SILO	0	112999.84	COMMIT	114885	3330082	0	2275490	1027909	ABORT	11863	662073	0	139231	509477	10472	23	212	520	2194	0	2	6	11	0.10	
0.50	0.50	0.99	8	SILO	0	162246.54	COMMIT	81890	2376212	0	1620073	735511	ABORT	18856	1617438	0	752325	846111	14420	23	379	3510	9279	0	5	14	27	0.19	
0.50	0.50	0.99	12	SILO	0	182803.33	COMMIT	61706	1791055	0	1219022	554890	ABORT	18772	2204348	0	1320377	865595	13729	23	544	6603	16598	0	6	21	45	0.24	
0.50	0.50	0.99	16	SILO	0	194839.18	COMMIT	50744	1474099	0	1001094	457848	ABORT	18522	2520657	0	1634326	867870	13377	23	843	9096	22478	0	8	27	59	0.27	
0.50	0.50	0.99	20	SILO	0	203620.16	COMMIT	42188	1226013	0	833977	381255	ABORT	17739	2769703	0	1906480	846852	11953	23	1326	11622	28291	0	9	33	71	0.30	
0.50	0.50	0.99	24	SILO	0	210722.19	COMMIT	34212	994530	0	675987	309415	ABORT	16665	3001339	0	2182034	803606	10889	23	1824	14223	33657	0	10	39	84	0.33	
0.50	0.50	0.99	28	SILO	0	217715.35	COMMIT	32451	943313	0	640824	294083	ABORT	16764	3052205	0	2224163	812974	10721	23	2323	16301	42128	0	11	44	104	0.35	
0.50	0.50	0.99	32	SILO	0	222620.83	COMMIT	26838	779316	0	529797	242577	ABORT	15968	3215841	0	2416008	785727	9973	23	2733	18375	46694	0	12	49	116	0.37	
0.50	0.50	0.99	36	SILO	0	225776.61	COMMIT	24573	714863	0	485468	222386	ABORT	15679	3279200	0	2488682	775240	10458	23	3237	20864	55007	0	14	55	135	0.39	
