bimodal, w/o log
Rd	Wt	Zip	T	CC	TP	P50	P90	P99	P999	Abt
0.95	0.05	0.80	1	NO_WAIT	0	20294.28	COMMIT	80502	3959340	0	3789919	145107	ABORT	0	0	0	0	0	0	36	167	191	2269	0	0	0	0	0.00	
0.95	0.05	0.80	4	NO_WAIT	0	74668.04	COMMIT	80294	3949166	0	3769285	155056	ABORT	208	4859	0	2061	2671	60	39	209	287	2374	0	0	0	6	0.00	
0.95	0.05	0.80	8	NO_WAIT	0	145828.19	COMMIT	68425	3900089	0	3736597	141538	ABORT	466	15160	0	6661	8221	131	40	212	286	656	0	0	3	7	0.01	
0.95	0.05	0.80	12	NO_WAIT	0	230658.61	COMMIT	72119	3853325	0	3679044	151532	ABORT	682	19356	0	6458	12479	202	38	197	284	494	0	0	4	7	0.01	
0.95	0.05	0.80	16	NO_WAIT	0	318980.81	COMMIT	70364	3795571	0	3609563	152444	ABORT	943	31639	0	13855	17140	288	37	221	362	690	0	0	5	7	0.01	
0.95	0.05	0.80	20	NO_WAIT	0	335143.85	COMMIT	62739	3738327	0	3570581	145386	ABORT	1136	40484	0	20162	19525	375	43	229	351	859	0	0	5	8	0.02	
0.95	0.05	0.80	24	NO_WAIT	0	400095.69	COMMIT	59681	3575118	0	3415000	138624	ABORT	1327	48188	0	24370	22921	425	43	238	387	1372	0	0	6	9	0.02	
0.95	0.05	0.80	28	NO_WAIT	0	458577.79	COMMIT	58626	3550596	0	3389596	139783	ABORT	1619	63102	0	31017	31021	501	43	237	404	1560	0	0	6	10	0.03	
0.95	0.05	0.80	32	NO_WAIT	0	517355.14	COMMIT	57468	3487207	0	3328913	137117	ABORT	1760	70651	0	35331	34178	580	43	240	425	1976	0	0	6	10	0.03	
0.95	0.05	0.80	36	NO_WAIT	0	549548.84	COMMIT	50470	3275317	0	3127257	128498	ABORT	1853	110409	0	67031	42031	630	45	262	500	2987	0	1	7	12	0.04	
0.95	0.05	0.80	1	WAIT_DIE	0	19790.96	COMMIT	77692	3962716	0	3785577	143879	ABORT	0	0	0	0	0	0	38	174	205	2403	0	0	0	0	0.00	
0.95	0.05	0.80	4	WAIT_DIE	0	74309.21	COMMIT	80054	3946240	437	3743474	156115	ABORT	225	6628	0	4065	2430	47	39	206	278	2548	0	0	0	6	0.00	
0.95	0.05	0.80	8	WAIT_DIE	0	146147.64	COMMIT	68072	3906698	2220	3727862	139316	ABORT	388	8717	0	3875	4599	97	40	210	289	505	0	0	3	7	0.01	
0.95	0.05	0.80	12	WAIT_DIE	0	208031.63	COMMIT	65358	3849881	2189	3668674	142710	ABORT	667	18468	0	10028	7955	194	42	225	320	574	0	0	4	7	0.01	
0.95	0.05	0.80	16	WAIT_DIE	0	282135.60	COMMIT	64485	3808640	2981	3619439	140750	ABORT	718	16267	0	7192	8570	197	41	225	323	559	0	0	5	7	0.01	
0.95	0.05	0.80	20	WAIT_DIE	0	344598.95	COMMIT	64485	3754653	5083	3561668	151817	ABORT	990	24098	10	11437	11978	265	42	222	319	556	0	0	5	7	0.02	
0.95	0.05	0.80	24	WAIT_DIE	0	399938.94	COMMIT	61197	3639528	5223	3455588	143623	ABORT	1248	31158	0	14188	16056	372	43	230	339	596	0	0	5	7	0.02	
0.95	0.05	0.80	28	WAIT_DIE	0	460338.28	COMMIT	58907	3565665	7190	3386035	140410	ABORT	1292	33731	0	15439	17351	390	43	236	373	659	0	0	6	8	0.02	
0.95	0.05	0.80	32	WAIT_DIE	0	492477.37	COMMIT	48500	3086082	8775	2935251	118354	ABORT	1200	31028	0	13813	16327	349	45	257	440	754	0	0	6	8	0.03	
0.95	0.05	0.80	36	WAIT_DIE	0	548418.84	COMMIT	49901	3312912	10700	3149231	129184	ABORT	1521	44433	0	19313	23878	536	46	260	433	797	0	0	6	8	0.03	
0.95	0.05	0.80	1	WOUND_WAIT	0	20096.94	COMMIT	80040	3964152	0	3781721	147116	ABORT	0	0	0	0	0	0	37	167	190	2658	0	0	0	0	0.00	
0.95	0.05	0.80	4	WOUND_WAIT	0	74746.38	COMMIT	80342	3954888	5318	3751430	155059	ABORT	10	603	15	21	554	10	39	205	269	2576	0	0	0	1	0.00	
0.95	0.05	0.80	8	WOUND_WAIT	0	140617.70	COMMIT	66949	3914289	10784	3730090	143560	ABORT	17	990	0	27	920	19	42	218	297	578	0	0	0	1	0.00	
0.95	0.05	0.80	12	WOUND_WAIT	0	208361.59	COMMIT	64255	3863942	15987	3681888	141338	ABORT	50	2749	79	155	2468	77	42	228	322	633	0	0	0	1	0.00	
0.95	0.05	0.80	16	WOUND_WAIT	0	272155.26	COMMIT	63443	3805768	17263	3613643	142694	ABORT	83	4603	470	159	4259	106	43	228	332	748	0	0	0	2	0.00	
0.95	0.05	0.80	20	WOUND_WAIT	0	336439.92	COMMIT	62145	3764398	22438	3581198	143393	ABORT	110	6573	569	496	5798	183	43	232	349	678	0	0	1	2	0.00	
0.95	0.05	0.80	24	WOUND_WAIT	0	403638.28	COMMIT	60828	3711501	26512	3528943	143105	ABORT	110	7594	935	312	7010	176	42	231	342	702	0	0	1	3	0.00	
0.95	0.05	0.80	28	WOUND_WAIT	0	459968.51	COMMIT	57308	3528037	36677	3353372	136942	ABORT	129	11792	3629	438	10972	273	43	238	363	765	0	0	1	3	0.00	
0.95	0.05	0.80	32	WOUND_WAIT	0	521567.91	COMMIT	56014	3451617	44401	3280985	134478	ABORT	157	11676	1663	820	10469	260	43	242	390	894	0	0	1	4	0.00	
0.95	0.05	0.80	36	WOUND_WAIT	0	551900.90	COMMIT	50801	3345844	46131	3183441	127813	ABORT	176	14160	2201	714	12947	322	45	259	427	848	0	0	1	5	0.00	
0.95	0.05	0.80	1	DLOCK	0	20147.92	COMMIT	80033	3961051	9463	3778002	148905	ABORT	0	0	0	0	0	0	37	166	189	2693	0	0	0	0	0.00	
0.95	0.05	0.80	4	DLOCK	0	74362.11	COMMIT	80566	3954467	10683	3740933	165808	ABORT	13	699	0	23	645	9	39	203	273	2634	0	0	0	1	0.00	
0.95	0.05	0.80	8	DLOCK	0	138340.05	COMMIT	66323	3901006	10298	3713326	147284	ABORT	36	2085	0	54	1968	22	43	224	304	558	0	0	0	1	0.00	
0.95	0.05	0.80	12	DLOCK	0	213957.26	COMMIT	67415	3869519	11827	3676766	153238	ABORT	44	2390	0	68	2254	26	41	213	284	550	0	0	0	1	0.00	
0.95	0.05	0.80	16	DLOCK	0	276748.84	COMMIT	64276	3788907	12728	3587641	152280	ABORT	69	3828	0	103	3599	40	42	221	300	532	0	0	0	1	0.00	
0.95	0.05	0.80	20	DLOCK	0	341974.10	COMMIT	63194	3735981	13187	3545495	150254	ABORT	69	4476	0	107	4261	40	43	223	313	544	0	0	1	1	0.00	
0.95	0.05	0.80	24	DLOCK	0	398519.97	COMMIT	61440	3709066	15085	3515554	153515	ABORT	89	4836	50	136	4545	62	43	229	323	652	0	0	1	1	0.00	
0.95	0.05	0.80	28	DLOCK	0	465142.64	COMMIT	59954	3651788	17154	3460668	152213	ABORT	104	7184	1	175	6842	70	43	234	347	733	0	0	1	1	0.00	
0.95	0.05	0.80	32	DLOCK	0	520680.42	COMMIT	57784	3582939	17552	3397337	147495	ABORT	122	7779	7	187	7383	85	44	237	352	778	0	0	1	1	0.00	
0.95	0.05	0.80	36	DLOCK	0	557334.87	COMMIT	52518	3412141	20286	3228567	147416	ABORT	125	16603	40	185	16157	132	45	249	364	1251	0	0	1	1	0.00	
0.95	0.05	0.80	1	HLOCK	0	19840.25	COMMIT	78957	3961470	8984	3772956	154632	ABORT	0	0	0	0	0	0	37	169	193	3458	0	0	0	0	0.00	
0.95	0.05	0.80	4	HLOCK	0	74921.04	COMMIT	81098	3954763	11278	3737301	168046	ABORT	16	761	0	27	701	12	39	204	274	2693	0	0	0	1	0.00	
0.95	0.05	0.80	8	HLOCK	0	140268.36	COMMIT	67507	3914709	12301	3722079	153649	ABORT	18	930	0	29	869	12	42	218	289	1210	0	0	0	1	0.00	
0.95	0.05	0.80	12	HLOCK	0	215247.98	COMMIT	66496	3870427	12153	3676465	153369	ABORT	45	2856	0	70	2704	30	41	215	295	513	0	0	0	1	0.00	
0.95	0.05	0.80	16	HLOCK	0	280387.64	COMMIT	64589	3813847	12521	3609790	154846	ABORT	67	5292	0	106	5068	43	42	222	310	606	0	0	0	1	0.00	
0.95	0.05	0.80	20	HLOCK	0	338278.98	COMMIT	62611	3756076	13962	3557454	157483	ABORT	75	4085	50	109	3790	100	43	229	320	596	0	0	1	1	0.00	
0.95	0.05	0.80	24	HLOCK	0	405796.39	COMMIT	60926	3652936	18356	3455123	159099	ABORT	96	9144	27	145	8812	92	42	231	331	980	0	0	1	1	0.00	
0.95	0.05	0.80	28	HLOCK	0	463177.42	COMMIT	59766	3651906	18192	3453871	159239	ABORT	106	10241	67	170	9823	143	43	235	351	747	0	0	1	1	0.00	
0.95	0.05	0.80	32	HLOCK	0	526377.07	COMMIT	56352	3469362	19634	3277695	154076	ABORT	124	8348	51	186	7914	135	43	238	360	690	0	0	1	1	0.00	
0.95	0.05	0.80	36	HLOCK	0	562467.32	COMMIT	55195	3516067	17740	3321595	155622	ABORT	128	8153	130	197	7600	223	45	243	333	676	0	0	1	1	0.00	
0.95	0.05	0.80	1	SILO	0	19904.24	COMMIT	78220	3961598	0	3802859	135261	ABORT	0	0	0	0	0	0	38	172	201	3525	0	0	0	0	0.00	
0.95	0.05	0.80	4	SILO	0	79631.99	COMMIT	72784	3952146	0	3796847	131705	ABORT	26	3290	0	41	3217	11	36	195	267	490	0	0	0	1	0.00	
0.95	0.05	0.80	8	SILO	0	166356.12	COMMIT	76297	3901016	0	3732620	145003	ABORT	75	13525	0	108	13332	33	36	201	343	570	0	0	0	1	0.00	
0.95	0.05	0.80	12	SILO	0	217446.72	COMMIT	67718	3859125	0	3694108	143407	ABORT	91	11638	0	136	11388	53	40	217	301	522	0	0	1	1	0.00	
0.95	0.05	0.80	16	SILO	0	281638.20	COMMIT	66419	3801170	0	3627923	141394	ABORT	132	18710	0	202	18336	67	41	220	306	548	0	0	1	1	0.00	
0.95	0.05	0.80	20	SILO	0	358034.25	COMMIT	77295	3750711	0	3569126	157157	ABORT	157	16502	0	232	16079	86	40	221	320	529	0	0	1	1	0.00	
0.95	0.05	0.80	24	SILO	0	422218.26	COMMIT	74877	3674578	0	3497453	153331	ABORT	199	21423	0	298	20896	119	40	224	325	557	0	0	1	2	0.00	
0.95	0.05	0.80	28	SILO	0	478709.02	COMMIT	62112	3591648	0	3433427	135904	ABORT	185	23147	0	278	22660	91	41	227	327	545	0	0	1	2	0.00	
0.95	0.05	0.80	32	SILO	0	542627.96	COMMIT	60485	3574991	0	3417480	136085	ABORT	225	27389	0	336	26785	132	41	237	358	591	0	0	1	2	0.00	
0.95	0.05	0.80	36	SILO	0	572086.10	COMMIT	51727	3280009	0	3135613	123186	ABORT	202	31962	0	304	31397	113	44	252	385	636	0	0	1	2	0.00	
