w/o log
	T	CC	TP	P50	P90	P99	P999	Abt
TPCC	SILO	1	55750.85	COMMIT	219793	3983347	0	0	0	ABORT	0	0	0	0	0	0	8	146	164	178	0	0	0	0	0.00	
TPCC	SILO	4	103012.07	COMMIT	103032	2122188	0	0	0	ABORT	67071	1855754	0	4385	0	0	11	397	809	1235	0	8	17	25	0.40	
TPCC	SILO	8	124908.69	COMMIT	64207	1344688	0	0	0	ABORT	119297	2633002	0	7503	0	0	13	666	1526	2465	0	22	43	66	0.66	
TPCC	SILO	12	131180.84	COMMIT	43514	1026895	0	0	0	ABORT	170783	2956434	0	10800	0	0	15	898	2387	3920	0	46	90	138	0.80	
TPCC	SILO	16	117562.66	COMMIT	27896	770392	0	0	0	ABORT	163267	3213351	0	11729	0	0	17	1565	4010	7138	0	68	136	229	0.85	
TPCC	SILO	20	102779.06	COMMIT	19155	642701	0	0	0	ABORT	172826	3338350	0	11826	0	0	18	2217	6118	10487	1	104	216	345	0.89	
TPCC	SILO	24	85360.43	COMMIT	12430	493962	0	0	0	ABORT	148238	3495272	0	4473	0	0	20	3648	9216	14841	1	130	276	452	0.91	
TPCC	SILO	28	75437.63	COMMIT	9989	471754	0	0	0	ABORT	134883	3512737	0	9055	0	0	20	4862	12508	20224	1	159	341	571	0.93	
TPCC	SILO	32	69625.43	COMMIT	7768	377417	0	0	0	ABORT	141311	3611522	0	4351	0	0	21	6102	14613	26465	1	207	479	837	0.94	
TPCC	SILO	36	60201.41	COMMIT	5647	325863	0	0	0	ABORT	141446	3656429	0	10564	0	0	22	7970	18132	30138	1	275	618	1092	0.95	
w/o log
	T	CC	TP	P50	P90	P99	P999	Abt
TPCC	DLOCK	1	46530.74	COMMIT	183398	3986080	127946	0	0	ABORT	0	0	0	0	0	0	9	172	194	208	0	0	0	0	0.00	
TPCC	DLOCK	4	97714.29	COMMIT	96733	3859107	956411	0	0	ABORT	7856	124290	3718	376	0	0	33	266	328	368	0	1	2	3	0.07	
TPCC	DLOCK	8	116187.03	COMMIT	56019	3223531	1436638	0	0	ABORT	35833	763237	13474	1784	0	0	63	282	348	414	0	3	4	5	0.35	
TPCC	DLOCK	12	121973.92	COMMIT	37649	2795088	1554635	0	0	ABORT	55420	1179051	28247	2625	0	0	97	300	373	456	0	6	7	8	0.53	
TPCC	DLOCK	16	122388.36	COMMIT	27580	2569720	1656715	0	0	ABORT	67840	1423265	55735	3245	0	0	136	308	388	625	1	8	10	12	0.64	
TPCC	DLOCK	20	122582.76	COMMIT	21546	2439978	1696164	0	0	ABORT	74095	1551672	78573	3507	0	0	176	328	414	929	1	11	13	15	0.71	
TPCC	DLOCK	24	117669.80	COMMIT	16882	2343303	1733712	0	0	ABORT	76471	1632682	100843	3654	0	0	227	354	441	965	1	13	16	18	0.76	
TPCC	DLOCK	28	115258.04	COMMIT	14118	2323051	1801017	0	0	ABORT	78150	1667111	135667	3735	0	0	277	399	473	1463	1	16	20	22	0.79	
TPCC	DLOCK	32	113122.03	COMMIT	12153	2318224	1886626	0	0	ABORT	79848	1670453	170613	4006	0	0	331	463	522	1978	2	20	24	27	0.82	
TPCC	DLOCK	36	110341.65	COMMIT	10586	2278907	1895306	0	0	ABORT	79577	1711698	202595	3936	0	0	384	534	601	3839	2	23	27	31	0.84	
