bimodal, w/o log (stored procedure)
Rd	Wt	Zip	T	CC	TP	P50	P90	P99	P999	Abt
0.50	0.50	0.99	1	DLOCK	0	97101.64	COMMIT	385894	3976720	22769	0	3680902	179684	ABORT	0	0	0	0	0	0	0	10	14	17	25	0	0	0	0	0.00	
0.50	0.50	0.99	2	DLOCK	0	229408.18	COMMIT	314318	3671282	18889	0	3375731	190549	ABORT	29739	309912	0	0	58230	221379	20426	12	22	33	56	0	1	2	3	0.03	
0.50	0.50	0.99	4	DLOCK	0	422507.23	COMMIT	282091	3330241	17151	0	3033573	197290	ABORT	57762	651175	0	0	162585	428798	40508	12	31	62	164	0	2	3	5	0.07	
0.50	0.50	0.99	8	DLOCK	0	697141.59	COMMIT	236464	2906363	14331	0	2620091	208563	ABORT	75782	1075963	0	0	433007	560296	57363	13	50	176	959	0	3	5	8	0.12	
0.50	0.50	0.99	12	DLOCK	0	805033.83	COMMIT	174170	2210566	10555	0	1979788	168762	ABORT	79837	1780376	0	0	1072611	615359	63379	14	68	445	3637	0	4	7	11	0.16	
0.50	0.50	0.99	16	DLOCK	0	
0.50	0.50	0.99	20	DLOCK	0	
0.50	0.50	0.99	24	DLOCK	0	
0.50	0.50	0.99	28	DLOCK	0	
0.50	0.50	0.99	32	DLOCK	0	
0.50	0.50	0.99	36	DLOCK	0	bimodal, w/o log (stored procedure)
Rd	Wt	Zip	T	CC	TP	P50	P90	P99	P999	Abt
0.50	0.50	0.99	1	SILO	0	246969.55	COMMIT	986232	3947170	0	0	3506144	223010	ABORT	0	0	0	0	0	0	0	3	13	15	18	0	0	0	0	0.00	
0.50	0.50	0.99	2	SILO	0	361354.69	COMMIT	822170	3709555	0	0	3321797	192777	ABORT	19326	244116	0	0	60149	170447	8190	3	19	31	76	0	1	2	2	0.01	
0.50	0.50	0.99	4	SILO	0	661323.93	COMMIT	752733	3386176	0	0	3003453	172593	ABORT	33809	570425	0	0	261901	284813	13742	3	23	68	388	0	1	2	3	0.04	
0.50	0.50	0.99	8	SILO	0	756654.31	COMMIT	320874	1440385	0	0	1286024	75900	ABORT	27733	2967497	0	0	2719234	229815	11135	3	30	133	1279	0	2	3	5	0.08	
0.50	0.50	0.99	12	SILO	0	740117.13	COMMIT	305907	1394350	0	0	1247696	73755	ABORT	33564	2584716	0	0	2286633	275929	13405	3	34	168	2657	0	2	4	7	0.10	
0.50	0.50	0.99	16	SILO	0	979027.82	COMMIT	232208	1075526	0	0	937817	56234	ABORT	29622	2948583	0	0	2688801	237454	11737	3	36	233	4194	0	2	5	8	0.11	
0.50	0.50	0.99	20	SILO	0	1017052.81	COMMIT	300818	1375328	0	0	1218616	72350	ABORT	36287	2636529	0	0	2319468	292206	14465	4	39	320	5900	0	2	5	10	0.12	
0.50	0.50	0.99	24	SILO	0	1204180.02	COMMIT	249675	1145649	0	0	1011701	61338	ABORT	32477	2836637	0	0	2552307	261447	13316	3	39	348	4884	0	2	6	11	0.12	
0.50	0.50	0.99	28	SILO	0	1170702.93	COMMIT	219345	1011587	0	0	895700	52813	ABORT	31870	2972802	0	0	2696394	254436	12926	4	44	527	5770	0	2	6	12	0.14	
0.50	0.50	0.99	32	SILO	0	1296061.35	COMMIT	284522	1311801	0	0	1162398	68600	ABORT	39257	2672522	0	0	2329163	316337	15867	4	46	663	6758	0	2	7	14	0.15	
0.50	0.50	0.99	36	SILO	0	1283027.54	COMMIT	218227	1017464	0	0	906731	54528	ABORT	34612	2965800	0	0	2660799	281351	14226	4	49	851	6821	0	3	7	15	0.16	
0.50	0.50	0.99	1	DLOCK	0	249643.55	COMMIT	992410	3946016	49360	0	3349807	332106	ABORT	0	0	0	0	0	0	0	3	13	15	18	0	0	0	0	0.00	
0.50	0.50	0.99	2	DLOCK	0	371241.92	COMMIT	868513	3907128	44272	0	3345735	325680	ABORT	4930	44578	0	0	9724	30084	3191	3	15	20	32	0	0	1	2	0.00	
0.50	0.50	0.99	4	DLOCK	0	698792.17	COMMIT	828130	3824507	41899	0	3247614	327343	ABORT	11169	128679	0	0	51520	66468	7081	3	16	30	100	0	1	2	3	0.01	
0.50	0.50	0.99	8	DLOCK	0	1170853.53	COMMIT	760661	3612564	38505	0	3068537	335040	ABORT	15732	345191	0	0	235066	95098	10350	3	18	42	252	0	1	2	4	0.03	
0.50	0.50	0.99	12	DLOCK	0	1518392.59	COMMIT	601430	2978139	30414	0	2488647	293134	ABORT	12606	987202	0	0	896244	77210	8724	3	19	47	539	0	1	2	5	0.04	
0.50	0.50	0.99	16	DLOCK	0	1921369.88	COMMIT	675193	3392078	34541	0	2800777	339682	ABORT	26241	568847	0	0	367406	172171	19016	3	24	82	754	0	1	3	6	0.05	
0.50	0.50	0.99	20	DLOCK	0	
0.50	0.50	0.99	24	DLOCK	0	2769858.68	COMMIT	632495	3205021	32030	0	2663472	358420	ABORT	20919	756736	0	0	576332	155480	17250	3	22	60	251	0	1	3	5	0.05	
0.50	0.50	0.99	28	DLOCK	0	3002023.07	COMMIT	673360	3412703	34628	0	2832653	393573	ABORT	23746	546565	0	0	337093	180488	20875	3	26	80	539	0	1	4	5	0.05	
0.50	0.50	0.99	32	DLOCK	0	3609624.42	COMMIT	726017	3703630	37080	0	3065802	437191	ABORT	17431	250368	0	0	81102	145987	16776	3	23	72	132	0	1	3	5	0.04	
0.50	0.50	0.99	36	DLOCK	0	
