bimodal, w/o log (stored procedure)
Rd	Wt	Zip	T	CC	TP	P50	P90	P99	P999	Abt
0.50	0.50	0.99	20	WOUND_WAIT	0	779255.78	COMMIT	205491	3155232	984724	866736	2895167	178513	ABORT	28673	860865	172326	150575	299684	499129	51227	6	115	188	3049	0	2	5	13	0.13	
0.50	0.50	0.99	36	WOUND_WAIT	0	645209.86	COMMIT	71936	3193012	1370583	1259872	3061367	93383	ABORT	15052	800361	311048	270235	55426	701037	37107	16	219	295	447	0	3	6	7	0.17	
0.50	0.50	0.99	20	DLOCK	0	1000873.85	COMMIT	199718	2228386	165158	988433	1823957	324213	ABORT	39477	1759700	20173	177635	1311055	379499	54293	5	107	245	4648	0	3	6	16	0.17	
0.50	0.50	0.99	36	DLOCK	0	871938.56	COMMIT	97157	2856635	163907	2044457	2536884	269275	ABORT	39446	1131988	46779	486286	308496	717987	90077	7	213	315	497	0	6	7	8	0.28	
0.50	0.50	0.99	20	HLOCK	0	688404.52	COMMIT	131268	1393155	116636	322289	635037	703417	ABORT	83826	2590722	61500	721940	1123203	495407	944004	7	297	663	2281	0	6	8	9	0.37	
0.50	0.50	0.99	36	HLOCK	0	349343.00	COMMIT	35409	598546	95643	203497	201512	380124	ABORT	46474	3394248	62757	956535	1956995	292568	1131027	7	1291	1754	2117	0	9	11	12	0.53	
0.50	0.50	0.99	20	SILO	0	734378.32	COMMIT	172892	869761	0	0	694412	134180	ABORT	35069	3255172	0	0	2961505	262541	22433	4	68	2051	12185	0	3	10	22	0.17	
0.50	0.50	0.99	36	SILO	0	1025211.62	COMMIT	124602	648797	0	0	510672	106181	ABORT	38334	3339775	0	0	3022743	282372	24401	5	116	4381	15878	0	5	17	37	0.24	
bimodal, w/o log (stored procedure)
Rd	Wt	Zip	T	CC	TP	P50	P90	P99	P999	Abt
0.50	0.50	0.99	20	DLOCK	0	781483.51	COMMIT	177178	2702943	185520	1366204	2236419	392139	ABORT	36039	1282170	27646	262020	669608	516735	81767	6	147	324	8117	0	4	6	21	0.17	
0.50	0.50	0.99	36	DLOCK	0	613334.67	COMMIT	67816	2863803	156179	2119577	2555637	271005	ABORT	27161	1123452	48046	497722	261222	753182	96963	7	318	441	640	0	6	8	8	0.27	
