Rd	Wt	Zip	T	CC	TP	P50	P90	P99	P999	Abt
0.00	1.00	0.75	1	WOUND_WAIT	0	190978.52	5	6	6	6	8	|	0	0	0	0	0	|	0
0.00	1.00	0.75	4	WOUND_WAIT	0	767846.36	5	6	6	7	10	|	0	0	0	0	0	|	25
0.00	1.00	0.75	8	WOUND_WAIT	0	1610816.97	4	5	6	7	11	|	0	0	0	0	0	|	253
0.00	1.00	0.75	12	WOUND_WAIT	0	2175751.59	5	6	6	9	14	|	0	0	0	0	0	|	771
0.00	1.00	0.75	16	WOUND_WAIT	0	3018105.90	5	6	6	9	33	|	0	0	0	0	1	|	1903
0.00	1.00	0.75	20	WOUND_WAIT	0	2984328.83	6	7	9	15	62	|	0	0	0	0	1	|	3662
0.00	1.00	0.75	24	WOUND_WAIT	0	3216300.72	6	9	11	21	79	|	0	0	0	0	1	|	5896
0.00	1.00	0.75	28	WOUND_WAIT	0	3498685.41	7	9	13	28	86	|	0	0	0	0	1	|	8329
0.00	1.00	0.75	32	WOUND_WAIT	0	3481038.06	7	11	18	39	96	|	0	0	0	0	1	|	11679
0.00	1.00	0.75	36	WOUND_WAIT	0	3514518.78	8	13	26	54	105	|	0	0	0	0	1	|	15054
0.00	1.00	0.75	40	WOUND_WAIT	0	3437579.89	8	16	39	70	116	|	0	0	0	0	1	|	18860
0.00	1.00	0.75	44	WOUND_WAIT	0	3407726.14	8	21	51	85	131	|	0	0	0	0	1	|	23538
0.00	1.00	0.75	48	WOUND_WAIT	0	3282225.24	8	29	65	101	149	|	0	0	0	0	1	|	28696
0.00	1.00	0.75	52	WOUND_WAIT	0	3257878.31	8	38	77	116	171	|	0	0	0	0	1	|	35152
0.00	1.00	0.75	56	WOUND_WAIT	0	3140658.84	8	48	91	133	195	|	0	0	0	0	1	|	41887
0.00	1.00	0.75	60	WOUND_WAIT	0	3060810.15	8	58	104	149	219	|	0	0	0	0	1	|	49570
0.00	1.00	0.75	64	WOUND_WAIT	0	3028908.92	8	67	115	163	239	|	0	0	0	0	1	|	57558
0.00	1.00	0.75	1	SILO	0	223368.43	4	5	5	5	7	|	0	0	0	0	0	|	0
0.00	1.00	0.75	4	SILO	0	934246.39	4	5	5	36	101	|	0	0	0	1	1	|	5324
0.00	1.00	0.75	8	SILO	0	1980164.14	3	4	5	77	106	|	0	0	0	1	2	|	25693
0.00	1.00	0.75	12	SILO	0	2671870.56	4	5	6	90	134	|	0	0	0	1	2	|	60652
0.00	1.00	0.75	16	SILO	0	3583291.08	4	5	31	96	160	|	0	0	1	1	2	|	102614
0.00	1.00	0.75	20	SILO	0	4208271.30	4	6	48	101	179	|	0	0	1	1	3	|	152491
0.00	1.00	0.75	24	SILO	0	4565249.33	5	7	60	105	195	|	0	0	1	2	3	|	225567
0.00	1.00	0.75	28	SILO	0	5034018.12	5	15	68	108	205	|	0	1	1	2	3	|	318861
0.00	1.00	0.75	32	SILO	0	5315134.08	5	27	74	112	224	|	0	1	1	2	3	|	402723
0.00	1.00	0.75	36	SILO	0	5868978.86	6	36	79	129	252	|	0	1	1	2	4	|	500589
0.00	1.00	0.75	40	SILO	0	5990978.28	6	44	84	138	266	|	0	1	1	2	4	|	589165
0.00	1.00	0.75	44	SILO	0	6241339.65	6	50	88	151	293	|	0	1	1	2	5	|	735967
0.00	1.00	0.75	48	SILO	0	6798176.13	6	56	92	167	338	|	0	1	1	3	5	|	904535
0.00	1.00	0.75	52	SILO	0	7040899.98	7	62	97	196	481	|	0	1	1	3	8	|	1125236
0.00	1.00	0.75	56	SILO	0	3745172.74	6	62	184	1345	4156	|	0	1	2	18	57	|	3201840
0.00	1.00	0.75	60	SILO	0	3541832.73	6	62	196	1525	4897	|	0	1	2	20	64	|	3294467
0.00	1.00	0.75	64	SILO	0	3327171.76	6	60	226	1711	5555	|	0	1	2	20	67	|	3498407
0.50	0.50	0.75	1	WOUND_WAIT	0	208529.68	4	5	5	6	9	|	0	0	0	0	0	|	0
0.50	0.50	0.75	4	WOUND_WAIT	0	811998.73	4	5	6	6	10	|	0	0	0	0	0	|	15
0.50	0.50	0.75	8	WOUND_WAIT	0	1697860.39	4	5	5	6	10	|	0	0	0	0	0	|	153
0.50	0.50	0.75	12	WOUND_WAIT	0	2293472.89	5	6	6	8	12	|	0	0	0	0	0	|	508
0.50	0.50	0.75	16	WOUND_WAIT	0	3190065.91	4	5	6	8	15	|	0	0	0	0	0	|	1159
0.50	0.50	0.75	20	WOUND_WAIT	0	3314935.83	5	7	8	12	31	|	0	0	0	0	1	|	2282
0.50	0.50	0.75	24	WOUND_WAIT	0	3639332.50	6	7	9	15	55	|	0	0	0	0	1	|	3872
0.50	0.50	0.75	28	WOUND_WAIT	0	3665603.51	7	9	11	21	73	|	0	0	0	0	1	|	6000
0.50	0.50	0.75	32	WOUND_WAIT	0	4007737.63	7	9	13	27	83	|	0	0	0	0	1	|	8418
0.50	0.50	0.75	36	WOUND_WAIT	0	4189364.41	7	10	16	37	92	|	0	0	0	0	1	|	11140
0.50	0.50	0.75	40	WOUND_WAIT	0	4012210.39	8	12	23	49	101	|	0	0	0	0	1	|	13780
0.50	0.50	0.75	44	WOUND_WAIT	0	3952146.44	8	15	33	64	111	|	0	0	0	0	1	|	17289
0.50	0.50	0.75	48	WOUND_WAIT	0	3970213.05	8	17	42	75	120	|	0	0	0	0	1	|	20852
0.50	0.50	0.75	52	WOUND_WAIT	0	3978422.59	8	22	54	89	135	|	0	0	0	0	1	|	25102
0.50	0.50	0.75	56	WOUND_WAIT	0	3843719.53	8	30	67	104	153	|	0	0	0	0	1	|	29598
0.50	0.50	0.75	60	WOUND_WAIT	0	3753179.43	8	37	77	117	170	|	0	0	0	0	1	|	34513
0.50	0.50	0.75	64	WOUND_WAIT	0	3745366.65	8	45	87	128	186	|	0	0	0	0	1	|	40715
0.50	0.50	0.75	1	SILO	0	224112.22	4	5	5	5	7	|	0	0	0	0	0	|	0
0.50	0.50	0.75	4	SILO	0	932660.86	4	5	5	6	93	|	0	0	0	0	1	|	2713
0.50	0.50	0.75	8	SILO	0	2011169.34	3	4	5	46	102	|	0	0	0	1	1	|	12800
0.50	0.50	0.75	12	SILO	0	2734797.13	4	5	5	70	105	|	0	0	0	1	1	|	31100
0.50	0.50	0.75	16	SILO	0	3843602.64	4	5	5	79	107	|	0	0	0	1	2	|	54227
0.50	0.50	0.75	20	SILO	0	3910157.43	5	6	7	87	122	|	0	0	0	1	2	|	87330
0.50	0.50	0.75	24	SILO	0	4583868.15	5	6	12	92	140	|	0	0	1	1	2	|	123487
0.50	0.50	0.75	28	SILO	0	4953292.60	5	7	26	96	150	|	0	0	1	1	2	|	165549
0.50	0.50	0.75	32	SILO	0	5319035.77	5	7	36	99	159	|	0	0	1	1	2	|	219424
0.50	0.50	0.75	36	SILO	0	5790585.82	6	8	45	101	169	|	0	0	1	1	2	|	272721
0.50	0.50	0.75	40	SILO	0	6149304.40	6	8	52	103	177	|	0	0	1	1	2	|	331157
0.50	0.50	0.75	44	SILO	0	6559486.24	6	9	58	105	185	|	0	0	1	1	3	|	407737
0.50	0.50	0.75	48	SILO	0	6946701.24	6	9	63	107	192	|	0	0	1	2	3	|	485571
0.50	0.50	0.75	52	SILO	0	7313642.45	6	15	67	109	200	|	0	1	1	2	3	|	567639
0.50	0.50	0.75	56	SILO	0	7554589.89	7	20	71	111	207	|	0	1	1	2	3	|	649334
0.50	0.50	0.75	60	SILO	0	7536071.09	7	26	75	113	213	|	0	1	1	2	3	|	728008
0.50	0.50	0.75	64	SILO	0	8041916.93	7	32	78	117	230	|	0	1	1	2	3	|	849796
1.00	0.00	0.75	1	WOUND_WAIT	0	236658.15	4	5	5	5	7	|	0	0	0	0	0	|	0
1.00	0.00	0.75	4	WOUND_WAIT	0	861167.90	4	5	5	6	7	|	0	0	0	0	0	|	0
1.00	0.00	0.75	8	WOUND_WAIT	0	1831536.40	4	5	5	5	7	|	0	0	0	0	0	|	0
1.00	0.00	0.75	12	WOUND_WAIT	0	2476586.15	4	5	5	6	9	|	0	0	0	0	0	|	0
1.00	0.00	0.75	16	WOUND_WAIT	0	3242614.42	4	5	6	6	9	|	0	0	0	0	0	|	0
1.00	0.00	0.75	20	WOUND_WAIT	0	3539711.10	5	6	6	7	12	|	0	0	0	0	0	|	0
1.00	0.00	0.75	24	WOUND_WAIT	0	4101717.99	5	6	7	8	13	|	0	0	0	0	0	|	0
1.00	0.00	0.75	28	WOUND_WAIT	0	4490092.17	6	7	7	9	14	|	0	0	0	0	0	|	0
1.00	0.00	0.75	32	WOUND_WAIT	0	4774283.81	6	7	8	10	16	|	0	0	0	0	0	|	0
1.00	0.00	0.75	36	WOUND_WAIT	0	5230984.56	6	8	8	12	17	|	0	0	0	0	0	|	0
1.00	0.00	0.75	40	WOUND_WAIT	0	5347961.29	7	8	9	13	20	|	0	0	0	0	0	|	0
1.00	0.00	0.75	44	WOUND_WAIT	0	5709367.14	7	9	9	14	22	|	0	0	0	0	0	|	0
1.00	0.00	0.75	48	WOUND_WAIT	0	5794432.85	8	9	10	15	24	|	0	0	0	0	0	|	0
1.00	0.00	0.75	52	WOUND_WAIT	0	6082648.42	8	10	11	18	34	|	0	0	0	0	0	|	0
1.00	0.00	0.75	56	WOUND_WAIT	0	6481579.69	8	9	11	22	46	|	0	0	0	0	0	|	0
1.00	0.00	0.75	60	WOUND_WAIT	0	6413452.81	8	10	13	24	53	|	0	0	0	0	0	|	0
1.00	0.00	0.75	64	WOUND_WAIT	0	6770136.79	8	10	13	28	64	|	0	0	0	0	0	|	0
1.00	0.00	0.75	1	SILO	0	246376.50	4	4	5	5	6	|	0	0	0	0	0	|	0
1.00	0.00	0.75	4	SILO	0	1165264.90	3	4	4	4	6	|	0	0	0	0	0	|	0
1.00	0.00	0.75	8	SILO	0	2290636.00	3	4	4	4	6	|	0	0	0	0	0	|	0
1.00	0.00	0.75	12	SILO	0	3071340.94	3	4	5	5	9	|	0	0	0	0	0	|	0
1.00	0.00	0.75	16	SILO	0	4150820.66	3	4	5	5	9	|	0	0	0	0	0	|	0
1.00	0.00	0.75	20	SILO	0	4766788.46	4	5	5	6	9	|	0	0	0	0	0	|	0
1.00	0.00	0.75	24	SILO	0	5389256.14	4	5	6	6	9	|	0	0	0	0	0	|	0
1.00	0.00	0.75	28	SILO	0	6036542.72	4	5	6	7	10	|	0	0	0	0	0	|	0
1.00	0.00	0.75	32	SILO	0	6744974.61	4	6	6	7	11	|	0	0	0	0	0	|	0
1.00	0.00	0.75	36	SILO	0	7418707.16	4	6	6	7	10	|	0	0	0	0	0	|	0
1.00	0.00	0.75	40	SILO	0	7916282.37	4	6	7	8	11	|	0	0	0	0	0	|	0
1.00	0.00	0.75	44	SILO	0	8580969.20	5	6	7	7	12	|	0	0	0	0	0	|	0
1.00	0.00	0.75	48	SILO	0	9209663.78	5	6	7	8	11	|	0	0	0	0	0	|	0
1.00	0.00	0.75	52	SILO	0	10063619.00	5	6	7	8	11	|	0	0	0	0	0	|	0
1.00	0.00	0.75	56	SILO	0	10452218.59	5	6	7	8	11	|	0	0	0	0	0	|	0
1.00	0.00	0.75	60	SILO	0	11048954.94	5	7	7	8	12	|	0	0	0	0	0	|	0
1.00	0.00	0.75	64	SILO	0	11452369.29	5	7	7	8	13	|	0	0	0	0	0	|	0
0.00	1.00	0.80	1	WOUND_WAIT	0	206146.59	4	5	6	6	8	|	0	0	0	0	0	|	0
0.00	1.00	0.80	4	WOUND_WAIT	0	868365.07	4	5	5	7	10	|	0	0	0	0	0	|	94
0.00	1.00	0.80	8	WOUND_WAIT	0	1532481.92	5	6	6	9	36	|	0	0	0	0	1	|	1051
0.00	1.00	0.80	12	WOUND_WAIT	0	2380681.87	4	6	7	11	76	|	0	0	0	0	1	|	3438
0.00	1.00	0.80	16	WOUND_WAIT	0	2768476.53	5	7	9	16	92	|	0	0	0	0	1	|	7759
0.00	1.00	0.80	20	WOUND_WAIT	0	2787110.51	5	10	16	31	104	|	0	0	0	0	1	|	13356
0.00	1.00	0.80	24	WOUND_WAIT	0	2666284.56	6	17	27	47	115	|	0	0	0	0	1	|	20954
0.00	1.00	0.80	28	WOUND_WAIT	0	2589281.53	6	26	39	65	130	|	0	0	0	1	1	|	30677
0.00	1.00	0.80	32	WOUND_WAIT	0	2429785.04	7	37	53	82	151	|	0	0	0	1	1	|	42507
0.00	1.00	0.80	36	WOUND_WAIT	0	2277123.10	7	51	70	105	180	|	0	0	0	1	1	|	57098
0.00	1.00	0.80	40	WOUND_WAIT	0	2134729.64	7	65	86	124	209	|	0	0	0	1	1	|	72705
0.00	1.00	0.80	44	WOUND_WAIT	0	2067327.38	7	77	102	144	237	|	0	0	0	1	2	|	91898
0.00	1.00	0.80	48	WOUND_WAIT	0	2009534.97	7	90	117	164	266	|	0	0	0	1	2	|	113038
0.00	1.00	0.80	52	WOUND_WAIT	0	1938769.38	7	104	134	186	299	|	0	0	0	1	2	|	136731
0.00	1.00	0.80	56	WOUND_WAIT	0	1867292.24	8	119	151	209	333	|	0	0	0	1	2	|	162724
0.00	1.00	0.80	60	WOUND_WAIT	0	1796784.51	8	135	170	233	369	|	0	0	0	1	2	|	190806
0.00	1.00	0.80	64	WOUND_WAIT	0	1769896.84	8	149	186	255	400	|	0	0	0	1	2	|	220868
0.00	1.00	0.80	1	SILO	0	238744.26	4	5	5	5	7	|	0	0	0	0	0	|	0
0.00	1.00	0.80	4	SILO	0	980606.42	4	5	5	77	106	|	0	0	0	1	2	|	12784
0.00	1.00	0.80	8	SILO	0	2100382.57	3	4	37	97	164	|	0	0	1	1	2	|	57555
0.00	1.00	0.80	12	SILO	0	2782559.52	4	11	64	104	191	|	0	1	1	2	3	|	138873
0.00	1.00	0.80	16	SILO	0	3656811.31	4	35	77	122	229	|	0	1	1	2	4	|	230481
0.00	1.00	0.80	20	SILO	0	4056411.28	4	53	87	151	282	|	0	1	1	2	5	|	387032
0.00	1.00	0.80	24	SILO	0	4537256.61	4	63	95	177	373	|	0	1	1	3	6	|	531389
0.00	1.00	0.80	28	SILO	0	4801685.16	5	71	100	198	480	|	0	1	1	3	7	|	736721
0.00	1.00	0.80	32	SILO	0	5003772.21	5	78	105	238	740	|	0	1	2	4	9	|	1006587
0.00	1.00	0.80	36	SILO	0	4998665.87	5	84	113	301	2743	|	0	1	2	5	12	|	1258728
0.00	1.00	0.80	40	SILO	0	4825254.67	6	88	133	412	5299	|	0	1	2	6	18	|	1603006
0.00	1.00	0.80	44	SILO	0	2727432.38	5	117	410	1535	4948	|	0	1	5	21	64	|	4076010
0.00	1.00	0.80	48	SILO	0	2457167.06	5	130	499	1811	5381	|	0	1	6	24	73	|	4615992
0.00	1.00	0.80	52	SILO	0	2229559.30	5	131	528	2153	6673	|	0	1	6	26	82	|	2587447
0.00	1.00	0.80	56	SILO	0	2035181.64	5	155	678	2507	7658	|	0	1	7	30	95	|	5876747
0.00	1.00	0.80	60	SILO	0	1934251.23	5	167	752	2739	8370	|	0	1	8	31	99	|	6311976
0.00	1.00	0.80	64	SILO	0	1856468.21	5	176	800	3010	9459	|	0	1	8	32	106	|	6480663
0.50	0.50	0.80	1	WOUND_WAIT	0	223665.88	4	5	5	6	8	|	0	0	0	0	0	|	0
0.50	0.50	0.80	4	WOUND_WAIT	0	851251.92	4	5	5	6	9	|	0	0	0	0	0	|	64
0.50	0.50	0.80	8	WOUND_WAIT	0	1613691.50	4	5	6	8	14	|	0	0	0	0	0	|	667
0.50	0.50	0.80	12	WOUND_WAIT	0	2343646.38	4	6	6	9	56	|	0	0	0	0	1	|	2185
0.50	0.50	0.80	16	WOUND_WAIT	0	2989133.14	5	6	7	12	80	|	0	0	0	0	1	|	4983
0.50	0.50	0.80	20	WOUND_WAIT	0	3099345.33	5	8	12	23	96	|	0	0	0	0	1	|	9279
0.50	0.50	0.80	24	WOUND_WAIT	0	3083065.93	6	12	19	36	106	|	0	0	0	0	1	|	14817
0.50	0.50	0.80	28	WOUND_WAIT	0	3037724.50	6	17	28	49	116	|	0	0	0	0	1	|	21646
0.50	0.50	0.80	32	WOUND_WAIT	0	3014908.34	6	25	38	62	127	|	0	0	0	0	1	|	29229
0.50	0.50	0.80	36	WOUND_WAIT	0	2840812.66	6	36	52	80	148	|	0	0	0	1	1	|	39024
0.50	0.50	0.80	40	WOUND_WAIT	0	2687911.98	7	47	65	96	169	|	0	0	0	1	1	|	50053
0.50	0.50	0.80	44	WOUND_WAIT	0	2571060.56	7	57	77	112	192	|	0	0	0	1	1	|	63086
0.50	0.50	0.80	48	WOUND_WAIT	0	2492836.67	7	67	90	128	216	|	0	0	0	1	1	|	77842
0.50	0.50	0.80	52	WOUND_WAIT	0	2371578.05	7	80	105	148	245	|	0	0	0	1	2	|	94530
0.50	0.50	0.80	56	WOUND_WAIT	0	2267132.19	7	93	120	166	273	|	0	0	0	1	2	|	112497
0.50	0.50	0.80	60	WOUND_WAIT	0	2193609.40	7	105	135	187	302	|	0	0	0	1	2	|	133611
0.50	0.50	0.80	64	WOUND_WAIT	0	2146375.23	7	116	148	204	329	|	0	0	0	1	2	|	154792
0.50	0.50	0.80	1	SILO	0	254446.96	3	4	5	5	6	|	0	0	0	0	0	|	0
0.50	0.50	0.80	4	SILO	0	1057777.65	3	4	4	45	101	|	0	0	0	1	1	|	6372
0.50	0.50	0.80	8	SILO	0	1942260.59	4	5	5	82	107	|	0	0	0	1	2	|	29475
0.50	0.50	0.80	12	SILO	0	2875451.82	4	5	19	92	145	|	0	0	1	1	2	|	71841
0.50	0.50	0.80	16	SILO	0	4070898.67	3	5	42	98	167	|	0	0	1	1	2	|	126170
0.50	0.50	0.80	20	SILO	0	4378211.50	4	6	58	103	182	|	0	0	1	1	3	|	196319
0.50	0.50	0.80	24	SILO	0	4759212.97	4	18	68	106	196	|	0	1	1	2	3	|	281705
0.50	0.50	0.80	28	SILO	0	5054178.68	5	31	75	111	210	|	0	1	1	2	3	|	389641
0.50	0.50	0.80	32	SILO	0	5664034.79	5	42	81	126	232	|	0	1	1	2	4	|	509179
0.50	0.50	0.80	36	SILO	0	5937947.46	5	50	86	141	254	|	0	1	1	2	4	|	640697
0.50	0.50	0.80	40	SILO	0	6173980.65	6	57	91	154	280	|	0	1	1	2	4	|	777364
0.50	0.50	0.80	44	SILO	0	6405927.24	6	63	94	165	303	|	0	1	1	2	5	|	967364
0.50	0.50	0.80	48	SILO	0	6897520.78	6	69	98	181	350	|	0	1	1	3	6	|	1143476
0.50	0.50	0.80	52	SILO	0	6951115.19	7	74	102	196	404	|	0	1	1	3	7	|	1365248
0.50	0.50	0.80	56	SILO	0	7253569.29	7	80	108	240	559	|	0	1	2	4	9	|	1719956
0.50	0.50	0.80	60	SILO	0	6207636.22	7	92	152	520	1827	|	0	1	2	8	27	|	2714500
0.50	0.50	0.80	64	SILO	0	5336695.08	7	100	205	823	3061	|	0	1	3	12	43	|	3462582
1.00	0.00	0.80	1	WOUND_WAIT	0	252401.39	3	4	5	5	6	|	0	0	0	0	0	|	0
1.00	0.00	0.80	4	WOUND_WAIT	0	922889.17	4	5	5	5	7	|	0	0	0	0	0	|	0
1.00	0.00	0.80	8	WOUND_WAIT	0	1917471.84	4	4	5	5	7	|	0	0	0	0	0	|	0
1.00	0.00	0.80	12	WOUND_WAIT	0	2628062.53	4	5	5	6	9	|	0	0	0	0	0	|	0
1.00	0.00	0.80	16	WOUND_WAIT	0	3641256.79	4	5	5	5	10	|	0	0	0	0	0	|	0
1.00	0.00	0.80	20	WOUND_WAIT	0	3724500.77	5	6	6	9	14	|	0	0	0	0	0	|	0
1.00	0.00	0.80	24	WOUND_WAIT	0	4244203.02	5	6	7	11	16	|	0	0	0	0	0	|	0
1.00	0.00	0.80	28	WOUND_WAIT	0	4515183.13	5	7	8	12	19	|	0	0	0	0	0	|	0
1.00	0.00	0.80	32	WOUND_WAIT	0	4728980.26	6	8	9	14	23	|	0	0	0	0	0	|	0
1.00	0.00	0.80	36	WOUND_WAIT	0	5072693.84	6	8	11	20	36	|	0	0	0	0	0	|	0
1.00	0.00	0.80	40	WOUND_WAIT	0	5118527.10	6	9	14	30	53	|	0	0	0	0	0	|	0
1.00	0.00	0.80	44	WOUND_WAIT	0	5107851.47	7	10	17	39	69	|	0	0	0	0	0	|	0
1.00	0.00	0.80	48	WOUND_WAIT	0	4899107.18	7	12	24	55	93	|	0	0	0	0	0	|	0
1.00	0.00	0.80	52	WOUND_WAIT	0	4492290.28	7	14	44	89	141	|	0	0	0	0	0	|	0
1.00	0.00	0.80	56	WOUND_WAIT	0	4217371.88	7	15	61	115	178	|	0	0	0	0	0	|	0
1.00	0.00	0.80	60	WOUND_WAIT	0	4002838.17	7	16	75	138	212	|	0	0	0	0	0	|	0
1.00	0.00	0.80	64	WOUND_WAIT	0	3839606.55	7	15	94	169	259	|	0	0	0	0	0	|	0
1.00	0.00	0.80	1	SILO	0	267885.09	3	4	4	5	6	|	0	0	0	0	0	|	0
1.00	0.00	0.80	4	SILO	0	1216828.95	3	4	4	4	6	|	0	0	0	0	0	|	0
1.00	0.00	0.80	8	SILO	0	2288791.66	3	4	4	5	7	|	0	0	0	0	0	|	0
1.00	0.00	0.80	12	SILO	0	3319229.47	3	4	4	5	8	|	0	0	0	0	0	|	0
1.00	0.00	0.80	16	SILO	0	4378967.07	3	4	4	5	9	|	0	0	0	0	0	|	0
1.00	0.00	0.80	20	SILO	0	5138046.38	3	5	5	6	10	|	0	0	0	0	0	|	0
1.00	0.00	0.80	24	SILO	0	6005248.41	3	5	5	6	10	|	0	0	0	0	0	|	0
1.00	0.00	0.80	28	SILO	0	6501914.50	4	5	6	6	9	|	0	0	0	0	0	|	0
1.00	0.00	0.80	32	SILO	0	7376735.12	4	5	6	7	10	|	0	0	0	0	0	|	0
1.00	0.00	0.80	36	SILO	0	8134958.51	4	5	6	7	10	|	0	0	0	0	0	|	0
1.00	0.00	0.80	40	SILO	0	8637580.33	4	6	6	7	11	|	0	0	0	0	0	|	0
1.00	0.00	0.80	44	SILO	0	9401442.13	4	6	6	7	10	|	0	0	0	0	0	|	0
1.00	0.00	0.80	48	SILO	0	9766392.34	4	6	7	8	11	|	0	0	0	0	0	|	0
1.00	0.00	0.80	52	SILO	0	10639586.10	4	6	7	8	12	|	0	0	0	0	0	|	0
1.00	0.00	0.80	56	SILO	0	11655211.20	4	6	6	7	11	|	0	0	0	0	0	|	0
1.00	0.00	0.80	60	SILO	0	12148586.11	4	6	7	8	11	|	0	0	0	0	0	|	0
1.00	0.00	0.80	64	SILO	0	12693313.87	4	6	7	8	12	|	0	0	0	0	0	|	0
0.00	1.00	0.85	1	WOUND_WAIT	0	224914.84	4	5	5	6	7	|	0	0	0	0	0	|	0
0.00	1.00	0.85	4	WOUND_WAIT	0	847896.01	4	5	6	8	23	|	0	0	0	0	1	|	452
0.00	1.00	0.85	8	WOUND_WAIT	0	1659929.79	4	6	7	11	92	|	0	0	0	0	1	|	4347
0.00	1.00	0.85	12	WOUND_WAIT	0	2058695.88	5	8	11	26	104	|	0	0	0	1	1	|	13470
0.00	1.00	0.85	16	WOUND_WAIT	0	2308179.72	5	13	19	59	112	|	0	0	0	1	1	|	28047
0.00	1.00	0.85	20	WOUND_WAIT	0	1967654.26	5	27	36	89	138	|	0	0	0	1	1	|	48534
0.00	1.00	0.85	24	WOUND_WAIT	0	1700647.79	6	42	55	112	169	|	0	0	0	1	2	|	77178
0.00	1.00	0.85	28	WOUND_WAIT	0	1553977.22	7	58	74	135	203	|	0	0	0	1	2	|	112887
0.00	1.00	0.85	32	WOUND_WAIT	0	1477221.01	7	74	93	158	236	|	0	0	0	1	2	|	155372
0.00	1.00	0.85	36	WOUND_WAIT	0	1368493.04	7	95	117	189	279	|	0	0	1	1	2	|	204588
0.00	1.00	0.85	40	WOUND_WAIT	0	1296351.39	7	114	140	220	323	|	0	0	1	1	2	|	257744
0.00	1.00	0.85	44	WOUND_WAIT	0	1224938.56	8	136	164	253	369	|	0	0	1	1	2	|	318910
0.00	1.00	0.85	48	WOUND_WAIT	0	1185413.06	8	155	187	286	412	|	0	0	1	2	2	|	384819
0.00	1.00	0.85	52	WOUND_WAIT	0	1104282.06	8	183	219	331	477	|	0	0	1	2	3	|	457242
0.00	1.00	0.85	56	WOUND_WAIT	0	1065589.73	8	207	247	369	527	|	0	0	1	2	3	|	536309
0.00	1.00	0.85	60	WOUND_WAIT	0	1032495.44	8	231	274	409	580	|	0	0	1	2	3	|	619952
0.00	1.00	0.85	64	WOUND_WAIT	0	1006742.46	9	255	301	448	630	|	0	0	1	2	3	|	709588
0.00	1.00	0.85	1	SILO	0	268185.39	3	4	4	5	6	|	0	0	0	0	0	|	0
0.00	1.00	0.85	4	SILO	0	1037839.73	3	5	35	95	146	|	0	0	1	1	2	|	27816
0.00	1.00	0.85	8	SILO	0	2072509.11	3	39	78	126	245	|	0	1	1	2	4	|	118193
0.00	1.00	0.85	12	SILO	0	2577495.59	4	61	91	161	865	|	0	1	1	2	5	|	253119
0.00	1.00	0.85	16	SILO	0	2866864.34	3	64	94	184	6309	|	0	1	1	3	5	|	357417
0.00	1.00	0.85	20	SILO	0	2957734.02	4	77	102	230	6684	|	0	1	2	3	6	|	557450
0.00	1.00	0.85	24	SILO	0	3005474.74	4	83	107	287	8308	|	0	1	2	4	7	|	735947
0.00	1.00	0.85	28	SILO	0	3082187.79	5	88	119	369	9150	|	0	1	2	4	8	|	943065
0.00	1.00	0.85	32	SILO	0	3113970.04	4	90	128	582	10934	|	0	1	2	4	9	|	1134261
0.00	1.00	0.85	36	SILO	0	3032192.77	5	95	148	1216	11885	|	0	1	2	5	12	|	1404098
0.00	1.00	0.85	40	SILO	0	2785870.96	5	102	181	2168	12963	|	0	1	3	7	27	|	1999620
0.00	1.00	0.85	44	SILO	0	1516274.10	5	369	889	2649	7999	|	0	4	10	33	101	|	7064146
0.00	1.00	0.85	48	SILO	0	1395689.55	5	423	1010	2919	8493	|	0	4	11	35	107	|	7601248
0.00	1.00	0.85	52	SILO	0	1270784.98	5	414	1117	3552	11029	|	0	4	11	38	128	|	3514928
0.00	1.00	0.85	56	SILO	0	1168971.58	5	524	1290	3953	12288	|	0	5	13	42	141	|	7689531
0.00	1.00	0.85	60	SILO	0	1131296.48	5	599	1444	4291	13034	|	0	5	14	45	149	|	10599222
0.00	1.00	0.85	64	SILO	0	1060233.66	5	649	1586	4799	15048	|	0	5	14	47	163	|	10556837
0.50	0.50	0.85	1	WOUND_WAIT	0	240627.23	4	5	5	6	6	|	0	0	0	0	0	|	0
0.50	0.50	0.85	4	WOUND_WAIT	0	951489.12	4	5	5	7	12	|	0	0	0	0	0	|	244
0.50	0.50	0.85	8	WOUND_WAIT	0	1651344.96	4	6	7	10	80	|	0	0	0	0	1	|	2652
0.50	0.50	0.85	12	WOUND_WAIT	0	2268996.97	4	7	9	16	98	|	0	0	0	0	1	|	8948
0.50	0.50	0.85	16	WOUND_WAIT	0	2845104.57	4	9	12	29	105	|	0	0	0	1	1	|	18423
0.50	0.50	0.85	20	WOUND_WAIT	0	2397242.54	5	19	26	66	123	|	0	0	0	1	1	|	33820
0.50	0.50	0.85	24	WOUND_WAIT	0	2043696.04	6	32	42	90	147	|	0	0	0	1	1	|	52179
0.50	0.50	0.85	28	WOUND_WAIT	0	1938539.59	6	44	56	110	171	|	0	0	0	1	2	|	77250
0.50	0.50	0.85	32	WOUND_WAIT	0	1844292.51	6	55	70	127	198	|	0	0	0	1	2	|	106428
0.50	0.50	0.85	36	WOUND_WAIT	0	1654470.23	7	73	91	153	238	|	0	0	0	1	2	|	140101
0.50	0.50	0.85	40	WOUND_WAIT	0	1548106.65	7	90	111	178	277	|	0	0	0	1	2	|	181298
0.50	0.50	0.85	44	WOUND_WAIT	0	1481151.63	7	105	129	203	310	|	0	0	0	1	2	|	225916
0.50	0.50	0.85	48	WOUND_WAIT	0	1437151.10	7	121	147	229	348	|	0	0	1	1	2	|	274259
0.50	0.50	0.85	52	WOUND_WAIT	0	1353610.14	7	141	171	261	395	|	0	0	1	1	2	|	327666
0.50	0.50	0.85	56	WOUND_WAIT	0	1281686.24	8	161	194	296	448	|	0	0	1	1	2	|	385257
0.50	0.50	0.85	60	WOUND_WAIT	0	1249112.55	8	180	215	325	484	|	0	0	1	1	2	|	447531
0.50	0.50	0.85	64	WOUND_WAIT	0	1210943.10	8	199	238	358	529	|	0	0	1	2	3	|	514463
0.50	0.50	0.85	1	SILO	0	265537.52	3	4	4	5	6	|	0	0	0	0	0	|	0
0.50	0.50	0.85	4	SILO	0	1047966.42	3	4	5	80	106	|	0	0	0	1	2	|	14379
0.50	0.50	0.85	8	SILO	0	2184352.47	3	4	45	98	161	|	0	0	1	1	2	|	66831
0.50	0.50	0.85	12	SILO	0	3207922.10	3	22	69	105	195	|	0	1	1	2	3	|	152191
0.50	0.50	0.85	16	SILO	0	3833006.59	4	44	81	124	226	|	0	1	1	2	3	|	266325
0.50	0.50	0.85	20	SILO	0	4077352.73	4	60	90	152	282	|	0	1	1	2	4	|	414435
0.50	0.50	0.85	24	SILO	0	4529366.46	4	69	97	175	380	|	0	1	1	3	5	|	589171
0.50	0.50	0.85	28	SILO	0	4764393.50	5	76	101	189	685	|	0	1	2	3	6	|	771918
0.50	0.50	0.85	32	SILO	0	5041724.93	5	81	105	212	2781	|	0	1	2	3	6	|	955660
0.50	0.50	0.85	36	SILO	0	5068676.90	5	87	111	250	4086	|	0	1	2	4	8	|	1235270
0.50	0.50	0.85	40	SILO	0	5109626.80	5	91	126	297	5531	|	0	1	2	4	10	|	1492982
0.50	0.50	0.85	44	SILO	0	5126786.57	6	95	139	346	6424	|	0	1	2	5	11	|	1818964
0.50	0.50	0.85	48	SILO	0	5109400.84	6	98	150	411	7542	|	0	1	2	5	13	|	2090997
0.50	0.50	0.85	52	SILO	0	4744306.92	6	104	177	654	8951	|	0	2	3	7	20	|	2415064
0.50	0.50	0.85	56	SILO	0	3842831.27	6	123	259	1276	9262	|	0	2	4	13	50	|	3984910
0.50	0.50	0.85	60	SILO	0	2620386.78	6	222	512	1831	7772	|	0	3	6	24	104	|	6245969
0.50	0.50	0.85	64	SILO	0	2519586.54	6	242	575	2048	8313	|	0	3	7	25	107	|	6541813
1.00	0.00	0.85	1	WOUND_WAIT	0	272291.14	3	4	4	5	6	|	0	0	0	0	0	|	0
1.00	0.00	0.85	4	WOUND_WAIT	0	962949.33	4	4	5	5	8	|	0	0	0	0	0	|	0
1.00	0.00	0.85	8	WOUND_WAIT	0	1992681.17	3	4	4	5	9	|	0	0	0	0	0	|	0
1.00	0.00	0.85	12	WOUND_WAIT	0	2733952.74	4	5	5	6	10	|	0	0	0	0	0	|	0
1.00	0.00	0.85	16	WOUND_WAIT	0	3774616.95	4	4	5	7	10	|	0	0	0	0	0	|	0
1.00	0.00	0.85	20	WOUND_WAIT	0	3748917.50	4	6	7	12	19	|	0	0	0	0	0	|	0
1.00	0.00	0.85	24	WOUND_WAIT	0	3929754.72	5	7	10	17	28	|	0	0	0	0	0	|	0
1.00	0.00	0.85	28	WOUND_WAIT	0	3960467.58	5	10	14	26	41	|	0	0	0	0	0	|	0
1.00	0.00	0.85	32	WOUND_WAIT	0	4009815.25	6	13	20	36	56	|	0	0	0	0	0	|	0
1.00	0.00	0.85	36	WOUND_WAIT	0	3514602.71	6	22	36	61	93	|	0	0	0	0	0	|	0
1.00	0.00	0.85	40	WOUND_WAIT	0	3259705.19	6	32	50	82	121	|	0	0	0	0	0	|	0
1.00	0.00	0.85	44	WOUND_WAIT	0	3021392.08	6	43	66	106	157	|	0	0	0	0	0	|	0
1.00	0.00	0.85	48	WOUND_WAIT	0	2918357.11	6	52	80	127	188	|	0	0	0	0	0	|	0
1.00	0.00	0.85	52	WOUND_WAIT	0	2644745.30	6	68	104	164	245	|	0	0	0	0	0	|	0
1.00	0.00	0.85	56	WOUND_WAIT	0	2515963.45	6	82	123	195	290	|	0	0	0	0	0	|	0
1.00	0.00	0.85	60	WOUND_WAIT	0	2430405.95	6	93	141	222	331	|	0	0	0	0	0	|	0
1.00	0.00	0.85	64	WOUND_WAIT	0	2352994.08	6	105	160	251	373	|	0	0	0	0	0	|	0
1.00	0.00	0.85	1	SILO	0	286277.88	3	4	4	5	5	|	0	0	0	0	0	|	0
1.00	0.00	0.85	4	SILO	0	1228760.62	3	4	4	5	7	|	0	0	0	0	0	|	0
1.00	0.00	0.85	8	SILO	0	2475961.78	3	4	4	5	6	|	0	0	0	0	0	|	0
1.00	0.00	0.85	12	SILO	0	3693017.59	3	4	4	5	8	|	0	0	0	0	0	|	0
1.00	0.00	0.85	16	SILO	0	4801856.13	3	4	4	5	9	|	0	0	0	0	0	|	0
1.00	0.00	0.85	20	SILO	0	5603296.82	3	4	5	5	10	|	0	0	0	0	0	|	0
1.00	0.00	0.85	24	SILO	0	6586641.10	3	4	5	5	9	|	0	0	0	0	0	|	0
1.00	0.00	0.85	28	SILO	0	7424202.86	3	5	5	6	9	|	0	0	0	0	0	|	0
1.00	0.00	0.85	32	SILO	0	7964210.48	3	5	5	6	9	|	0	0	0	0	0	|	0
1.00	0.00	0.85	36	SILO	0	9041627.65	3	5	5	6	9	|	0	0	0	0	0	|	0
1.00	0.00	0.85	40	SILO	0	9694751.95	4	5	6	7	10	|	0	0	0	0	0	|	0
1.00	0.00	0.85	44	SILO	0	10660581.69	4	5	6	7	10	|	0	0	0	0	0	|	0
1.00	0.00	0.85	48	SILO	0	10976557.28	4	5	6	7	10	|	0	0	0	0	0	|	0
1.00	0.00	0.85	52	SILO	0	12150005.50	4	5	6	7	12	|	0	0	0	0	0	|	0
1.00	0.00	0.85	56	SILO	0	12915237.32	4	5	6	7	10	|	0	0	0	0	0	|	0
1.00	0.00	0.85	60	SILO	0	13684679.73	4	5	6	7	10	|	0	0	0	0	0	|	0
1.00	0.00	0.85	64	SILO	0	14385114.20	4	6	6	7	11	|	0	0	0	0	0	|	0
