Rd	Wt	Zip	T	CC	TP	P50	P90	P99	P999	Abt
0.50	0.50	0.99	16	NO_WAIT	0	464408.43	COMMIT	92984	463355	0	424301	31478	ABORT	70256	2946534	0	2787682	133620	21036	3	644	4002	0	9	17	0.43	
0.50	0.50	0.99	48	NO_WAIT	0	181574.45	COMMIT	12069	75689	0	68346	6428	ABORT	23514	3335614	0	3270535	51626	11621	5	6854	19553	0	24	56	0.66	
0.50	0.50	0.99	16	WAIT_DIE	0	524368.31	COMMIT	115063	871614	252860	797392	46977	ABORT	135007	2538003	49373	2215776	268419	33653	4	321	1104	0	7	8	0.54	
0.50	0.50	0.99	48	WAIT_DIE	0	151078.94	COMMIT	10176	317965	247510	306933	8182	ABORT	29070	3091869	186987	2832366	242281	10777	6	4265	7298	0	16	21	0.74	
0.50	0.50	0.99	16	WOUND_WAIT	0	540891.86	COMMIT	114643	2587248	1892993	2503600	59202	ABORT	20855	824318	424757	239159	558447	23033	6	164	365	0	4	6	0.16	
0.50	0.50	0.99	48	WOUND_WAIT	0	123838.67	COMMIT	8077	2266773	2181830	2251184	12470	ABORT	4996	1145588	955483	132610	1000988	10267	150	2386	4537	0	8	11	0.37	
0.50	0.50	0.99	16	DLOCK	0	1017932.71	COMMIT	215500	2517951	1237178	2208162	262461	ABORT	32160	891340	241904	475262	380435	30012	4	118	287	0	4	6	0.13	
0.50	0.50	0.99	48	DLOCK	0	384631.13	COMMIT	24560	2273890	1916944	2081684	182365	ABORT	13577	1138497	623432	416867	686600	30378	7	1292	2470	0	8	11	0.34	
0.50	0.50	0.99	16	HLOCK	0	890680.08	COMMIT	225617	1310845	164183	826114	436013	ABORT	65588	2097604	97395	1503740	371741	210084	3	131	820	0	4	6	0.23	
0.50	0.50	0.99	48	HLOCK	0	372738.19	COMMIT	24104	425154	165071	128651	287447	ABORT	36274	2985155	642027	1940260	220477	810646	7	1568	2178	0	10	11	0.58	
0.50	0.50	0.99	16	SILO	0	532261.52	COMMIT	110231	389895	0	329539	54260	ABORT	31837	3133212	0	2814323	293588	23371	3	99	1953	0	4	11	0.19	
0.50	0.50	0.99	48	SILO	0	892032.01	COMMIT	70994	507019	0	419719	80217	ABORT	33250	2894782	0	2390100	464007	35543	5	689	7696	0	8	25	0.33	
