Rd	Wt	Zip	T	CC	TP	P50	P90	P99	P999	Abt
0.00	1.00	0.10	1	WOUND_WAIT	0	156996.77	6	6	7	7	9	|	0	0	0	0	0	|	0
0.00	1.00	0.10	4	WOUND_WAIT	0	631572.01	6	6	7	7	10	|	0	0	0	0	0	|	0
0.00	1.00	0.10	8	WOUND_WAIT	0	1239442.62	6	7	7	7	11	|	0	0	0	0	0	|	0
0.00	1.00	0.10	12	WOUND_WAIT	0	2075539.14	5	6	6	6	11	|	0	0	0	0	0	|	0
0.00	1.00	0.10	16	WOUND_WAIT	0	2656990.76	5	6	6	7	12	|	0	0	0	0	0	|	0
0.00	1.00	0.10	20	WOUND_WAIT	0	2758648.57	7	8	8	9	12	|	0	0	0	0	0	|	0
0.00	1.00	0.10	24	WOUND_WAIT	0	2946700.04	8	9	9	9	13	|	0	0	0	0	0	|	0
0.00	1.00	0.10	28	WOUND_WAIT	0	3197721.19	8	9	10	10	14	|	0	0	0	0	0	|	0
0.00	1.00	0.10	32	WOUND_WAIT	0	3461990.59	9	10	10	11	15	|	0	0	0	0	0	|	1
0.00	1.00	0.10	36	WOUND_WAIT	0	3805430.78	9	10	10	11	16	|	0	0	0	0	0	|	0
0.00	1.00	0.10	40	WOUND_WAIT	0	4014970.60	9	11	11	12	18	|	0	0	0	0	0	|	0
0.00	1.00	0.10	44	WOUND_WAIT	0	4175272.44	10	11	12	12	19	|	0	0	0	0	0	|	1
0.00	1.00	0.10	48	WOUND_WAIT	0	4246564.28	11	12	13	13	22	|	0	0	0	0	0	|	1
0.00	1.00	0.10	52	WOUND_WAIT	0	4807839.63	10	11	12	13	22	|	0	0	0	0	0	|	3
0.00	1.00	0.10	56	WOUND_WAIT	0	4933955.67	11	12	12	13	24	|	0	0	0	0	0	|	2
0.00	1.00	0.10	60	WOUND_WAIT	0	4993033.87	11	13	13	14	25	|	0	0	0	0	0	|	5
0.00	1.00	0.10	64	WOUND_WAIT	0	5189744.31	12	13	14	15	24	|	0	0	0	0	0	|	3
0.50	0.50	0.10	1	WOUND_WAIT	0	192101.30	5	5	5	6	10	|	0	0	0	0	0	|	0
0.50	0.50	0.10	4	WOUND_WAIT	0	681476.30	5	6	6	6	11	|	0	0	0	0	0	|	0
0.50	0.50	0.10	8	WOUND_WAIT	0	1330947.48	5	6	6	7	12	|	0	0	0	0	0	|	0
0.50	0.50	0.10	12	WOUND_WAIT	0	1979274.58	6	6	6	7	13	|	0	0	0	0	0	|	0
0.50	0.50	0.10	16	WOUND_WAIT	0	2605686.82	6	6	6	7	11	|	0	0	0	0	0	|	0
0.50	0.50	0.10	20	WOUND_WAIT	0	3063323.23	6	7	7	8	13	|	0	0	0	0	0	|	0
0.50	0.50	0.10	24	WOUND_WAIT	0	3334490.47	7	8	8	8	13	|	0	0	0	0	0	|	0
0.50	0.50	0.10	28	WOUND_WAIT	0	3601461.96	7	8	8	9	14	|	0	0	0	0	0	|	1
0.50	0.50	0.10	32	WOUND_WAIT	0	3852455.48	8	9	9	10	13	|	0	0	0	0	0	|	0
0.50	0.50	0.10	36	WOUND_WAIT	0	4267979.23	8	9	9	10	13	|	0	0	0	0	0	|	0
0.50	0.50	0.10	40	WOUND_WAIT	0	4494135.90	8	9	10	10	17	|	0	0	0	0	0	|	0
0.50	0.50	0.10	44	WOUND_WAIT	0	4504462.71	9	10	11	12	17	|	0	0	0	0	0	|	0
0.50	0.50	0.10	48	WOUND_WAIT	0	4741153.88	10	11	11	12	18	|	0	0	0	0	0	|	1
0.50	0.50	0.10	52	WOUND_WAIT	0	5095372.08	10	11	11	12	21	|	0	0	0	0	0	|	0
0.50	0.50	0.10	56	WOUND_WAIT	0	5619453.51	9	11	11	12	18	|	0	0	0	0	0	|	2
0.50	0.50	0.10	60	WOUND_WAIT	0	5357586.70	11	12	12	14	23	|	0	0	0	0	0	|	1
0.50	0.50	0.10	64	WOUND_WAIT	0	5987423.55	10	11	12	13	22	|	0	0	0	0	0	|	1
1.00	0.00	0.10	1	WOUND_WAIT	0	196049.10	5	5	5	6	7	|	0	0	0	0	0	|	0
1.00	0.00	0.10	4	WOUND_WAIT	0	750523.72	5	5	5	6	10	|	0	0	0	0	0	|	0
1.00	0.00	0.10	8	WOUND_WAIT	0	1446958.62	5	6	6	6	10	|	0	0	0	0	0	|	0
1.00	0.00	0.10	12	WOUND_WAIT	0	2136871.54	5	6	6	6	12	|	0	0	0	0	0	|	0
1.00	0.00	0.10	16	WOUND_WAIT	0	2797085.96	5	6	6	6	11	|	0	0	0	0	0	|	0
1.00	0.00	0.10	20	WOUND_WAIT	0	3293650.68	6	6	7	7	12	|	0	0	0	0	0	|	0
1.00	0.00	0.10	24	WOUND_WAIT	0	3701167.93	6	7	7	7	11	|	0	0	0	0	0	|	0
1.00	0.00	0.10	28	WOUND_WAIT	0	3991659.18	6	7	8	8	12	|	0	0	0	0	0	|	0
1.00	0.00	0.10	32	WOUND_WAIT	0	4410574.99	7	8	8	8	12	|	0	0	0	0	0	|	0
1.00	0.00	0.10	36	WOUND_WAIT	0	4893903.43	7	8	8	9	12	|	0	0	0	0	0	|	0
1.00	0.00	0.10	40	WOUND_WAIT	0	5225483.84	7	8	8	9	14	|	0	0	0	0	0	|	0
1.00	0.00	0.10	44	WOUND_WAIT	0	5385898.74	8	9	9	10	14	|	0	0	0	0	0	|	0
1.00	0.00	0.10	48	WOUND_WAIT	0	5916257.96	8	9	9	9	15	|	0	0	0	0	0	|	0
1.00	0.00	0.10	52	WOUND_WAIT	0	5996458.70	8	9	10	10	16	|	0	0	0	0	0	|	0
1.00	0.00	0.10	56	WOUND_WAIT	0	6538812.95	8	9	9	10	17	|	0	0	0	0	0	|	0
1.00	0.00	0.10	60	WOUND_WAIT	0	6770487.78	8	9	10	11	16	|	0	0	0	0	0	|	0
1.00	0.00	0.10	64	WOUND_WAIT	0	7085584.25	8	10	10	11	16	|	0	0	0	0	0	|	0
0.00	1.00	0.30	1	WOUND_WAIT	0	177793.64	5	6	6	6	9	|	0	0	0	0	0	|	0
0.00	1.00	0.30	4	WOUND_WAIT	0	634918.08	6	6	7	7	9	|	0	0	0	0	0	|	0
0.00	1.00	0.30	8	WOUND_WAIT	0	1271917.52	6	6	7	7	11	|	0	0	0	0	0	|	0
0.00	1.00	0.30	12	WOUND_WAIT	0	1888263.03	6	6	7	7	12	|	0	0	0	0	0	|	0
0.00	1.00	0.30	16	WOUND_WAIT	0	2444522.07	6	7	7	7	12	|	0	0	0	0	0	|	0
0.00	1.00	0.30	20	WOUND_WAIT	0	2784434.48	7	8	8	9	14	|	0	0	0	0	0	|	0
0.00	1.00	0.30	24	WOUND_WAIT	0	2956682.05	8	9	9	10	13	|	0	0	0	0	0	|	0
0.00	1.00	0.30	28	WOUND_WAIT	0	3327840.93	8	9	9	10	15	|	0	0	0	0	0	|	0
0.00	1.00	0.30	32	WOUND_WAIT	0	3517455.57	9	10	10	11	15	|	0	0	0	0	0	|	1
0.00	1.00	0.30	36	WOUND_WAIT	0	3712916.65	9	10	11	12	17	|	0	0	0	0	0	|	2
0.00	1.00	0.30	40	WOUND_WAIT	0	4057415.83	9	10	11	12	17	|	0	0	0	0	0	|	1
0.00	1.00	0.30	44	WOUND_WAIT	0	4141956.68	10	11	12	13	20	|	0	0	0	0	0	|	4
0.00	1.00	0.30	48	WOUND_WAIT	0	4313459.81	11	12	12	13	21	|	0	0	0	0	0	|	4
0.00	1.00	0.30	52	WOUND_WAIT	0	4903910.22	10	11	12	13	22	|	0	0	0	0	0	|	5
0.00	1.00	0.30	56	WOUND_WAIT	0	5047033.33	10	12	12	13	23	|	0	0	0	0	0	|	4
0.00	1.00	0.30	60	WOUND_WAIT	0	5076592.19	11	13	13	14	25	|	0	0	0	0	0	|	3
0.00	1.00	0.30	64	WOUND_WAIT	0	5222225.02	12	13	14	15	24	|	0	0	0	0	0	|	4
0.50	0.50	0.30	1	WOUND_WAIT	0	176241.43	5	6	6	6	9	|	0	0	0	0	0	|	0
0.50	0.50	0.30	4	WOUND_WAIT	0	786674.23	5	5	5	6	9	|	0	0	0	0	0	|	0
0.50	0.50	0.30	8	WOUND_WAIT	0	1534029.91	5	5	5	6	10	|	0	0	0	0	0	|	0
0.50	0.50	0.30	12	WOUND_WAIT	0	2004261.35	5	6	6	7	10	|	0	0	0	0	0	|	0
0.50	0.50	0.30	16	WOUND_WAIT	0	2623952.32	6	6	6	7	11	|	0	0	0	0	0	|	0
0.50	0.50	0.30	20	WOUND_WAIT	0	3090717.08	6	7	7	8	12	|	0	0	0	0	0	|	0
0.50	0.50	0.30	24	WOUND_WAIT	0	3424941.32	6	7	8	8	12	|	0	0	0	0	0	|	0
0.50	0.50	0.30	28	WOUND_WAIT	0	3553729.48	7	8	9	9	13	|	0	0	0	0	0	|	0
0.50	0.50	0.30	32	WOUND_WAIT	0	3949762.31	8	9	9	10	13	|	0	0	0	0	0	|	0
0.50	0.50	0.30	36	WOUND_WAIT	0	4343646.53	8	9	9	10	14	|	0	0	0	0	0	|	0
0.50	0.50	0.30	40	WOUND_WAIT	0	4524798.70	8	9	10	10	14	|	0	0	0	0	0	|	0
0.50	0.50	0.30	44	WOUND_WAIT	0	4600422.96	9	10	11	11	17	|	0	0	0	0	0	|	2
0.50	0.50	0.30	48	WOUND_WAIT	0	4875981.82	9	11	11	12	18	|	0	0	0	0	0	|	2
0.50	0.50	0.30	52	WOUND_WAIT	0	5204127.75	9	11	11	12	19	|	0	0	0	0	0	|	2
0.50	0.50	0.30	56	WOUND_WAIT	0	5698670.92	9	10	11	12	18	|	0	0	0	0	0	|	4
0.50	0.50	0.30	60	WOUND_WAIT	0	5920714.36	9	11	11	12	20	|	0	0	0	0	0	|	3
0.50	0.50	0.30	64	WOUND_WAIT	0	5984115.57	10	11	12	13	22	|	0	0	0	0	0	|	4
1.00	0.00	0.30	1	WOUND_WAIT	0	200445.44	4	5	5	5	7	|	0	0	0	0	0	|	0
1.00	0.00	0.30	4	WOUND_WAIT	0	766526.05	5	5	5	6	9	|	0	0	0	0	0	|	0
1.00	0.00	0.30	8	WOUND_WAIT	0	1485768.41	5	5	6	6	10	|	0	0	0	0	0	|	0
1.00	0.00	0.30	12	WOUND_WAIT	0	2180736.70	5	6	6	6	11	|	0	0	0	0	0	|	0
1.00	0.00	0.30	16	WOUND_WAIT	0	2854154.29	5	6	6	6	12	|	0	0	0	0	0	|	0
1.00	0.00	0.30	20	WOUND_WAIT	0	3509040.40	5	6	6	7	10	|	0	0	0	0	0	|	0
1.00	0.00	0.30	24	WOUND_WAIT	0	3811164.02	6	7	7	7	12	|	0	0	0	0	0	|	0
1.00	0.00	0.30	28	WOUND_WAIT	0	4110438.70	6	7	7	8	11	|	0	0	0	0	0	|	0
1.00	0.00	0.30	32	WOUND_WAIT	0	4621503.69	6	7	7	8	13	|	0	0	0	0	0	|	0
1.00	0.00	0.30	36	WOUND_WAIT	0	4966575.82	7	8	8	8	13	|	0	0	0	0	0	|	0
1.00	0.00	0.30	40	WOUND_WAIT	0	5119986.68	7	8	9	9	12	|	0	0	0	0	0	|	0
1.00	0.00	0.30	44	WOUND_WAIT	0	5685340.47	7	8	9	9	13	|	0	0	0	0	0	|	0
1.00	0.00	0.30	48	WOUND_WAIT	0	6002614.49	7	8	9	9	14	|	0	0	0	0	0	|	0
1.00	0.00	0.30	52	WOUND_WAIT	0	6146330.91	8	9	9	10	15	|	0	0	0	0	0	|	0
1.00	0.00	0.30	56	WOUND_WAIT	0	6679624.79	8	9	9	10	13	|	0	0	0	0	0	|	0
1.00	0.00	0.30	60	WOUND_WAIT	0	6983228.29	8	9	10	10	14	|	0	0	0	0	0	|	0
1.00	0.00	0.30	64	WOUND_WAIT	0	6770167.53	9	10	11	12	17	|	0	0	0	0	0	|	0
0.00	1.00	0.50	1	WOUND_WAIT	0	169296.61	5	6	6	7	10	|	0	0	0	0	0	|	0
0.00	1.00	0.50	4	WOUND_WAIT	0	674656.60	5	6	6	7	11	|	0	0	0	0	0	|	0
0.00	1.00	0.50	8	WOUND_WAIT	0	1336133.04	5	6	6	7	10	|	0	0	0	0	0	|	0
0.00	1.00	0.50	12	WOUND_WAIT	0	2009006.77	5	6	6	7	12	|	0	0	0	0	0	|	0
0.00	1.00	0.50	16	WOUND_WAIT	0	2873029.63	5	6	6	6	12	|	0	0	0	0	0	|	1
0.00	1.00	0.50	20	WOUND_WAIT	0	2999486.67	6	7	8	8	14	|	0	0	0	0	0	|	2
0.00	1.00	0.50	24	WOUND_WAIT	0	3218417.01	7	8	8	9	12	|	0	0	0	0	0	|	1
0.00	1.00	0.50	28	WOUND_WAIT	0	3496342.37	7	9	9	10	14	|	0	0	0	0	0	|	5
0.00	1.00	0.50	32	WOUND_WAIT	0	3575396.33	8	10	10	11	15	|	0	0	0	0	0	|	8
0.00	1.00	0.50	36	WOUND_WAIT	0	4099400.75	8	10	10	11	15	|	0	0	0	0	0	|	16
0.00	1.00	0.50	40	WOUND_WAIT	0	4157278.11	9	11	11	12	17	|	0	0	0	0	0	|	23
0.00	1.00	0.50	44	WOUND_WAIT	0	4441990.59	9	11	11	12	17	|	0	0	0	0	0	|	29
0.00	1.00	0.50	48	WOUND_WAIT	0	4735979.51	10	11	11	12	20	|	0	0	0	0	0	|	28
0.00	1.00	0.50	52	WOUND_WAIT	0	5038360.29	10	11	12	13	21	|	0	0	0	0	0	|	45
0.00	1.00	0.50	56	WOUND_WAIT	0	5276895.89	10	12	12	13	21	|	0	0	0	0	0	|	52
0.00	1.00	0.50	60	WOUND_WAIT	0	5442339.70	10	12	12	13	21	|	0	0	0	0	0	|	52
0.00	1.00	0.50	64	WOUND_WAIT	0	5590957.31	11	12	13	14	24	|	0	0	0	0	0	|	86
0.50	0.50	0.50	1	WOUND_WAIT	0	189343.79	5	5	6	6	9	|	0	0	0	0	0	|	0
0.50	0.50	0.50	4	WOUND_WAIT	0	728406.55	5	6	6	6	11	|	0	0	0	0	0	|	0
0.50	0.50	0.50	8	WOUND_WAIT	0	1604910.02	4	5	5	6	10	|	0	0	0	0	0	|	0
0.50	0.50	0.50	12	WOUND_WAIT	0	2123197.43	5	6	6	7	12	|	0	0	0	0	0	|	1
0.50	0.50	0.50	16	WOUND_WAIT	0	2802402.21	5	6	6	7	13	|	0	0	0	0	0	|	2
0.50	0.50	0.50	20	WOUND_WAIT	0	3267093.21	6	6	7	7	13	|	0	0	0	0	0	|	3
0.50	0.50	0.50	24	WOUND_WAIT	0	3623891.40	6	7	7	8	13	|	0	0	0	0	0	|	0
0.50	0.50	0.50	28	WOUND_WAIT	0	3785160.92	7	8	8	9	14	|	0	0	0	0	0	|	4
0.50	0.50	0.50	32	WOUND_WAIT	0	4081846.84	7	9	9	10	14	|	0	0	0	0	0	|	3
0.50	0.50	0.50	36	WOUND_WAIT	0	4574135.54	7	8	9	10	13	|	0	0	0	0	0	|	15
0.50	0.50	0.50	40	WOUND_WAIT	0	4812187.93	8	9	9	10	15	|	0	0	0	0	0	|	11
0.50	0.50	0.50	44	WOUND_WAIT	0	4860054.29	8	10	10	11	17	|	0	0	0	0	0	|	16
0.50	0.50	0.50	48	WOUND_WAIT	0	5338732.29	8	10	10	11	16	|	0	0	0	0	0	|	17
0.50	0.50	0.50	52	WOUND_WAIT	0	5437981.72	9	10	11	12	18	|	0	0	0	0	0	|	18
0.50	0.50	0.50	56	WOUND_WAIT	0	5916400.89	9	10	11	12	18	|	0	0	0	0	0	|	33
0.50	0.50	0.50	60	WOUND_WAIT	0	6151839.11	9	11	11	12	18	|	0	0	0	0	0	|	39
0.50	0.50	0.50	64	WOUND_WAIT	0	6372946.29	9	11	11	12	19	|	0	0	0	0	0	|	45
1.00	0.00	0.50	1	WOUND_WAIT	0	212639.97	4	5	5	5	8	|	0	0	0	0	0	|	0
1.00	0.00	0.50	4	WOUND_WAIT	0	916033.56	4	4	5	5	9	|	0	0	0	0	0	|	0
1.00	0.00	0.50	8	WOUND_WAIT	0	1567212.23	5	5	5	6	10	|	0	0	0	0	0	|	0
1.00	0.00	0.50	12	WOUND_WAIT	0	2328775.37	5	5	6	6	11	|	0	0	0	0	0	|	0
1.00	0.00	0.50	16	WOUND_WAIT	0	3054537.16	5	5	6	6	10	|	0	0	0	0	0	|	0
1.00	0.00	0.50	20	WOUND_WAIT	0	3675598.79	5	6	6	7	12	|	0	0	0	0	0	|	0
1.00	0.00	0.50	24	WOUND_WAIT	0	3994247.53	5	6	7	7	10	|	0	0	0	0	0	|	0
1.00	0.00	0.50	28	WOUND_WAIT	0	4396638.49	6	7	7	8	12	|	0	0	0	0	0	|	0
1.00	0.00	0.50	32	WOUND_WAIT	0	4726378.12	6	7	8	8	12	|	0	0	0	0	0	|	0
1.00	0.00	0.50	36	WOUND_WAIT	0	5271523.13	6	7	8	8	11	|	0	0	0	0	0	|	0
1.00	0.00	0.50	40	WOUND_WAIT	0	5450466.80	7	8	8	9	13	|	0	0	0	0	0	|	0
1.00	0.00	0.50	44	WOUND_WAIT	0	5953124.32	7	8	8	9	13	|	0	0	0	0	0	|	0
1.00	0.00	0.50	48	WOUND_WAIT	0	6246888.08	7	8	9	9	13	|	0	0	0	0	0	|	0
1.00	0.00	0.50	52	WOUND_WAIT	0	6770448.66	7	8	9	9	15	|	0	0	0	0	0	|	0
1.00	0.00	0.50	56	WOUND_WAIT	0	7082968.14	7	9	9	10	13	|	0	0	0	0	0	|	0
1.00	0.00	0.50	60	WOUND_WAIT	0	7302363.77	8	9	9	10	13	|	0	0	0	0	0	|	0
1.00	0.00	0.50	64	WOUND_WAIT	0	6973403.91	9	10	11	12	17	|	0	0	0	0	0	|	0
0.00	1.00	0.70	1	WOUND_WAIT	0	196324.59	5	6	6	6	9	|	0	0	0	0	0	|	0
0.00	1.00	0.70	4	WOUND_WAIT	0	779992.20	5	6	6	6	10	|	0	0	0	0	0	|	3
0.00	1.00	0.70	8	WOUND_WAIT	0	1528735.77	5	6	6	7	9	|	0	0	0	0	0	|	43
0.00	1.00	0.70	12	WOUND_WAIT	0	2295373.88	5	6	6	7	11	|	0	0	0	0	0	|	149
0.00	1.00	0.70	16	WOUND_WAIT	0	3263614.87	4	5	5	7	11	|	0	0	0	0	0	|	366
0.00	1.00	0.70	20	WOUND_WAIT	0	3300239.31	5	7	7	9	15	|	0	0	0	0	0	|	799
0.00	1.00	0.70	24	WOUND_WAIT	0	3584939.25	6	7	8	11	19	|	0	0	0	0	0	|	1455
0.00	1.00	0.70	28	WOUND_WAIT	0	3850257.51	7	8	9	12	23	|	0	0	0	0	0	|	2057
0.00	1.00	0.70	32	WOUND_WAIT	0	4232730.61	7	8	9	14	30	|	0	0	0	0	0	|	3054
0.00	1.00	0.70	36	WOUND_WAIT	0	4373056.26	7	9	10	17	42	|	0	0	0	0	1	|	4223
0.00	1.00	0.70	40	WOUND_WAIT	0	4486201.54	8	10	11	20	52	|	0	0	0	0	1	|	5508
0.00	1.00	0.70	44	WOUND_WAIT	0	4789836.27	8	10	12	25	63	|	0	0	0	0	1	|	6856
0.00	1.00	0.70	48	WOUND_WAIT	0	4779876.32	9	11	14	31	71	|	0	0	0	0	1	|	8286
0.00	1.00	0.70	52	WOUND_WAIT	0	4937333.97	9	12	15	41	83	|	0	0	0	0	1	|	9700
0.00	1.00	0.70	56	WOUND_WAIT	0	4987299.89	9	12	17	52	92	|	0	0	0	0	1	|	11381
0.00	1.00	0.70	60	WOUND_WAIT	0	5211301.86	9	12	20	65	104	|	0	0	0	0	1	|	13325
0.00	1.00	0.70	64	WOUND_WAIT	0	5239263.47	9	12	26	78	115	|	0	0	0	0	1	|	15095
0.50	0.50	0.70	1	WOUND_WAIT	0	218918.40	4	5	5	6	7	|	0	0	0	0	0	|	0
0.50	0.50	0.70	4	WOUND_WAIT	0	828511.46	4	5	5	6	9	|	0	0	0	0	0	|	3
0.50	0.50	0.70	8	WOUND_WAIT	0	1650147.04	4	5	5	6	9	|	0	0	0	0	0	|	28
0.50	0.50	0.70	12	WOUND_WAIT	0	2457824.68	4	5	6	6	10	|	0	0	0	0	0	|	112
0.50	0.50	0.70	16	WOUND_WAIT	0	3185107.10	4	5	6	7	11	|	0	0	0	0	0	|	243
0.50	0.50	0.70	20	WOUND_WAIT	0	3612569.74	5	6	6	8	13	|	0	0	0	0	0	|	496
0.50	0.50	0.70	24	WOUND_WAIT	0	3945687.87	5	7	7	9	14	|	0	0	0	0	0	|	829
0.50	0.50	0.70	28	WOUND_WAIT	0	4251745.90	6	7	8	11	17	|	0	0	0	0	0	|	1383
0.50	0.50	0.70	32	WOUND_WAIT	0	4648867.61	6	8	8	11	20	|	0	0	0	0	0	|	2068
0.50	0.50	0.70	36	WOUND_WAIT	0	4965700.68	7	8	9	13	26	|	0	0	0	0	0	|	2894
0.50	0.50	0.70	40	WOUND_WAIT	0	5060390.15	7	9	10	15	34	|	0	0	0	0	0	|	3772
0.50	0.50	0.70	44	WOUND_WAIT	0	5264014.31	8	9	10	17	42	|	0	0	0	0	1	|	4870
0.50	0.50	0.70	48	WOUND_WAIT	0	5475506.85	8	10	11	19	48	|	0	0	0	0	1	|	6066
0.50	0.50	0.70	52	WOUND_WAIT	0	5704896.02	8	10	12	23	59	|	0	0	0	0	1	|	7317
0.50	0.50	0.70	56	WOUND_WAIT	0	6158656.27	8	10	12	28	67	|	0	0	0	0	1	|	8859
0.50	0.50	0.70	60	WOUND_WAIT	0	6297901.19	8	10	13	35	75	|	0	0	0	0	1	|	10069
0.50	0.50	0.70	64	WOUND_WAIT	0	6360219.24	8	11	15	44	85	|	0	0	0	0	1	|	11763
1.00	0.00	0.70	1	WOUND_WAIT	0	249247.96	3	4	5	5	6	|	0	0	0	0	0	|	0
1.00	0.00	0.70	4	WOUND_WAIT	0	936073.74	4	5	5	5	7	|	0	0	0	0	0	|	0
1.00	0.00	0.70	8	WOUND_WAIT	0	1841304.84	4	5	5	5	9	|	0	0	0	0	0	|	0
1.00	0.00	0.70	12	WOUND_WAIT	0	2963848.67	3	4	4	5	8	|	0	0	0	0	0	|	0
1.00	0.00	0.70	16	WOUND_WAIT	0	3563819.66	4	5	5	6	9	|	0	0	0	0	0	|	0
1.00	0.00	0.70	20	WOUND_WAIT	0	4219559.57	4	5	5	6	11	|	0	0	0	0	0	|	0
1.00	0.00	0.70	24	WOUND_WAIT	0	4477149.44	5	6	6	7	10	|	0	0	0	0	0	|	0
1.00	0.00	0.70	28	WOUND_WAIT	0	5091252.72	5	6	6	7	11	|	0	0	0	0	0	|	0
1.00	0.00	0.70	32	WOUND_WAIT	0	5354897.52	5	7	7	8	11	|	0	0	0	0	0	|	0
1.00	0.00	0.70	36	WOUND_WAIT	0	5904970.50	6	7	7	8	12	|	0	0	0	0	0	|	0
1.00	0.00	0.70	40	WOUND_WAIT	0	6056315.69	6	7	8	8	12	|	0	0	0	0	0	|	0
1.00	0.00	0.70	44	WOUND_WAIT	0	6392495.83	6	8	8	9	12	|	0	0	0	0	0	|	0
1.00	0.00	0.70	48	WOUND_WAIT	0	6588465.91	7	8	9	10	14	|	0	0	0	0	0	|	0
1.00	0.00	0.70	52	WOUND_WAIT	0	7033065.44	7	8	9	10	14	|	0	0	0	0	0	|	0
1.00	0.00	0.70	56	WOUND_WAIT	0	7745285.47	7	8	8	9	15	|	0	0	0	0	0	|	0
1.00	0.00	0.70	60	WOUND_WAIT	0	7761438.37	7	9	9	10	17	|	0	0	0	0	0	|	0
1.00	0.00	0.70	64	WOUND_WAIT	0	8033309.24	7	9	9	11	28	|	0	0	0	0	0	|	0
0.00	1.00	0.90	1	WOUND_WAIT	0	260547.48	3	4	5	5	6	|	0	0	0	0	0	|	0
0.00	1.00	0.90	4	WOUND_WAIT	0	955523.88	3	5	6	8	84	|	0	0	0	0	1	|	1600
0.00	1.00	0.90	8	WOUND_WAIT	0	1584876.45	4	8	10	59	106	|	0	0	0	1	1	|	14875
0.00	1.00	0.90	12	WOUND_WAIT	0	1872786.33	4	14	19	89	118	|	0	0	0	1	2	|	44237
0.00	1.00	0.90	16	WOUND_WAIT	0	1862229.19	4	23	35	105	140	|	0	0	1	1	2	|	92658
0.00	1.00	0.90	20	WOUND_WAIT	0	1384132.31	6	45	76	134	194	|	0	0	1	1	2	|	162379
0.00	1.00	0.90	24	WOUND_WAIT	0	1232532.25	7	67	103	162	231	|	0	0	1	2	2	|	249733
0.00	1.00	0.90	28	WOUND_WAIT	0	1138590.62	8	90	126	192	268	|	0	1	1	2	3	|	347135
0.00	1.00	0.90	32	WOUND_WAIT	0	1098888.95	9	111	148	221	304	|	0	1	1	2	3	|	461689
0.00	1.00	0.90	36	WOUND_WAIT	0	975457.02	11	141	183	270	368	|	0	1	1	2	3	|	584380
0.00	1.00	0.90	40	WOUND_WAIT	0	919551.26	14	168	215	315	426	|	0	1	1	2	3	|	720522
0.00	1.00	0.90	44	WOUND_WAIT	0	883314.73	18	195	248	359	482	|	0	1	1	2	3	|	871583
0.00	1.00	0.90	48	WOUND_WAIT	0	857093.62	22	222	279	403	537	|	0	1	1	2	3	|	1030747
0.00	1.00	0.90	52	WOUND_WAIT	0	794842.15	28	260	325	468	620	|	0	1	1	2	4	|	1209130
0.00	1.00	0.90	56	WOUND_WAIT	0	758928.04	34	294	366	523	692	|	0	1	2	3	4	|	1387256
0.00	1.00	0.90	60	WOUND_WAIT	0	730377.74	39	330	408	583	766	|	0	1	2	3	4	|	1595582
0.00	1.00	0.90	64	WOUND_WAIT	0	716969.13	45	361	445	634	834	|	0	1	2	3	4	|	1804150
0.50	0.50	0.90	1	WOUND_WAIT	0	288622.89	3	4	4	5	6	|	0	0	0	0	0	|	0
0.50	0.50	0.90	4	WOUND_WAIT	0	1042559.67	3	4	5	7	68	|	0	0	0	0	1	|	1001
0.50	0.50	0.90	8	WOUND_WAIT	0	1811204.25	3	6	7	26	101	|	0	0	0	1	1	|	9431
0.50	0.50	0.90	12	WOUND_WAIT	0	2265815.18	4	9	13	71	109	|	0	0	0	1	1	|	28647
0.50	0.50	0.90	16	WOUND_WAIT	0	2362051.62	4	16	21	92	122	|	0	0	0	1	2	|	61345
0.50	0.50	0.90	20	WOUND_WAIT	0	1824560.85	5	30	42	112	161	|	0	0	1	1	2	|	109171
0.50	0.50	0.90	24	WOUND_WAIT	0	1565205.14	6	46	70	135	201	|	0	0	1	1	2	|	172481
0.50	0.50	0.90	28	WOUND_WAIT	0	1420926.16	6	63	94	158	238	|	0	0	1	1	2	|	248688
0.50	0.50	0.90	32	WOUND_WAIT	0	1340182.98	7	80	114	183	272	|	0	0	1	2	2	|	331235
0.50	0.50	0.90	36	WOUND_WAIT	0	1210770.46	9	104	139	217	319	|	0	1	1	2	3	|	428613
0.50	0.50	0.90	40	WOUND_WAIT	0	1124897.18	11	126	164	253	370	|	0	1	1	2	3	|	535256
0.50	0.50	0.90	44	WOUND_WAIT	0	1057939.66	14	149	192	292	423	|	0	1	1	2	3	|	652914
0.50	0.50	0.90	48	WOUND_WAIT	0	1028665.03	17	169	217	327	471	|	0	1	1	2	3	|	779043
0.50	0.50	0.90	52	WOUND_WAIT	0	960987.12	21	198	250	375	539	|	0	1	1	2	3	|	913955
0.50	0.50	0.90	56	WOUND_WAIT	0	906865.51	26	228	286	427	607	|	0	1	1	2	3	|	1061998
0.50	0.50	0.90	60	WOUND_WAIT	0	871300.38	31	256	320	475	676	|	0	1	1	2	4	|	1216698
0.50	0.50	0.90	64	WOUND_WAIT	0	833291.45	37	286	356	528	746	|	0	1	1	2	4	|	1382116
1.00	0.00	0.90	1	WOUND_WAIT	0	345202.75	2	3	4	4	5	|	0	0	0	0	0	|	0
1.00	0.00	0.90	4	WOUND_WAIT	0	1209005.97	3	4	4	4	6	|	0	0	0	0	0	|	0
1.00	0.00	0.90	8	WOUND_WAIT	0	2348943.57	3	4	4	4	6	|	0	0	0	0	0	|	0
1.00	0.00	0.90	12	WOUND_WAIT	0	3370110.85	3	4	4	5	7	|	0	0	0	0	0	|	0
1.00	0.00	0.90	16	WOUND_WAIT	0	4359632.04	3	4	4	5	8	|	0	0	0	0	0	|	0
1.00	0.00	0.90	20	WOUND_WAIT	0	2494373.49	4	15	24	48	80	|	0	0	0	0	0	|	0
1.00	0.00	0.90	24	WOUND_WAIT	0	1754235.43	5	32	53	104	173	|	0	0	0	0	0	|	0
1.00	0.00	0.90	28	WOUND_WAIT	0	1516756.35	5	52	79	138	220	|	0	0	0	0	0	|	0
1.00	0.00	0.90	32	WOUND_WAIT	0	1325276.97	5	74	113	192	304	|	0	0	0	0	0	|	0
1.00	0.00	0.90	36	WOUND_WAIT	0	1041662.76	6	101	184	358	608	|	0	0	0	0	0	|	0
1.00	0.00	0.90	40	WOUND_WAIT	0	994186.49	6	126	206	398	701	|	0	0	0	0	0	|	0
1.00	0.00	0.90	44	WOUND_WAIT	0	937523.43	6	157	246	442	742	|	0	0	0	0	0	|	0
1.00	0.00	0.90	48	WOUND_WAIT	0	817852.23	6	204	319	567	925	|	0	0	0	0	0	|	0
1.00	0.00	0.90	52	WOUND_WAIT	0	833016.63	6	195	355	720	1282	|	0	0	0	0	0	|	0
1.00	0.00	0.90	56	WOUND_WAIT	0	742535.73	6	260	422	791	1361	|	0	0	0	0	0	|	0
1.00	0.00	0.90	60	WOUND_WAIT	0	772543.39	6	275	438	797	1340	|	0	0	0	0	0	|	0
1.00	0.00	0.90	64	WOUND_WAIT	0	727501.28	6	311	503	932	1573	|	0	0	0	0	0	|	0
