No Backoff.
Rd	Wt	Zip	T	CC	TP	P50	P90	P99	P999	Abt
0.50	0.50	0.80	1	DLOCK	0	78952.01	12	17	19	27	36	0	0	0	0	0	0.00	0.00	
0.50	0.50	0.80	4	DLOCK	0	312784.11	12	15	17	22	32	0	0	0	0	0	0.02	0.00	
0.50	0.50	0.80	8	DLOCK	0	623597.16	12	15	16	21	31	0	0	0	0	1	0.02	0.00	
0.50	0.50	0.80	12	DLOCK	0	925211.75	12	15	16	22	35	0	0	0	0	1	0.01	0.00	
0.50	0.50	0.80	16	DLOCK	0	1203533.89	12	15	17	25	45	0	0	0	0	3	0.03	0.01	
0.50	0.50	0.80	20	DLOCK	0	1274182.33	14	19	25	51	138	0	0	0	0	10	0.08	0.01	
0.50	0.50	0.80	24	DLOCK	0	1286261.87	15	24	37	82	224	0	0	0	1	21	0.11	0.01	
0.50	0.50	0.80	28	DLOCK	0	1315813.07	17	33	45	116	376	0	0	0	1	31	0.17	0.01	
0.50	0.50	0.80	32	DLOCK	0	1552755.50	16	27	47	128	503	0	0	0	1	33	0.15	0.02	
0.50	0.50	0.80	36	DLOCK	0	1542455.04	17	38	69	170	687	0	0	0	1	53	0.23	0.02	
0.50	0.50	0.80	40	DLOCK	0	1587263.69	17	47	89	191	787	0	0	0	2	83	0.29	0.02	
0.50	0.50	0.80	44	DLOCK	0	1200210.56	18	94	148	354	1226	0	0	0	8	168	0.48	0.03	
0.50	0.50	0.80	48	DLOCK	0	1540643.57	17	86	137	243	1237	0	0	0	13	157	0.46	0.03	
0.50	0.50	0.80	52	DLOCK	0	1287655.99	18	120	184	400	1370	0	0	0	25	222	0.56	0.04	
0.50	0.50	0.80	56	DLOCK	0	1222418.87	19	142	210	492	1876	0	0	0	36	255	0.64	0.04	
0.50	0.50	0.80	60	DLOCK	0	1035090.22	20	182	269	765	2966	0	0	0	49	339	0.69	0.05	
0.50	0.50	0.80	64	DLOCK	0	1169383.80	19	178	256	710	3224	0	0	0	52	313	0.69	0.05	
0.50	0.50	0.80	1	SILO	0	85758.65	11	15	17	22	28	0	0	0	0	0	0.00	0.00	
0.50	0.50	0.80	4	SILO	0	358630.32	10	13	14	17	23	0	0	0	1	1	0.03	0.03	
0.50	0.50	0.80	8	SILO	0	707484.56	11	13	14	16	25	0	0	1	1	2	0.06	0.06	
0.50	0.50	0.80	12	SILO	0	1168650.65	10	11	12	15	24	0	0	1	1	2	0.09	0.09	
0.50	0.50	0.80	16	SILO	0	1413859.82	11	13	13	16	26	0	1	1	1	2	0.11	0.12	
0.50	0.50	0.80	20	SILO	0	1639864.13	11	14	15	21	70	0	1	1	2	3	0.14	0.14	
0.50	0.50	0.80	24	SILO	0	1708708.67	13	16	17	34	100	0	1	1	2	3	0.15	0.16	
0.50	0.50	0.80	28	SILO	0	1902408.25	13	17	18	37	120	0	1	1	2	3	0.17	0.18	
0.50	0.50	0.80	32	SILO	0	2056000.35	14	17	19	40	120	0	1	1	2	3	0.19	0.20	
0.50	0.50	0.80	36	SILO	0	2111280.25	15	19	22	53	200	0	1	1	2	4	0.20	0.21	
0.50	0.50	0.80	40	SILO	0	2417563.42	15	19	20	46	170	0	1	1	2	4	0.22	0.23	
0.50	0.50	0.80	44	SILO	0	2285061.40	17	22	27	72	291	0	1	1	2	4	0.22	0.24	
0.50	0.50	0.80	48	SILO	0	2703809.42	17	20	22	53	349	0	1	1	2	5	0.24	0.26	
0.50	0.50	0.80	52	SILO	0	2860016.54	17	21	22	38	255	0	1	1	3	5	0.25	0.27	
0.50	0.50	0.80	56	SILO	0	2935882.24	18	22	23	55	283	0	1	1	3	5	0.26	0.28	
0.50	0.50	0.80	60	SILO	0	3341183.39	17	21	23	41	295	0	1	2	3	6	0.27	0.29	
0.50	0.50	0.80	64	SILO	0	3020004.46	19	24	29	77	433	0	1	2	3	6	0.27	0.30	
0.95	0.05	0.80	1	DLOCK	0	83848.68	11	16	18	25	35	0	0	0	0	0	0.00	0.00	
0.95	0.05	0.80	4	DLOCK	0	352131.27	11	13	14	18	27	0	0	0	0	0	0.01	0.00	
0.95	0.05	0.80	8	DLOCK	0	672953.95	11	13	14	17	29	0	0	0	0	0	0.00	0.00	
0.95	0.05	0.80	12	DLOCK	0	973496.27	12	14	14	17	25	0	0	0	0	0	0.04	0.00	
0.95	0.05	0.80	16	DLOCK	0	1412882.25	11	12	13	16	26	0	0	0	0	1	0.02	0.00	
0.95	0.05	0.80	20	DLOCK	0	1385690.04	13	16	18	38	150	0	0	0	0	6	0.10	0.00	
0.95	0.05	0.80	24	DLOCK	0	1482897.45	14	18	24	43	136	0	0	0	0	14	0.11	0.00	
0.95	0.05	0.80	28	DLOCK	0	1542832.29	16	21	36	56	181	0	0	0	0	27	0.15	0.01	
0.95	0.05	0.80	32	DLOCK	0	1689882.68	16	21	39	71	285	0	0	0	0	42	0.17	0.01	
0.95	0.05	0.80	36	DLOCK	0	1893775.94	16	22	40	69	265	0	0	0	0	48	0.20	0.01	
0.95	0.05	0.80	40	DLOCK	0	2041427.14	17	23	42	71	307	0	0	0	1	52	0.22	0.01	
0.95	0.05	0.80	44	DLOCK	0	2113506.17	18	24	46	85	403	0	0	0	1	52	0.20	0.01	
0.95	0.05	0.80	48	DLOCK	0	2140516.49	18	25	49	100	417	0	0	0	3	82	0.29	0.01	
0.95	0.05	0.80	52	DLOCK	0	2779420.94	18	22	26	65	367	0	0	0	1	37	0.20	0.01	
0.95	0.05	0.80	56	DLOCK	0	2583475.47	19	26	51	88	474	0	0	0	5	74	0.28	0.02	
0.95	0.05	0.80	60	DLOCK	0	2372619.46	20	30	60	141	651	0	0	0	7	101	0.35	0.02	
0.95	0.05	0.80	64	DLOCK	0	2915029.26	20	26	53	89	552	0	0	0	6	68	0.29	0.02	
0.95	0.05	0.80	1	SILO	0	100937.84	9	13	16	22	30	0	0	0	0	0	0.00	0.00	
0.95	0.05	0.80	4	SILO	0	392283.91	10	12	13	16	23	0	0	0	0	1	0.00	0.00	
0.95	0.05	0.80	8	SILO	0	888546.31	8	10	11	23	95	0	0	0	0	1	0.01	0.01	
0.95	0.05	0.80	12	SILO	0	1291577.70	9	10	11	13	23	0	0	0	1	1	0.01	0.01	
0.95	0.05	0.80	16	SILO	0	1553354.01	10	11	12	14	20	0	0	0	1	1	0.01	0.01	
0.95	0.05	0.80	20	SILO	0	1789290.39	10	13	14	19	67	0	0	0	1	1	0.02	0.02	
0.95	0.05	0.80	24	SILO	0	1944946.47	11	14	15	30	88	0	0	0	1	1	0.02	0.02	
0.95	0.05	0.80	28	SILO	0	2184417.11	12	15	16	27	82	0	0	0	1	1	0.02	0.02	
0.95	0.05	0.80	32	SILO	0	2252939.32	13	16	17	37	111	0	0	0	1	1	0.03	0.03	
0.95	0.05	0.80	36	SILO	0	2459323.97	13	17	18	42	154	0	0	0	1	1	0.03	0.03	
0.95	0.05	0.80	40	SILO	0	2764437.10	13	16	18	44	127	0	0	0	1	1	0.03	0.03	
0.95	0.05	0.80	44	SILO	0	2496373.88	15	19	23	57	232	0	0	0	1	1	0.04	0.04	
0.95	0.05	0.80	48	SILO	0	3052899.13	15	18	19	48	173	0	0	0	1	1	0.04	0.04	
0.95	0.05	0.80	52	SILO	0	2996530.06	15	19	22	61	328	0	0	0	1	1	0.04	0.04	
0.95	0.05	0.80	56	SILO	0	2903538.65	16	21	26	72	357	0	0	0	1	1	0.04	0.05	
0.95	0.05	0.80	60	SILO	0	3428706.70	15	20	23	65	343	0	0	0	1	1	0.05	0.05	
0.95	0.05	0.80	64	SILO	0	3080758.94	17	22	32	77	423	0	0	1	1	1	0.05	0.05	
0.50	0.50	0.85	1	DLOCK	0	84525.04	11	16	18	25	36	0	0	0	0	0	0.00	0.00	
0.50	0.50	0.85	4	DLOCK	0	336304.41	11	14	16	20	29	0	0	0	0	1	0.01	0.00	
0.50	0.50	0.85	8	DLOCK	0	680946.21	11	15	18	30	99	0	0	0	0	4	0.04	0.01	
0.50	0.50	0.85	12	DLOCK	0	1008433.75	11	14	17	28	53	0	0	0	1	6	0.07	0.01	
0.50	0.50	0.85	16	DLOCK	0	1155642.77	12	17	23	42	88	0	0	0	1	10	0.06	0.02	
0.50	0.50	0.85	20	DLOCK	0	1128755.06	13	30	44	93	260	0	0	0	2	38	0.20	0.03	
0.50	0.50	0.85	24	DLOCK	0	1065046.94	14	46	72	160	510	0	0	0	4	71	0.28	0.04	
0.50	0.50	0.85	28	DLOCK	0	914613.43	16	76	109	213	626	0	0	1	12	137	0.47	0.05	
0.50	0.50	0.85	32	DLOCK	0	802279.87	16	101	139	305	1088	0	0	1	25	200	0.62	0.06	
0.50	0.50	0.85	36	DLOCK	0	832048.45	16	119	160	405	1406	0	0	1	33	232	0.68	0.07	
0.50	0.50	0.85	40	DLOCK	0	728465.47	18	157	218	549	1640	0	0	1	53	315	0.73	0.08	
0.50	0.50	0.85	44	DLOCK	0	546582.09	18	175	239	812	3415	0	0	2	62	371	0.88	0.09	
0.50	0.50	0.85	48	DLOCK	0	698201.59	18	193	260	764	3024	0	0	3	74	408	0.79	0.10	
0.50	0.50	0.85	52	DLOCK	0	439420.92	28	324	523	1385	5608	0	1	4	126	783	0.87	0.11	
0.50	0.50	0.85	56	DLOCK	0	535367.67	21	274	416	1483	4810	0	1	5	115	727	0.86	0.11	
0.50	0.50	0.85	60	DLOCK	0	478407.21	23	316	518	1936	5956	0	1	7	135	887	0.87	0.12	
0.50	0.50	0.85	64	DLOCK	0	338253.70	46	499	879	2450	9460	0	1	10	203	1358	0.92	0.13	
0.50	0.50	0.85	1	SILO	0	92006.48	10	14	16	20	26	0	0	0	0	0	0.00	0.00	
0.50	0.50	0.85	4	SILO	0	412022.48	9	12	13	16	23	0	0	1	1	2	0.07	0.07	
0.50	0.50	0.85	8	SILO	0	836163.81	9	11	12	24	96	0	1	1	2	3	0.14	0.15	
0.50	0.50	0.85	12	SILO	0	1252969.85	9	11	12	15	22	0	1	1	2	3	0.19	0.21	
0.50	0.50	0.85	16	SILO	0	1589659.04	9	12	13	17	78	0	1	1	2	4	0.24	0.26	
0.50	0.50	0.85	20	SILO	0	1642354.63	11	14	16	23	71	0	1	2	3	5	0.27	0.30	
0.50	0.50	0.85	24	SILO	0	1748304.34	12	16	18	35	96	0	1	2	3	5	0.30	0.34	
0.50	0.50	0.85	28	SILO	0	1817525.74	13	18	21	53	188	0	1	2	3	6	0.32	0.36	
0.50	0.50	0.85	32	SILO	0	1910347.03	15	19	24	48	166	0	1	2	3	7	0.34	0.39	
0.50	0.50	0.85	36	SILO	0	1995879.35	15	21	27	71	259	0	1	2	4	8	0.36	0.41	
0.50	0.50	0.85	40	SILO	0	2116969.45	16	22	33	80	299	0	2	2	5	10	0.39	0.43	
0.50	0.50	0.85	44	SILO	0	2355400.51	16	23	31	71	260	0	2	3	6	14	0.42	0.45	
0.50	0.50	0.85	48	SILO	0	2286001.89	17	25	42	102	438	0	2	3	7	19	0.45	0.46	
0.50	0.50	0.85	52	SILO	0	2429006.06	18	28	48	95	390	0	2	3	9	29	0.49	0.48	
0.50	0.50	0.85	56	SILO	0	2003932.55	19	38	61	200	845	0	3	6	19	80	0.60	0.47	
0.50	0.50	0.85	60	SILO	0	2011316.66	18	48	74	259	1115	0	3	6	22	98	0.63	0.46	
0.50	0.50	0.85	64	SILO	0	1679765.50	21	63	94	331	1567	0	3	6	22	114	0.63	0.46	
0.95	0.05	0.85	1	DLOCK	0	92122.95	10	14	16	23	33	0	0	0	0	0	0.00	0.00	
0.95	0.05	0.85	4	DLOCK	0	348296.64	11	13	14	18	27	0	0	0	0	0	0.02	0.00	
0.95	0.05	0.85	8	DLOCK	0	703330.53	11	13	14	17	24	0	0	0	0	1	0.04	0.00	
0.95	0.05	0.85	12	DLOCK	0	1051089.60	11	13	14	16	24	0	0	0	0	5	0.06	0.00	
0.95	0.05	0.85	16	DLOCK	0	1484326.65	10	12	13	16	22	0	0	0	0	7	0.11	0.01	
0.95	0.05	0.85	20	DLOCK	0	1533601.08	12	15	17	35	95	0	0	0	1	26	0.16	0.01	
0.95	0.05	0.85	24	DLOCK	0	1604243.18	13	18	28	55	168	0	0	0	3	50	0.22	0.02	
0.95	0.05	0.85	28	DLOCK	0	1658924.69	14	20	35	63	192	0	0	0	7	74	0.31	0.02	
0.95	0.05	0.85	32	DLOCK	0	1757002.25	15	21	39	86	286	0	0	0	10	100	0.37	0.03	
0.95	0.05	0.85	36	DLOCK	0	1958951.81	15	22	40	81	295	0	0	0	13	99	0.40	0.03	
0.95	0.05	0.85	40	DLOCK	0	2420297.30	15	20	25	54	293	0	0	0	8	56	0.28	0.03	
0.95	0.05	0.85	44	DLOCK	0	2218794.73	16	24	46	98	388	0	0	0	16	106	0.43	0.04	
0.95	0.05	0.85	48	DLOCK	0	2460736.96	17	24	47	94	475	0	0	0	16	110	0.44	0.05	
0.95	0.05	0.85	52	DLOCK	0	2307038.22	17	30	55	151	614	0	0	1	24	141	0.52	0.05	
0.95	0.05	0.85	56	DLOCK	0	2376333.28	18	31	57	175	713	0	0	1	23	152	0.53	0.06	
0.95	0.05	0.85	60	DLOCK	0	2402208.93	19	40	62	172	788	0	0	2	24	142	0.54	0.06	
0.95	0.05	0.85	64	DLOCK	0	2891106.47	18	29	57	156	733	0	0	2	21	132	0.51	0.07	
0.95	0.05	0.85	1	SILO	0	90092.91	10	14	15	19	25	0	0	0	0	0	0.00	0.00	
0.95	0.05	0.85	4	SILO	0	409241.07	9	11	12	16	22	0	0	0	0	1	0.01	0.01	
0.95	0.05	0.85	8	SILO	0	950921.63	8	9	10	13	21	0	0	0	1	1	0.02	0.02	
0.95	0.05	0.85	12	SILO	0	1280532.80	9	11	11	14	21	0	0	0	1	1	0.03	0.03	
0.95	0.05	0.85	16	SILO	0	1685047.30	9	11	11	13	21	0	0	0	1	1	0.03	0.04	
0.95	0.05	0.85	20	SILO	0	1872420.83	10	12	13	18	66	0	0	0	1	1	0.04	0.04	
0.95	0.05	0.85	24	SILO	0	2117973.36	10	13	14	29	88	0	0	1	1	2	0.05	0.05	
0.95	0.05	0.85	28	SILO	0	2243671.21	11	14	16	36	111	0	0	1	1	2	0.06	0.06	
0.95	0.05	0.85	32	SILO	0	2430819.59	12	15	16	36	127	0	0	1	1	2	0.07	0.07	
0.95	0.05	0.85	36	SILO	0	2802663.17	12	15	16	35	128	0	0	1	1	2	0.07	0.08	
0.95	0.05	0.85	40	SILO	0	2698216.30	13	17	20	63	243	0	0	1	1	2	0.08	0.08	
0.95	0.05	0.85	44	SILO	0	3167485.42	13	16	17	43	156	0	0	1	1	2	0.09	0.09	
0.95	0.05	0.85	48	SILO	0	3195359.08	13	17	20	52	224	0	0	1	1	2	0.09	0.10	
0.95	0.05	0.85	52	SILO	0	3835016.21	13	16	17	26	198	0	1	1	1	2	0.10	0.11	
0.95	0.05	0.85	56	SILO	0	3359936.37	14	19	22	64	313	0	1	1	1	2	0.10	0.11	
0.95	0.05	0.85	60	SILO	0	3746335.01	14	18	21	61	260	0	1	1	1	2	0.11	0.12	
0.95	0.05	0.85	64	SILO	0	3338832.74	16	21	29	81	497	0	1	1	1	2	0.11	0.12	
0.50	0.50	0.90	1	DLOCK	0	87675.41	11	15	17	22	30	0	0	0	0	0	0.00	0.00	
0.50	0.50	0.90	4	DLOCK	0	362500.65	10	14	16	21	31	0	0	0	0	2	0.02	0.01	
0.50	0.50	0.90	8	DLOCK	0	686010.02	10	15	19	29	52	0	0	0	1	8	0.07	0.02	
0.50	0.50	0.90	12	DLOCK	0	887267.23	11	20	28	45	82	0	0	0	2	14	0.11	0.05	
0.50	0.50	0.90	16	DLOCK	0	647029.32	11	33	44	65	115	0	0	1	3	33	0.41	0.07	
0.50	0.50	0.90	20	DLOCK	0	824535.34	13	58	76	149	579	0	0	1	10	96	0.42	0.09	
0.50	0.50	0.90	24	DLOCK	0	519603.48	15	93	122	285	810	0	1	2	28	187	0.71	0.12	
0.50	0.50	0.90	28	DLOCK	0	507491.32	17	120	160	376	1309	0	1	3	44	265	0.80	0.14	
0.50	0.50	0.90	32	DLOCK	0	275211.09	37	229	340	722	3598	0	1	5	89	515	0.91	0.16	
0.50	0.50	0.90	36	DLOCK	0	272983.75	37	222	350	1102	3323	0	2	7	96	604	0.94	0.17	
0.50	0.50	0.90	40	DLOCK	0	258350.48	59	361	582	1506	4992	0	2	10	149	864	0.90	0.18	
0.50	0.50	0.90	44	DLOCK	0	205623.17	74	460	761	1853	7876	0	3	15	199	1153	0.94	0.20	
0.50	0.50	0.90	48	DLOCK	0	93865.02	143	860	1445	3110	14689	0	3	25	340	1993	0.97	0.21	
0.50	0.50	0.90	52	DLOCK	0	157738.47	132	877	1386	3509	14939	0	4	29	353	2060	0.95	0.22	
0.50	0.50	0.90	56	DLOCK	0	137813.10	135	837	1459	3722	51384	0	5	35	375	2436	0.96	0.23	
0.50	0.50	0.90	60	DLOCK	0	100131.94	230	1379	2397	4784	27236	0	7	63	606	3181	0.98	0.24	
0.50	0.50	0.90	64	DLOCK	0	77788.82	307	1898	3035	5418	43623	0	10	89	789	3995	0.99	0.25	
0.50	0.50	0.90	1	SILO	0	106872.37	9	12	14	18	23	0	0	0	0	0	0.00	0.00	
0.50	0.50	0.90	4	SILO	0	391297.79	9	12	14	16	21	0	1	1	1	2	0.14	0.16	
0.50	0.50	0.90	8	SILO	0	868126.57	8	11	12	16	22	0	1	1	2	4	0.27	0.30	
0.50	0.50	0.90	12	SILO	0	1161016.06	10	12	13	17	23	0	1	2	3	5	0.34	0.40	
0.50	0.50	0.90	16	SILO	0	1607445.32	9	12	13	18	28	0	2	2	4	7	0.40	0.48	
0.50	0.50	0.90	20	SILO	0	1637842.67	11	15	17	29	73	1	2	3	5	10	0.45	0.53	
0.50	0.50	0.90	24	SILO	0	1757859.85	12	17	21	38	101	1	2	3	7	15	0.50	0.57	
0.50	0.50	0.90	28	SILO	0	1754987.68	13	21	31	60	148	1	3	4	9	23	0.54	0.59	
0.50	0.50	0.90	32	SILO	0	1741946.18	15	26	37	81	208	1	3	5	12	31	0.58	0.61	
0.50	0.50	0.90	36	SILO	0	1483391.49	16	39	60	150	489	1	4	7	21	73	0.66	0.61	
0.50	0.50	0.90	40	SILO	0	1094687.21	18	60	105	340	1348	1	5	10	35	146	0.74	0.59	
0.50	0.50	0.90	44	SILO	0	1018502.54	19	69	121	383	1743	1	5	10	38	172	0.75	0.59	
0.50	0.50	0.90	48	SILO	0	895154.41	20	75	141	507	3057	1	5	10	43	249	0.77	0.58	
0.50	0.50	0.90	52	SILO	0	757686.80	22	103	192	716	4053	1	6	12	50	272	0.78	0.57	
0.50	0.50	0.90	56	SILO	0	674696.35	22	117	237	946	6077	1	6	13	59	367	0.81	0.55	
0.50	0.50	0.90	60	SILO	0	654513.60	23	124	236	975	6674	1	6	12	57	365	0.81	0.55	
0.50	0.50	0.90	64	SILO	0	587445.88	22	128	269	1222	8894	1	6	13	66	450	0.83	0.54	
0.95	0.05	0.90	1	DLOCK	0	104085.06	9	13	15	20	28	0	0	0	0	0	0.00	0.00	
0.95	0.05	0.90	4	DLOCK	0	391928.52	10	12	13	16	24	0	0	0	0	0	0.02	0.00	
0.95	0.05	0.90	8	DLOCK	0	812661.82	9	12	12	16	23	0	0	0	0	6	0.03	0.01	
0.95	0.05	0.90	12	DLOCK	0	1209115.02	9	12	12	15	22	0	0	0	1	11	0.11	0.01	
0.95	0.05	0.90	16	DLOCK	0	1540075.84	10	12	13	16	23	0	0	0	3	16	0.15	0.02	
0.95	0.05	0.90	20	DLOCK	0	1620770.19	11	14	17	34	103	0	0	0	8	59	0.32	0.04	
0.95	0.05	0.90	24	DLOCK	0	1674406.08	12	17	30	59	162	0	0	1	16	94	0.42	0.05	
0.95	0.05	0.90	28	DLOCK	0	2034157.79	12	17	21	48	208	0	0	1	13	87	0.39	0.06	
0.95	0.05	0.90	32	DLOCK	0	1852909.04	14	23	38	98	309	0	0	4	30	142	0.57	0.08	
0.95	0.05	0.90	36	DLOCK	0	1943259.26	14	31	44	123	394	0	0	5	30	142	0.59	0.10	
0.95	0.05	0.90	40	DLOCK	0	2071613.39	15	32	47	130	391	0	1	6	33	134	0.60	0.11	
0.95	0.05	0.90	44	DLOCK	0	2256587.15	15	34	48	133	476	0	1	6	30	137	0.61	0.12	
0.95	0.05	0.90	48	DLOCK	0	2462001.06	16	35	50	135	598	0	2	7	28	150	0.61	0.13	
0.95	0.05	0.90	52	DLOCK	0	2344231.31	16	43	58	189	693	0	2	7	31	159	0.63	0.14	
0.95	0.05	0.90	56	DLOCK	0	2724639.54	16	39	55	135	678	0	2	7	25	127	0.60	0.15	
0.95	0.05	0.90	60	DLOCK	0	
0.95	0.05	0.90	64	DLOCK	0	2886286.13	17	40	59	166	817	0	3	7	25	144	0.62	0.17	
0.95	0.05	0.90	1	SILO	0	101306.47	9	17	25	59	102	0	0	0	0	0	0.00	0.00	
0.95	0.05	0.90	4	SILO	0	495654.69	8	10	12	25	82	0	0	0	1	1	0.02	0.02	
0.95	0.05	0.90	8	SILO	0	961760.60	8	10	10	13	18	0	0	0	1	1	0.04	0.04	
0.95	0.05	0.90	12	SILO	0	1555014.59	7	9	10	12	18	0	0	1	1	2	0.06	0.06	
0.95	0.05	0.90	16	SILO	0	1982937.16	7	10	10	13	57	0	0	1	1	2	0.08	0.08	
0.95	0.05	0.90	20	SILO	0	2106476.60	9	11	12	24	63	0	1	1	1	2	0.09	0.10	
0.95	0.05	0.90	24	SILO	0	2316715.69	9	12	13	31	81	0	1	1	1	2	0.11	0.12	
0.95	0.05	0.90	28	SILO	0	2478226.79	10	13	15	35	102	0	1	1	1	2	0.12	0.14	
0.95	0.05	0.90	32	SILO	0	2886815.78	10	13	14	22	102	0	1	1	1	2	0.14	0.15	
0.95	0.05	0.90	36	SILO	0	3117300.04	10	14	15	34	133	0	1	1	1	2	0.15	0.17	
0.95	0.05	0.90	40	SILO	0	3108907.23	11	15	18	49	207	0	1	1	2	2	0.16	0.18	
0.95	0.05	0.90	44	SILO	0	3571499.52	11	15	16	38	144	0	1	1	2	2	0.18	0.20	
0.95	0.05	0.90	48	SILO	0	3829513.61	12	15	16	41	264	0	1	1	2	3	0.19	0.22	
0.95	0.05	0.90	52	SILO	0	3643946.48	12	16	19	57	280	0	1	1	2	3	0.20	0.22	
0.95	0.05	0.90	56	SILO	0	4227085.75	12	16	17	47	356	0	1	1	2	3	0.21	0.24	
0.95	0.05	0.90	60	SILO	0	4310380.82	12	17	19	60	290	0	1	1	2	3	0.22	0.25	
0.95	0.05	0.90	64	SILO	0	3977847.41	13	18	21	71	314	0	1	1	2	3	0.22	0.26	
0.50	0.50	0.99	1	DLOCK	0	130133.46	7	11	12	17	24	0	0	0	0	0	0.00	0.00	
0.50	0.50	0.99	4	DLOCK	0	414389.35	8	14	16	24	38	0	0	0	1	9	0.08	0.04	
0.50	0.50	0.99	8	DLOCK	0	
0.50	0.50	0.99	12	DLOCK	0	428135.81	13	39	46	63	167	0	1	2	7	46	0.69	0.21	
0.50	0.50	0.99	16	DLOCK	0	94728.98	26	75	101	224	29322	0	2	4	22	177	0.97	0.28	
0.50	0.50	0.99	20	DLOCK	0	144860.69	55	181	235	402	7879	0	3	8	84	453	0.93	0.33	
0.50	0.50	0.99	24	DLOCK	0	110314.02	113	350	458	782	12865	0	5	15	162	772	0.94	0.36	
0.50	0.50	0.99	28	DLOCK	0	117531.66	108	345	481	1074	27817	0	6	17	166	1064	0.96	0.39	
0.50	0.50	0.99	32	DLOCK	0	87480.73	166	545	782	1833	45318	0	8	32	278	1596	0.97	0.41	
0.50	0.50	0.99	36	DLOCK	0	62524.78	301	943	1267	2271	53945	0	13	71	477	2338	0.98	0.43	
0.50	0.50	0.99	40	DLOCK	0	36575.75	452	1446	2000	4017	99999	0	19	109	717	5375	0.99	0.45	
0.50	0.50	0.99	44	DLOCK	0	43060.37	583	1943	2705	6179	99999	0	26	152	977	4617	0.99	0.47	
0.50	0.50	0.99	48	DLOCK	0	29400.08	716	2257	2905	5406	99999	0	38	203	1105	6607	0.99	0.48	
0.50	0.50	0.99	52	DLOCK	0	26109.05	792	2593	3468	6740	99999	0	51	252	1359	7117	0.99	0.50	
0.50	0.50	0.99	56	DLOCK	0	15679.84	1255	3901	5367	13991	99999	1	86	398	2052	16483	1.00	0.50	
0.50	0.50	0.99	60	DLOCK	0	34513.42	879	3307	4524	10669	99999	1	69	291	1527	7783	0.99	0.52	
0.50	0.50	0.99	64	DLOCK	0	8148.79	2278	5942	7372	32101	99999	1	159	655	3087	21961	1.00	0.52	
0.50	0.50	0.99	1	SILO	0	139028.22	7	9	10	13	17	0	0	0	0	0	0.00	0.00	
0.50	0.50	0.99	4	SILO	0	487180.82	7	11	12	15	20	0	1	2	2	4	0.34	0.43	
0.50	0.50	0.99	8	SILO	0	913371.85	8	11	13	18	31	1	2	3	5	9	0.51	0.67	
0.50	0.50	0.99	12	SILO	0	1154376.07	9	14	16	27	57	1	3	5	8	18	0.61	0.77	
0.50	0.50	0.99	16	SILO	0	1381163.12	10	16	20	34	84	1	5	7	13	30	0.68	0.82	
0.50	0.50	0.99	20	SILO	0	774973.81	15	44	69	172	563	2	8	13	34	108	0.79	0.80	
0.50	0.50	0.99	24	SILO	0	612077.08	18	68	110	316	1209	2	10	17	50	182	0.82	0.80	
0.50	0.50	0.99	28	SILO	0	474387.94	22	98	169	548	2374	2	11	20	65	265	0.85	0.79	
0.50	0.50	0.99	32	SILO	0	393579.67	25	128	233	844	4120	2	12	23	82	360	0.87	0.78	
0.50	0.50	0.99	36	SILO	0	300776.53	32	185	347	1361	7022	2	13	25	97	455	0.88	0.76	
0.50	0.50	0.99	40	SILO	0	261573.76	35	223	433	1807	9233	2	14	28	112	518	0.89	0.76	
0.50	0.50	0.99	44	SILO	0	231637.04	43	303	593	2391	11027	2	15	31	127	534	0.90	0.76	
0.50	0.50	0.99	48	SILO	0	211870.53	44	333	673	2928	13778	2	16	34	140	596	0.90	0.75	
0.50	0.50	0.99	52	SILO	0	192189.11	54	388	774	3404	16825	2	17	35	145	646	0.91	0.76	
0.50	0.50	0.99	56	SILO	0	168529.63	64	448	907	4154	22270	2	17	36	156	741	0.91	0.77	
0.50	0.50	0.99	60	SILO	0	158107.44	68	518	1082	5047	24461	2	18	40	176	763	0.92	0.76	
0.50	0.50	0.99	64	SILO	0	146141.51	72	573	1213	6078	29671	2	18	41	190	834	0.92	0.76	
0.95	0.05	0.99	1	DLOCK	0	147920.14	6	9	10	14	21	0	0	0	0	0	0.00	0.00	
0.95	0.05	0.99	4	DLOCK	0	547129.53	7	9	10	13	17	0	0	0	0	6	0.06	0.01	
0.95	0.05	0.99	8	DLOCK	0	989691.98	7	10	11	14	20	0	0	0	4	17	0.14	0.03	
0.95	0.05	0.99	12	DLOCK	0	1569720.47	7	9	10	14	21	0	0	1	7	21	0.25	0.07	
0.95	0.05	0.99	16	DLOCK	0	1862885.54	8	11	12	16	26	0	1	3	10	27	0.35	0.10	
0.95	0.05	0.99	20	DLOCK	0	1827512.69	9	15	21	52	123	0	2	6	25	109	0.58	0.15	
0.95	0.05	0.99	24	DLOCK	0	1628128.78	11	27	38	91	194	0	4	11	43	133	0.70	0.21	
0.95	0.05	0.99	28	DLOCK	0	1655954.45	12	33	50	116	274	0	7	16	54	161	0.76	0.24	
0.95	0.05	0.99	32	DLOCK	0	
0.95	0.05	0.99	36	DLOCK	0	1642049.55	14	46	76	181	467	0	8	18	60	188	0.79	0.30	
0.95	0.05	0.99	40	DLOCK	0	1746404.59	14	49	75	193	586	0	8	16	50	177	0.77	0.31	
0.95	0.05	0.99	44	DLOCK	0	1617077.25	17	61	96	234	679	0	9	17	55	200	0.79	0.34	
0.95	0.05	0.99	48	DLOCK	0	
0.95	0.05	0.99	52	DLOCK	0	
0.95	0.05	0.99	56	DLOCK	0	1324765.45	23	107	165	351	957	0	13	25	70	221	0.84	0.41	
0.95	0.05	0.99	60	DLOCK	0	
0.95	0.05	0.99	64	DLOCK	0	
0.95	0.05	0.99	1	SILO	0	153813.71	6	9	10	13	19	0	0	0	0	0	0.00	0.00	
0.95	0.05	0.99	4	SILO	0	663115.98	5	8	9	23	67	0	0	1	1	2	0.06	0.06	
0.95	0.05	0.99	8	SILO	0	1266649.76	6	8	9	11	15	0	1	1	1	2	0.12	0.13	
0.95	0.05	0.99	12	SILO	0	1835161.64	6	8	9	11	15	0	1	1	2	3	0.17	0.19	
0.95	0.05	0.99	16	SILO	0	2379845.79	6	8	9	11	15	0	1	1	2	3	0.21	0.25	
0.95	0.05	0.99	20	SILO	0	2650283.59	7	10	11	16	61	0	1	1	2	3	0.25	0.30	
0.95	0.05	0.99	24	SILO	0	2893489.15	7	10	12	28	76	0	1	1	2	4	0.28	0.34	
0.95	0.05	0.99	28	SILO	0	3075724.60	8	12	13	36	110	0	1	2	2	4	0.30	0.37	
0.95	0.05	0.99	32	SILO	0	3406524.66	8	12	13	35	147	0	1	2	3	4	0.33	0.42	
0.95	0.05	0.99	36	SILO	0	3716444.66	9	12	14	38	136	0	1	2	3	5	0.36	0.45	
0.95	0.05	0.99	40	SILO	0	3499141.77	9	14	18	54	172	0	1	2	3	5	0.37	0.47	
0.95	0.05	0.99	44	SILO	0	4165960.36	9	14	15	40	160	1	2	2	3	6	0.40	0.51	
0.95	0.05	0.99	48	SILO	0	4093326.26	10	15	18	50	190	1	2	2	3	6	0.41	0.53	
0.95	0.05	0.99	52	SILO	0	4569594.58	10	15	17	45	305	1	2	2	4	7	0.44	0.57	
0.95	0.05	0.99	56	SILO	0	4219078.84	11	17	21	59	234	1	2	2	4	8	0.44	0.57	
0.95	0.05	0.99	60	SILO	0	4170792.62	12	18	24	65	257	1	2	3	5	9	0.46	0.59	
0.95	0.05	0.99	64	SILO	0	4218512.40	12	20	28	72	316	1	2	3	5	10	0.47	0.61	
Policy 0.
Rd	Wt	Zip	T	CC	TP	P50	P90	P99	P999	Abt
0.50	0.50	0.80	1	DLOCK	0	71428.27	13	18	20	26	34	0	0	0	0	0	0.00	0.00	
0.50	0.50	0.80	4	DLOCK	0	337413.12	11	14	16	21	31	0	0	0	0	0	0.00	0.00	
0.50	0.50	0.80	8	DLOCK	0	629684.30	12	14	16	21	46	0	0	0	0	1	0.00	0.00	
0.50	0.50	0.80	12	DLOCK	0	1023382.85	11	13	15	29	127	0	0	0	0	1	0.00	0.00	
0.50	0.50	0.80	16	DLOCK	0	1205394.90	12	15	17	29	107	0	0	0	0	1	0.01	0.01	
0.50	0.50	0.80	20	DLOCK	0	1286785.81	13	19	27	72	165	0	0	0	0	1	0.01	0.01	
0.50	0.50	0.80	24	DLOCK	0	1378943.17	15	22	36	98	254	0	0	0	1	2	0.01	0.01	
0.50	0.50	0.80	28	DLOCK	0	1345756.40	16	33	51	138	385	0	0	0	1	2	0.02	0.02	
0.50	0.50	0.80	32	DLOCK	0	1429078.77	16	40	67	175	601	0	0	0	1	2	0.02	0.02	
0.50	0.50	0.80	36	DLOCK	0	1429735.20	17	48	92	214	750	0	0	0	1	2	0.03	0.02	
0.50	0.50	0.80	40	DLOCK	0	1569836.12	17	57	112	243	948	0	0	0	1	3	0.03	0.02	
0.50	0.50	0.80	44	DLOCK	0	1369666.66	18	93	151	294	1003	0	0	0	1	3	0.03	0.03	
0.50	0.50	0.80	48	DLOCK	0	1332810.13	18	116	184	367	1305	0	0	0	1	3	0.04	0.03	
0.50	0.50	0.80	52	DLOCK	0	1172282.00	19	152	231	555	2091	0	0	0	1	3	0.05	0.04	
0.50	0.50	0.80	56	DLOCK	0	1140386.57	19	183	271	650	2538	0	0	0	2	4	0.05	0.04	
0.50	0.50	0.80	60	DLOCK	0	1263176.71	18	190	279	630	2402	0	0	0	2	4	0.06	0.04	
0.50	0.50	0.80	64	DLOCK	0	1149116.02	19	225	326	763	3704	0	0	0	2	4	0.06	0.05	
0.50	0.50	0.80	1	SILO	0	96390.53	10	14	16	22	28	0	0	0	0	0	0.00	0.00	
0.50	0.50	0.80	4	SILO	0	355760.67	11	13	15	83	117	0	0	0	1	1	0.03	0.03	
0.50	0.50	0.80	8	SILO	0	725541.11	10	13	38	105	144	0	0	1	1	2	0.06	0.06	
0.50	0.50	0.80	12	SILO	0	1072832.93	11	16	67	111	177	0	0	1	1	2	0.09	0.09	
0.50	0.50	0.80	16	SILO	0	1498703.69	10	35	80	115	198	0	1	1	2	3	0.12	0.12	
0.50	0.50	0.80	20	SILO	0	1588608.81	12	55	91	125	220	0	1	1	2	3	0.14	0.15	
0.50	0.50	0.80	24	SILO	0	1702465.17	13	68	100	144	249	0	1	1	2	3	0.16	0.17	
0.50	0.50	0.80	28	SILO	0	1828056.41	14	78	106	161	283	0	1	1	2	3	0.18	0.19	
0.50	0.50	0.80	32	SILO	0	1934794.95	15	85	111	175	316	0	1	1	2	3	0.19	0.20	
0.50	0.50	0.80	36	SILO	0	2063438.15	16	92	117	195	384	0	1	1	2	4	0.21	0.22	
0.50	0.50	0.80	40	SILO	0	2108917.70	17	98	121	208	431	0	1	1	2	4	0.22	0.23	
0.50	0.50	0.80	44	SILO	0	2144775.34	18	104	127	222	490	0	1	1	2	4	0.23	0.25	
0.50	0.50	0.80	48	SILO	0	2723452.60	17	102	123	214	474	0	1	1	3	5	0.25	0.27	
0.50	0.50	0.80	52	SILO	0	2524482.57	18	109	134	242	568	0	1	1	3	5	0.25	0.27	
0.50	0.50	0.80	56	SILO	0	2715769.27	19	112	137	245	580	0	1	2	3	5	0.27	0.29	
0.50	0.50	0.80	60	SILO	0	2808804.18	20	114	139	247	554	0	1	2	3	6	0.28	0.30	
0.50	0.50	0.80	64	SILO	0	3080207.02	19	116	148	276	693	0	1	2	3	6	0.29	0.31	
0.95	0.05	0.80	1	DLOCK	0	90420.83	11	15	17	25	35	0	0	0	0	0	0.00	0.00	
0.95	0.05	0.80	4	DLOCK	0	331936.54	12	14	15	19	30	0	0	0	0	0	0.00	0.00	
0.95	0.05	0.80	8	DLOCK	0	647464.91	12	14	15	18	27	0	0	0	0	0	0.00	0.00	
0.95	0.05	0.80	12	DLOCK	0	993655.09	12	13	14	17	34	0	0	0	0	0	0.00	0.00	
0.95	0.05	0.80	16	DLOCK	0	1383605.26	11	13	14	19	102	0	0	0	0	1	0.00	0.00	
0.95	0.05	0.80	20	DLOCK	0	1361475.51	13	17	18	36	113	0	0	0	0	1	0.00	0.00	
0.95	0.05	0.80	24	DLOCK	0	1649715.52	13	17	19	48	195	0	0	0	0	1	0.01	0.00	
0.95	0.05	0.80	28	DLOCK	0	1622558.44	15	20	33	65	190	0	0	0	0	1	0.01	0.01	
0.95	0.05	0.80	32	DLOCK	0	1791203.31	16	21	37	76	255	0	0	0	0	2	0.01	0.01	
0.95	0.05	0.80	36	DLOCK	0	1920853.93	16	22	41	94	299	0	0	0	1	2	0.01	0.01	
0.95	0.05	0.80	40	DLOCK	0	2031153.34	17	24	45	106	381	0	0	0	1	2	0.02	0.01	
0.95	0.05	0.80	44	DLOCK	0	2459698.92	17	21	27	80	340	0	0	0	1	2	0.01	0.01	
0.95	0.05	0.80	48	DLOCK	0	2269457.86	19	26	52	118	590	0	0	0	1	3	0.03	0.02	
0.95	0.05	0.80	52	DLOCK	0	2444243.15	19	26	54	126	645	0	0	0	1	4	0.03	0.02	
0.95	0.05	0.80	56	DLOCK	0	2718425.38	19	25	52	113	601	0	0	0	1	3	0.03	0.02	
0.95	0.05	0.80	60	DLOCK	0	3034699.39	19	24	31	108	571	0	0	0	1	3	0.03	0.02	
0.95	0.05	0.80	64	DLOCK	0	3052500.33	19	26	56	139	929	0	0	0	1	5	0.04	0.02	
0.95	0.05	0.80	1	SILO	0	90524.76	11	14	16	21	27	0	0	0	0	0	0.00	0.00	
0.95	0.05	0.80	4	SILO	0	384788.84	10	12	13	16	81	0	0	0	0	1	0.00	0.00	
0.95	0.05	0.80	8	SILO	0	892122.68	8	10	11	17	100	0	0	0	0	1	0.01	0.01	
0.95	0.05	0.80	12	SILO	0	1179304.12	10	11	12	22	106	0	0	0	1	1	0.01	0.01	
0.95	0.05	0.80	16	SILO	0	1694124.39	9	11	12	56	111	0	0	0	1	1	0.01	0.01	
0.95	0.05	0.80	20	SILO	0	1776883.57	10	13	15	73	128	0	0	0	1	1	0.02	0.02	
0.95	0.05	0.80	24	SILO	0	1867556.07	12	15	20	86	154	0	0	0	1	1	0.02	0.02	
0.95	0.05	0.80	28	SILO	0	2049100.40	12	16	25	94	200	0	0	0	1	1	0.02	0.02	
0.95	0.05	0.80	32	SILO	0	2415903.40	12	15	17	90	137	0	0	0	1	1	0.03	0.03	
0.95	0.05	0.80	36	SILO	0	2417476.66	13	18	37	104	217	0	0	0	1	1	0.03	0.03	
0.95	0.05	0.80	40	SILO	0	2512435.50	14	19	41	111	320	0	0	0	1	1	0.03	0.03	
0.95	0.05	0.80	44	SILO	0	2930764.99	14	18	25	104	199	0	0	0	1	1	0.04	0.04	
0.95	0.05	0.80	48	SILO	0	3093495.61	14	19	45	110	269	0	0	0	1	1	0.04	0.04	
0.95	0.05	0.80	52	SILO	0	3173538.39	15	20	51	113	303	0	0	0	1	1	0.04	0.04	
0.95	0.05	0.80	56	SILO	0	3299362.65	15	21	55	117	343	0	0	0	1	1	0.05	0.05	
0.95	0.05	0.80	60	SILO	0	3205584.64	16	22	60	121	397	0	0	1	1	1	0.05	0.05	
0.95	0.05	0.80	64	SILO	0	3714553.39	16	21	53	117	488	0	0	1	1	2	0.05	0.05	
0.50	0.50	0.85	1	DLOCK	0	84352.14	11	15	17	22	30	0	0	0	0	0	0.00	0.00	
0.50	0.50	0.85	4	DLOCK	0	348493.82	11	15	18	41	97	0	0	0	0	1	0.00	0.00	
0.50	0.50	0.85	8	DLOCK	0	731269.64	10	14	17	44	119	0	0	0	0	1	0.01	0.01	
0.50	0.50	0.85	12	DLOCK	0	949156.26	11	15	20	58	124	0	0	0	1	1	0.01	0.01	
0.50	0.50	0.85	16	DLOCK	0	1181240.48	11	18	27	90	159	0	0	0	1	2	0.03	0.02	
0.50	0.50	0.85	20	DLOCK	0	1162631.12	12	35	64	146	404	0	0	0	1	2	0.04	0.04	
0.50	0.50	0.85	24	DLOCK	0	1108790.22	14	55	91	188	873	0	0	0	1	4	0.05	0.04	
0.50	0.50	0.85	28	DLOCK	0	1084827.68	15	87	123	251	1108	0	0	1	1	3	0.06	0.05	
0.50	0.50	0.85	32	DLOCK	0	924799.28	16	126	172	348	1089	0	0	1	1	3	0.07	0.06	
0.50	0.50	0.85	36	DLOCK	0	991003.55	16	149	196	385	1426	0	0	1	2	3	0.08	0.07	
0.50	0.50	0.85	40	DLOCK	0	693546.59	19	223	321	713	2168	0	0	1	2	4	0.10	0.08	
0.50	0.50	0.85	44	DLOCK	0	889670.18	17	217	280	599	2864	0	0	1	2	4	0.10	0.09	
0.50	0.50	0.85	48	DLOCK	0	773405.95	18	261	352	956	3388	0	0	1	2	4	0.11	0.10	
0.50	0.50	0.85	52	DLOCK	0	618331.43	21	337	496	1322	4898	0	1	1	2	4	0.13	0.10	
0.50	0.50	0.85	56	DLOCK	0	696339.56	19	345	458	1369	4653	0	1	1	2	5	0.13	0.11	
0.50	0.50	0.85	60	DLOCK	0	712325.28	19	367	483	1444	5827	0	1	1	3	5	0.14	0.11	
0.50	0.50	0.85	64	DLOCK	0	695330.32	19	405	530	1639	6678	0	1	1	3	5	0.15	0.12	
0.50	0.50	0.85	1	SILO	0	95780.49	10	13	15	19	25	0	0	0	0	0	0.00	0.00	
0.50	0.50	0.85	4	SILO	0	382119.60	10	14	48	105	142	0	0	1	1	2	0.07	0.07	
0.50	0.50	0.85	8	SILO	0	763483.50	10	53	88	117	199	0	1	1	2	3	0.14	0.15	
0.50	0.50	0.85	12	SILO	0	1219230.38	9	76	101	154	249	0	1	1	2	4	0.20	0.22	
0.50	0.50	0.85	16	SILO	0	1454034.17	10	88	108	175	278	0	1	1	2	4	0.24	0.27	
0.50	0.50	0.85	20	SILO	0	1628664.86	11	99	117	203	340	0	1	2	3	5	0.28	0.31	
0.50	0.50	0.85	24	SILO	0	1706498.17	13	106	129	223	384	0	1	2	3	5	0.31	0.34	
0.50	0.50	0.85	28	SILO	0	1836480.27	14	113	146	250	444	0	1	2	3	6	0.33	0.37	
0.50	0.50	0.85	32	SILO	0	1990233.51	15	118	162	278	511	0	2	2	4	7	0.36	0.40	
0.50	0.50	0.85	36	SILO	0	2078561.85	17	126	180	315	603	0	2	2	4	8	0.38	0.42	
0.50	0.50	0.85	40	SILO	0	2238693.70	18	135	195	359	728	0	2	3	5	10	0.41	0.45	
0.50	0.50	0.85	44	SILO	0	2254472.02	20	153	218	423	893	0	2	3	6	13	0.44	0.46	
0.50	0.50	0.85	48	SILO	0	2456819.43	20	170	249	534	1285	0	2	3	8	19	0.48	0.48	
0.50	0.50	0.85	52	SILO	0	2474663.13	25	190	288	682	1972	0	2	4	10	30	0.51	0.48	
0.50	0.50	0.85	56	SILO	0	2106362.24	32	221	349	920	3570	0	3	4	13	52	0.55	0.48	
0.50	0.50	0.85	60	SILO	0	2009737.29	29	256	430	1273	5761	0	3	5	18	84	0.61	0.48	
0.50	0.50	0.85	64	SILO	0	1735104.84	34	272	456	1451	8046	0	3	5	19	111	0.63	0.48	
0.95	0.05	0.85	1	DLOCK	0	100596.70	9	13	15	22	34	0	0	0	0	0	0.00	0.00	
0.95	0.05	0.85	4	DLOCK	0	357299.42	11	13	14	17	25	0	0	0	0	0	0.00	0.00	
0.95	0.05	0.85	8	DLOCK	0	720423.93	10	13	13	17	55	0	0	0	0	1	0.00	0.00	
0.95	0.05	0.85	12	DLOCK	0	1070528.28	11	13	13	17	91	0	0	0	0	1	0.00	0.00	
0.95	0.05	0.85	16	DLOCK	0	1393184.13	11	13	14	19	106	0	0	0	0	1	0.01	0.01	
0.95	0.05	0.85	20	DLOCK	0	1548443.39	12	15	18	64	148	0	0	0	1	2	0.02	0.01	
0.95	0.05	0.85	24	DLOCK	0	1629020.55	13	17	31	89	203	0	0	0	1	2	0.02	0.02	
0.95	0.05	0.85	28	DLOCK	0	1746361.19	14	20	37	111	319	0	0	0	1	3	0.04	0.03	
0.95	0.05	0.85	32	DLOCK	0	1861485.16	15	23	42	128	499	0	0	0	1	5	0.05	0.03	
0.95	0.05	0.85	36	DLOCK	0	2328588.86	15	20	39	116	498	0	0	0	1	4	0.05	0.03	
0.95	0.05	0.85	40	DLOCK	0	2165334.39	16	36	57	170	724	0	0	0	2	6	0.07	0.05	
0.95	0.05	0.85	44	DLOCK	0	2320260.81	16	43	70	206	1086	0	0	1	2	8	0.09	0.06	
0.95	0.05	0.85	48	DLOCK	0	2490892.59	17	45	73	206	1343	0	0	1	2	9	0.10	0.06	
0.95	0.05	0.85	52	DLOCK	0	2893406.29	17	27	69	182	1105	0	0	1	2	6	0.08	0.06	
0.95	0.05	0.85	56	DLOCK	0	2758210.77	18	55	98	275	1987	0	0	1	3	12	0.13	0.08	
0.95	0.05	0.85	60	DLOCK	0	2981522.41	18	54	96	231	1547	0	0	1	2	9	0.12	0.08	
0.95	0.05	0.85	64	DLOCK	0	3161650.35	18	61	113	338	2204	0	0	1	3	12	0.15	0.09	
0.95	0.05	0.85	1	SILO	0	97979.82	10	13	15	19	25	0	0	0	0	0	0.00	0.00	
0.95	0.05	0.85	4	SILO	0	460342.92	8	10	12	45	111	0	0	0	0	1	0.01	0.01	
0.95	0.05	0.85	8	SILO	0	873233.26	8	11	12	56	109	0	0	0	1	1	0.02	0.02	
0.95	0.05	0.85	12	SILO	0	1291729.00	9	11	12	78	112	0	0	0	1	1	0.03	0.03	
0.95	0.05	0.85	16	SILO	0	1691310.19	9	11	12	88	114	0	0	0	1	1	0.04	0.04	
0.95	0.05	0.85	20	SILO	0	1994209.25	9	13	20	96	127	0	0	0	1	1	0.04	0.04	
0.95	0.05	0.85	24	SILO	0	2081187.55	10	14	34	103	152	0	0	1	1	2	0.05	0.05	
0.95	0.05	0.85	28	SILO	0	2345926.89	11	15	45	107	176	0	0	1	1	2	0.06	0.06	
0.95	0.05	0.85	32	SILO	0	2463397.12	12	19	57	112	204	0	0	1	1	2	0.07	0.07	
0.95	0.05	0.85	36	SILO	0	2955751.39	12	16	60	110	192	0	0	1	1	2	0.08	0.08	
0.95	0.05	0.85	40	SILO	0	2841616.66	13	31	71	118	265	0	0	1	1	2	0.08	0.09	
0.95	0.05	0.85	44	SILO	0	2980903.72	13	33	76	119	272	0	0	1	1	2	0.09	0.09	
0.95	0.05	0.85	48	SILO	0	3173619.24	13	40	81	122	317	0	1	1	1	2	0.10	0.10	
0.95	0.05	0.85	52	SILO	0	3750058.13	13	40	82	119	294	0	1	1	1	2	0.10	0.11	
0.95	0.05	0.85	56	SILO	0	3693627.51	14	49	88	125	508	0	1	1	1	2	0.11	0.12	
0.95	0.05	0.85	60	SILO	0	3428322.83	15	58	93	139	432	0	1	1	1	2	0.11	0.12	
0.95	0.05	0.85	64	SILO	0	3820244.10	15	61	95	139	477	0	1	1	1	2	0.12	0.13	
0.50	0.50	0.90	1	DLOCK	0	97881.68	10	14	16	23	32	0	0	0	0	0	0.00	0.00	
0.50	0.50	0.90	4	DLOCK	0	359776.84	10	14	16	23	103	0	0	0	0	1	0.01	0.01	
0.50	0.50	0.90	8	DLOCK	0	697268.57	10	16	21	86	134	0	0	0	1	2	0.03	0.03	
0.50	0.50	0.90	12	DLOCK	0	878094.51	11	25	47	114	211	0	0	1	1	2	0.05	0.05	
0.50	0.50	0.90	16	DLOCK	0	963108.81	11	50	83	140	255	0	0	1	1	3	0.08	0.08	
0.50	0.50	0.90	20	DLOCK	0	
0.50	0.50	0.90	24	DLOCK	0	656964.94	16	145	193	330	779	0	1	1	2	3	0.13	0.13	
0.50	0.50	0.90	28	DLOCK	0	682282.36	16	177	234	445	1298	0	1	1	2	3	0.15	0.14	
0.50	0.50	0.90	32	DLOCK	0	563481.78	22	245	338	711	2232	0	1	1	2	4	0.17	0.16	
0.50	0.50	0.90	36	DLOCK	0	606593.38	21	270	361	788	2609	0	1	1	3	4	0.18	0.17	
0.50	0.50	0.90	40	DLOCK	0	441568.10	40	397	575	1421	3713	0	1	2	3	5	0.21	0.18	
0.50	0.50	0.90	44	DLOCK	0	513953.46	35	388	543	1423	4665	0	1	2	3	5	0.22	0.20	
0.50	0.50	0.90	48	DLOCK	0	465918.84	43	454	641	1906	6783	0	1	2	3	5	0.23	0.20	
0.50	0.50	0.90	52	DLOCK	0	349966.61	64	633	1017	2959	5979	0	1	2	3	6	0.25	0.22	
0.50	0.50	0.90	56	DLOCK	0	247614.40	115	1025	1609	4155	9511	0	1	2	4	6	0.27	0.23	
0.50	0.50	0.90	60	DLOCK	0	339166.90	78	768	1237	3939	8711	0	1	2	4	6	0.27	0.23	
0.50	0.50	0.90	64	DLOCK	0	249237.92	126	1140	1853	5607	13143	0	1	2	4	7	0.29	0.24	
0.50	0.50	0.90	1	SILO	0	106893.84	9	12	14	18	26	0	0	0	0	0	0.00	0.00	
0.50	0.50	0.90	4	SILO	0	418376.27	9	55	88	115	193	0	1	1	2	3	0.15	0.16	
0.50	0.50	0.90	8	SILO	0	869242.89	8	91	109	181	286	0	1	2	3	4	0.27	0.31	
0.50	0.50	0.90	12	SILO	0	1232245.77	9	106	138	229	378	0	1	2	3	6	0.36	0.41	
0.50	0.50	0.90	16	SILO	0	1459587.31	12	115	163	267	447	0	2	2	4	7	0.41	0.48	
0.50	0.50	0.90	20	SILO	0	1555808.95	27	151	207	368	694	1	2	3	6	11	0.47	0.53	
0.50	0.50	0.90	24	SILO	0	1613620.35	40	174	240	439	861	1	2	4	7	13	0.50	0.57	
0.50	0.50	0.90	28	SILO	0	1678562.34	50	206	299	595	1287	1	3	4	9	21	0.56	0.60	
0.50	0.50	0.90	32	SILO	0	1692116.39	59	241	359	764	1851	1	3	5	12	29	0.59	0.61	
0.50	0.50	0.90	36	SILO	0	1397135.88	66	332	554	1548	5850	1	5	8	24	89	0.69	0.61	
0.50	0.50	0.90	40	SILO	0	1250274.01	74	378	641	1940	7936	1	5	9	28	120	0.71	0.61	
0.50	0.50	0.90	44	SILO	0	1028843.09	76	445	794	2788	14686	1	5	10	39	214	0.76	0.59	
0.50	0.50	0.90	48	SILO	0	929986.99	79	493	895	3338	19365	1	6	11	44	271	0.78	0.59	
0.50	0.50	0.90	52	SILO	0	827403.05	85	549	1003	3751	21609	1	5	11	45	281	0.79	0.58	
0.50	0.50	0.90	56	SILO	0	761278.81	91	626	1153	4397	24911	1	6	12	51	313	0.80	0.58	
0.50	0.50	0.90	60	SILO	0	697404.80	89	656	1227	4975	32099	1	6	11	54	379	0.81	0.57	
0.50	0.50	0.90	64	SILO	0	629920.74	85	687	1337	5792	42329	1	6	12	59	484	0.83	0.56	
0.95	0.05	0.90	1	DLOCK	0	111629.11	8	12	14	21	32	0	0	0	0	0	0.00	0.00	
0.95	0.05	0.90	4	DLOCK	0	435812.05	9	11	14	37	89	0	0	0	0	1	0.00	0.00	
0.95	0.05	0.90	8	DLOCK	0	839316.21	9	11	13	38	105	0	0	0	0	1	0.01	0.01	
0.95	0.05	0.90	12	DLOCK	0	1180509.54	10	12	13	43	111	0	0	0	1	1	0.02	0.01	
0.95	0.05	0.90	16	DLOCK	0	1652858.91	9	11	13	75	117	0	0	0	1	2	0.03	0.02	
0.95	0.05	0.90	20	DLOCK	0	1693649.66	11	15	31	107	245	0	0	0	1	3	0.05	0.04	
0.95	0.05	0.90	24	DLOCK	0	1748401.88	12	24	59	134	408	0	0	1	2	5	0.09	0.06	
0.95	0.05	0.90	28	DLOCK	0	1815200.47	13	38	88	196	739	0	0	1	2	7	0.12	0.08	
0.95	0.05	0.90	32	DLOCK	0	1885648.23	14	61	113	307	1339	0	1	1	3	12	0.17	0.11	
0.95	0.05	0.90	36	DLOCK	0	2038773.26	15	79	128	372	1738	0	1	1	4	13	0.20	0.13	
0.95	0.05	0.90	40	DLOCK	0	2640780.96	14	66	112	266	1441	0	1	1	3	11	0.18	0.13	
0.95	0.05	0.90	44	DLOCK	0	2401187.74	16	105	174	529	2516	0	1	2	5	16	0.27	0.17	
0.95	0.05	0.90	48	DLOCK	0	2488100.70	16	117	199	611	2849	0	1	2	6	17	0.30	0.19	
0.95	0.05	0.90	52	DLOCK	0	2642356.23	16	129	221	645	2813	0	1	3	6	17	0.32	0.21	
0.95	0.05	0.90	56	DLOCK	0	2580046.85	17	151	256	793	4272	0	2	3	7	20	0.35	0.23	
0.95	0.05	0.90	60	DLOCK	0	2797691.73	17	160	269	829	3551	0	2	3	7	19	0.36	0.24	
0.95	0.05	0.90	64	DLOCK	0	3039757.48	17	159	260	733	3963	0	2	3	7	18	0.36	0.25	
0.95	0.05	0.90	1	SILO	0	117830.62	8	12	13	18	26	0	0	0	0	0	0.00	0.00	
0.95	0.05	0.90	4	SILO	0	527419.41	7	10	13	64	109	0	0	0	1	1	0.02	0.02	
0.95	0.05	0.90	8	SILO	0	1053438.71	7	9	11	89	112	0	0	0	1	1	0.04	0.04	
0.95	0.05	0.90	12	SILO	0	1575295.56	7	9	37	99	134	0	0	1	1	2	0.06	0.06	
0.95	0.05	0.90	16	SILO	0	1940701.49	8	11	54	103	136	0	0	1	1	2	0.08	0.08	
0.95	0.05	0.90	20	SILO	0	2164148.61	8	25	69	109	170	0	1	1	1	2	0.10	0.10	
0.95	0.05	0.90	24	SILO	0	2298653.47	9	37	79	113	189	0	1	1	1	2	0.11	0.12	
0.95	0.05	0.90	28	SILO	0	2462584.22	10	50	86	117	206	0	1	1	1	2	0.13	0.14	
0.95	0.05	0.90	32	SILO	0	2666027.96	11	59	92	123	233	0	1	1	1	2	0.14	0.15	
0.95	0.05	0.90	36	SILO	0	3224949.34	11	64	94	120	226	0	1	1	2	2	0.16	0.18	
0.95	0.05	0.90	40	SILO	0	2957251.47	12	74	102	147	309	0	1	1	2	2	0.17	0.19	
0.95	0.05	0.90	44	SILO	0	3123704.44	13	79	105	153	337	0	1	1	2	3	0.18	0.20	
0.95	0.05	0.90	48	SILO	0	3514008.13	12	81	105	154	351	0	1	1	2	3	0.19	0.22	
0.95	0.05	0.90	52	SILO	0	3359421.21	13	87	109	167	397	0	1	1	2	3	0.20	0.23	
0.95	0.05	0.90	56	SILO	0	4166397.23	13	87	107	154	315	0	1	1	2	3	0.22	0.25	
0.95	0.05	0.90	60	SILO	0	3989260.39	14	93	113	175	480	0	1	1	2	3	0.22	0.26	
0.95	0.05	0.90	64	SILO	0	4531015.04	13	93	112	181	505	0	1	1	2	3	0.23	0.27	
0.50	0.50	0.99	1	DLOCK	0	135864.57	7	10	12	16	24	0	0	0	0	0	0.00	0.00	
0.50	0.50	0.99	4	DLOCK	0	406592.51	8	18	34	102	155	0	0	0	1	2	0.05	0.04	
0.50	0.50	0.99	8	DLOCK	0	592263.12	10	70	102	143	252	0	1	1	2	3	0.15	0.16	
0.50	0.50	0.99	12	DLOCK	0	633839.76	12	110	139	213	411	0	1	1	2	4	0.23	0.24	
0.50	0.50	0.99	16	DLOCK	0	
0.50	0.50	0.99	20	DLOCK	0	459222.90	45	235	294	441	840	0	1	2	3	4	0.31	0.34	
0.50	0.50	0.99	24	DLOCK	0	335660.28	91	382	485	786	1786	0	2	2	3	5	0.35	0.37	
0.50	0.50	0.99	28	DLOCK	0	301010.94	123	513	666	1159	2444	0	2	3	4	5	0.38	0.39	
0.50	0.50	0.99	32	DLOCK	0	252445.64	165	701	950	1683	3521	0	2	3	4	6	0.41	0.41	
0.50	0.50	0.99	36	DLOCK	0	244264.43	189	820	1159	2554	4828	0	2	3	5	7	0.43	0.43	
0.50	0.50	0.99	40	DLOCK	0	222675.27	234	1020	1422	3054	6001	0	2	3	5	7	0.45	0.45	
0.50	0.50	0.99	44	DLOCK	0	155534.62	368	1565	2238	4483	7591	0	3	4	6	8	0.48	0.46	
0.50	0.50	0.99	48	DLOCK	0	183839.45	333	1464	2156	4997	9888	0	3	4	6	8	0.49	0.47	
0.50	0.50	0.99	52	DLOCK	0	124284.94	539	2356	3549	6355	10842	0	3	4	6	9	0.51	0.49	
0.50	0.50	0.99	56	DLOCK	0	119203.00	589	2730	4193	7297	11381	1	3	4	7	10	0.52	0.50	
0.50	0.50	0.99	60	DLOCK	0	136312.40	568	2574	3922	8345	13925	1	3	4	7	10	0.53	0.51	
0.50	0.50	0.99	64	DLOCK	0	
0.50	0.50	0.99	1	SILO	0	134074.02	7	10	11	14	19	0	0	0	0	0	0.00	0.00	
0.50	0.50	0.99	4	SILO	0	463036.56	9	101	116	193	300	0	1	2	3	4	0.34	0.42	
0.50	0.50	0.99	8	SILO	0	787953.46	47	160	208	338	569	1	2	3	5	9	0.51	0.64	
0.50	0.50	0.99	12	SILO	0	975520.14	73	218	291	487	887	1	3	4	7	13	0.58	0.73	
0.50	0.50	0.99	16	SILO	0	1098906.58	89	282	383	665	1281	1	4	6	10	19	0.64	0.76	
0.50	0.50	0.99	20	SILO	0	905544.20	108	421	612	1254	3284	1	6	9	18	47	0.72	0.79	
0.50	0.50	0.99	24	SILO	0	743851.43	129	594	926	2226	6592	2	8	13	32	99	0.78	0.80	
0.50	0.50	0.99	28	SILO	0	534340.31	159	823	1373	3922	14286	2	10	18	56	214	0.84	0.80	
0.50	0.50	0.99	32	SILO	0	423763.84	180	1039	1802	5752	23933	2	12	22	78	343	0.87	0.79	
0.50	0.50	0.99	36	SILO	0	314239.38	209	1342	2381	7836	33681	2	13	25	95	432	0.88	0.77	
0.50	0.50	0.99	40	SILO	0	273686.77	253	1650	2910	9003	32521	2	15	29	101	395	0.89	0.78	
0.50	0.50	0.99	44	SILO	0	252457.10	254	1753	3185	11150	48168	2	14	29	119	561	0.89	0.77	
0.50	0.50	0.99	48	SILO	0	227731.10	268	1970	3632	13026	58863	2	15	30	128	640	0.90	0.77	
0.50	0.50	0.99	52	SILO	0	195963.01	304	2332	4329	15485	66979	2	16	33	141	670	0.91	0.77	
0.50	0.50	0.99	56	SILO	0	172292.00	320	2658	5031	18858	84551	2	16	35	162	802	0.92	0.76	
0.50	0.50	0.99	60	SILO	0	160450.22	346	2802	5367	20335	94321	2	16	35	166	846	0.92	0.77	
0.50	0.50	0.99	64	SILO	0	153781.43	361	3148	6016	23082	99999	2	17	38	180	981	0.92	0.76	
0.95	0.05	0.99	1	DLOCK	0	144257.16	6	9	11	15	22	0	0	0	0	0	0.00	0.00	
0.95	0.05	0.99	4	DLOCK	0	516098.05	7	10	11	16	100	0	0	0	0	1	0.01	0.01	
0.95	0.05	0.99	8	DLOCK	0	1075342.73	7	9	12	88	128	0	0	0	1	2	0.04	0.04	
0.95	0.05	0.99	12	DLOCK	0	1473391.87	7	12	55	107	188	0	0	1	1	3	0.08	0.08	
0.95	0.05	0.99	16	DLOCK	0	2095725.00	7	39	83	136	241	0	1	1	2	4	0.13	0.13	
0.95	0.05	0.99	20	DLOCK	0	2070794.61	9	83	112	221	534	0	1	2	3	7	0.23	0.20	
0.95	0.05	0.99	24	DLOCK	0	
0.95	0.05	0.99	28	DLOCK	0	1887061.35	13	180	274	594	1564	0	2	4	7	15	0.43	0.35	
0.95	0.05	0.99	32	DLOCK	0	1834019.89	15	241	370	812	2226	0	3	4	9	18	0.50	0.40	
0.95	0.05	0.99	36	DLOCK	0	1797292.41	23	285	434	969	2841	0	3	5	10	20	0.53	0.43	
0.95	0.05	0.99	40	DLOCK	0	1729045.65	38	332	502	1154	3735	0	4	5	11	23	0.56	0.46	
0.95	0.05	0.99	44	DLOCK	0	1675250.18	46	371	551	1289	4729	0	4	6	11	25	0.58	0.48	
0.95	0.05	0.99	48	DLOCK	0	
0.95	0.05	0.99	52	DLOCK	0	1335272.88	86	585	895	2197	6868	1	5	7	15	35	0.65	0.53	
0.95	0.05	0.99	56	DLOCK	0	1577413.58	81	563	818	1811	6412	1	5	7	14	29	0.64	0.53	
0.95	0.05	0.99	60	DLOCK	0	1435604.66	101	671	958	2017	6866	1	6	8	15	30	0.67	0.56	
0.95	0.05	0.99	64	DLOCK	0	1230565.57	124	850	1242	2829	8815	1	6	9	18	41	0.70	0.58	
0.95	0.05	0.99	1	SILO	0	150601.15	6	9	10	13	18	0	0	0	0	0	0.00	0.00	
0.95	0.05	0.99	4	SILO	0	630688.11	6	9	27	96	114	0	0	1	1	2	0.06	0.06	
0.95	0.05	0.99	8	SILO	0	1312714.91	5	36	75	106	171	0	1	1	1	2	0.12	0.13	
0.95	0.05	0.99	12	SILO	0	1854533.83	6	62	89	111	189	0	1	1	2	3	0.17	0.19	
0.95	0.05	0.99	16	SILO	0	2386981.13	6	76	96	131	206	0	1	1	2	3	0.22	0.25	
0.95	0.05	0.99	20	SILO	0	2631468.10	7	86	103	156	241	0	1	1	2	3	0.26	0.30	
0.95	0.05	0.99	24	SILO	0	2745283.84	8	93	108	171	265	0	1	1	2	4	0.28	0.34	
0.95	0.05	0.99	28	SILO	0	3079334.32	9	98	112	186	296	0	1	2	3	4	0.31	0.39	
0.95	0.05	0.99	32	SILO	0	3235076.76	10	103	120	198	326	0	1	2	3	4	0.33	0.42	
0.95	0.05	0.99	36	SILO	0	3589241.74	11	106	130	209	345	0	1	2	3	5	0.36	0.46	
0.95	0.05	0.99	40	SILO	0	3365223.77	14	112	146	233	404	0	1	2	3	5	0.37	0.48	
0.95	0.05	0.99	44	SILO	0	3712104.95	20	116	155	248	436	1	2	2	3	5	0.39	0.51	
0.95	0.05	0.99	48	SILO	0	3804370.70	28	123	170	278	534	1	2	2	4	6	0.42	0.54	
0.95	0.05	0.99	52	SILO	0	4039632.38	33	133	177	287	532	1	2	2	4	6	0.43	0.55	
0.95	0.05	0.99	56	SILO	0	3792272.56	39	143	189	312	591	1	2	2	4	7	0.44	0.57	
0.95	0.05	0.99	60	SILO	0	3920777.02	45	155	204	345	666	1	2	3	5	8	0.47	0.60	
0.95	0.05	0.99	64	SILO	0	3884533.01	51	168	221	382	756	1	2	3	5	9	0.49	0.61	
Policy 1.
Rd	Wt	Zip	T	CC	TP	P50	P90	P99	P999	Abt
0.50	0.50	0.80	1	DLOCK	0	72338.96	11	24	35	74	112	0	0	0	0	0	0.00	0.00	
0.50	0.50	0.80	4	DLOCK	0	336296.02	11	15	18	43	96	0	0	0	0	0	0.00	0.00	
0.50	0.50	0.80	8	DLOCK	0	674708.68	11	13	15	20	31	0	0	0	0	1	0.00	0.00	
0.50	0.50	0.80	12	DLOCK	0	920846.19	12	14	16	23	36	0	0	0	0	1	0.00	0.00	
0.50	0.50	0.80	16	DLOCK	0	1288600.08	12	14	17	28	101	0	0	0	0	2	0.01	0.01	
0.50	0.50	0.80	20	DLOCK	0	1259226.30	14	19	25	52	143	0	0	0	0	3	0.01	0.01	
0.50	0.50	0.80	24	DLOCK	0	1301580.21	15	23	36	81	233	0	0	0	1	4	0.02	0.01	
0.50	0.50	0.80	28	DLOCK	0	1303640.39	16	33	46	123	368	0	0	0	1	5	0.03	0.02	
0.50	0.50	0.80	32	DLOCK	0	1344196.62	17	40	61	158	550	0	0	0	1	6	0.04	0.02	
0.50	0.50	0.80	36	DLOCK	0	1446019.07	17	44	74	179	701	0	0	0	1	6	0.04	0.02	
0.50	0.50	0.80	40	DLOCK	0	1255575.75	18	67	115	268	974	0	0	0	2	7	0.06	0.02	
0.50	0.50	0.80	44	DLOCK	0	1522623.31	18	70	119	223	1089	0	0	0	3	7	0.07	0.03	
0.50	0.50	0.80	48	DLOCK	0	1228417.38	18	104	162	392	1473	0	0	0	4	8	0.09	0.03	
0.50	0.50	0.80	52	DLOCK	0	1364850.37	18	114	175	384	1718	0	0	0	5	8	0.10	0.04	
0.50	0.50	0.80	56	DLOCK	0	1138475.87	19	152	226	562	2048	0	0	0	6	9	0.12	0.04	
0.50	0.50	0.80	60	DLOCK	0	1289723.64	19	151	224	529	2502	0	0	0	6	8	0.13	0.04	
0.50	0.50	0.80	64	DLOCK	0	1399105.69	18	158	229	419	2038	0	0	0	6	9	0.14	0.05	
0.50	0.50	0.80	1	SILO	0	88025.29	11	15	16	21	28	0	0	0	0	0	0.00	0.00	
0.50	0.50	0.80	4	SILO	0	351764.37	11	13	14	18	26	0	0	0	1	1	0.03	0.03	
0.50	0.50	0.80	8	SILO	0	718210.58	10	13	14	17	25	0	0	1	1	2	0.06	0.06	
0.50	0.50	0.80	12	SILO	0	1057961.46	10	13	14	18	27	0	0	1	1	2	0.09	0.09	
0.50	0.50	0.80	16	SILO	0	1366661.55	11	13	15	20	33	0	1	1	1	2	0.11	0.12	
0.50	0.50	0.80	20	SILO	0	1548690.72	11	15	17	32	76	0	1	1	2	3	0.13	0.14	
0.50	0.50	0.80	24	SILO	0	1706466.73	13	16	19	35	102	0	1	1	2	3	0.15	0.16	
0.50	0.50	0.80	28	SILO	0	1812915.96	14	18	20	39	123	0	1	1	2	3	0.17	0.18	
0.50	0.50	0.80	32	SILO	0	2027820.12	14	18	21	40	140	0	1	1	2	3	0.18	0.20	
0.50	0.50	0.80	36	SILO	0	1982119.98	16	21	28	67	220	0	1	1	2	3	0.19	0.21	
0.50	0.50	0.80	40	SILO	0	2274954.53	16	20	23	49	197	0	1	1	2	4	0.21	0.23	
0.50	0.50	0.80	44	SILO	0	2269186.87	16	22	30	64	273	0	1	1	2	4	0.22	0.24	
0.50	0.50	0.80	48	SILO	0	2561878.24	16	21	24	55	342	0	1	1	2	4	0.23	0.25	
0.50	0.50	0.80	52	SILO	0	2348679.56	17	24	36	84	339	0	1	1	2	4	0.24	0.26	
0.50	0.50	0.80	56	SILO	0	2454711.79	18	25	42	76	390	0	1	1	3	4	0.25	0.27	
0.50	0.50	0.80	60	SILO	0	2625859.19	18	25	33	69	399	0	1	1	3	5	0.25	0.28	
0.50	0.50	0.80	64	SILO	0	2863015.19	18	24	30	71	469	0	1	1	3	5	0.26	0.29	
0.95	0.05	0.80	1	DLOCK	0	84803.72	11	15	17	25	36	0	0	0	0	0	0.00	0.00	
0.95	0.05	0.80	4	DLOCK	0	349445.19	11	13	16	43	92	0	0	0	0	0	0.00	0.00	
0.95	0.05	0.80	8	DLOCK	0	716980.31	11	13	14	29	83	0	0	0	0	0	0.00	0.00	
0.95	0.05	0.80	12	DLOCK	0	983879.53	12	13	14	17	28	0	0	0	0	0	0.00	0.00	
0.95	0.05	0.80	16	DLOCK	0	1354591.83	11	13	14	16	24	0	0	0	0	1	0.00	0.00	
0.95	0.05	0.80	20	DLOCK	0	1406850.15	13	16	18	36	95	0	0	0	0	2	0.01	0.00	
0.95	0.05	0.80	24	DLOCK	0	1515751.58	14	18	21	41	132	0	0	0	0	3	0.01	0.00	
0.95	0.05	0.80	28	DLOCK	0	1603641.46	15	20	32	49	180	0	0	0	0	4	0.02	0.01	
0.95	0.05	0.80	32	DLOCK	0	1733443.82	16	21	36	59	241	0	0	0	0	5	0.02	0.01	
0.95	0.05	0.80	36	DLOCK	0	1873700.15	17	22	40	66	280	0	0	0	0	6	0.03	0.01	
0.95	0.05	0.80	40	DLOCK	0	1872575.25	18	25	46	91	395	0	0	0	1	6	0.03	0.01	
0.95	0.05	0.80	44	DLOCK	0	2193235.42	18	23	44	69	356	0	0	0	1	6	0.03	0.01	
0.95	0.05	0.80	48	DLOCK	0	2589654.69	17	22	25	59	353	0	0	0	1	5	0.03	0.01	
0.95	0.05	0.80	52	DLOCK	0	2580393.15	18	24	48	75	454	0	0	0	1	6	0.04	0.01	
0.95	0.05	0.80	56	DLOCK	0	2412031.42	19	27	53	107	613	0	0	0	2	7	0.05	0.02	
0.95	0.05	0.80	60	DLOCK	0	2747643.68	20	26	50	91	648	0	0	0	2	7	0.05	0.02	
0.95	0.05	0.80	64	DLOCK	0	3003584.75	19	25	36	97	694	0	0	0	2	7	0.06	0.02	
0.95	0.05	0.80	1	SILO	0	92175.76	10	14	16	21	27	0	0	0	0	0	0.00	0.00	
0.95	0.05	0.80	4	SILO	0	417811.33	9	11	13	33	95	0	0	0	0	1	0.00	0.00	
0.95	0.05	0.80	8	SILO	0	857321.74	9	10	11	14	21	0	0	0	0	1	0.01	0.01	
0.95	0.05	0.80	12	SILO	0	1176886.31	10	11	12	14	22	0	0	0	1	1	0.01	0.01	
0.95	0.05	0.80	16	SILO	0	1528056.51	10	12	12	14	20	0	0	0	1	1	0.01	0.01	
0.95	0.05	0.80	20	SILO	0	1826638.61	10	13	14	19	68	0	0	0	1	1	0.02	0.02	
0.95	0.05	0.80	24	SILO	0	1904377.84	11	14	16	34	86	0	0	0	1	1	0.02	0.02	
0.95	0.05	0.80	28	SILO	0	2060075.92	12	15	17	37	114	0	0	0	1	1	0.02	0.02	
0.95	0.05	0.80	32	SILO	0	2284501.78	13	16	17	36	124	0	0	0	1	1	0.03	0.03	
0.95	0.05	0.80	36	SILO	0	2481894.02	13	16	18	42	121	0	0	0	1	1	0.03	0.03	
0.95	0.05	0.80	40	SILO	0	2773137.53	13	16	18	44	124	0	0	0	1	1	0.03	0.03	
0.95	0.05	0.80	44	SILO	0	2790835.49	14	18	20	51	227	0	0	0	1	1	0.04	0.04	
0.95	0.05	0.80	48	SILO	0	2944098.76	14	18	21	55	254	0	0	0	1	1	0.04	0.04	
0.95	0.05	0.80	52	SILO	0	2966480.44	15	20	22	61	284	0	0	0	1	1	0.04	0.04	
0.95	0.05	0.80	56	SILO	0	2880934.24	16	21	29	69	356	0	0	0	1	1	0.04	0.05	
0.95	0.05	0.80	60	SILO	0	3537826.48	15	19	22	61	350	0	0	0	1	1	0.05	0.05	
0.95	0.05	0.80	64	SILO	0	3131705.42	17	22	29	73	382	0	0	1	1	1	0.05	0.05	
0.50	0.50	0.85	1	DLOCK	0	78824.60	11	24	35	70	116	0	0	0	0	0	0.00	0.00	
0.50	0.50	0.85	4	DLOCK	0	329773.86	11	14	16	21	31	0	0	0	0	1	0.00	0.00	
0.50	0.50	0.85	8	DLOCK	0	650711.31	11	14	17	23	38	0	0	0	0	2	0.01	0.01	
0.50	0.50	0.85	12	DLOCK	0	994801.49	11	15	18	28	54	0	0	0	1	2	0.02	0.01	
0.50	0.50	0.85	16	DLOCK	0	1172733.00	12	17	23	42	85	0	0	0	1	3	0.03	0.02	
0.50	0.50	0.85	20	DLOCK	0	1136823.66	13	27	42	93	263	0	0	0	2	5	0.05	0.03	
0.50	0.50	0.85	24	DLOCK	0	1099647.62	14	42	66	139	506	0	0	0	2	6	0.08	0.04	
0.50	0.50	0.85	28	DLOCK	0	898573.05	16	78	113	223	656	0	0	1	4	7	0.11	0.05	
0.50	0.50	0.85	32	DLOCK	0	910646.29	16	99	137	283	819	0	0	1	5	8	0.13	0.06	
0.50	0.50	0.85	36	DLOCK	0	1001750.66	16	108	142	289	1132	0	0	1	5	8	0.15	0.07	
0.50	0.50	0.85	40	DLOCK	0	729067.55	19	160	226	540	1884	0	0	1	6	9	0.19	0.08	
0.50	0.50	0.85	44	DLOCK	0	802723.22	18	167	226	620	1986	0	0	1	6	9	0.21	0.09	
0.50	0.50	0.85	48	DLOCK	0	757266.45	18	192	262	792	2283	0	0	2	7	9	0.22	0.09	
0.50	0.50	0.85	52	DLOCK	0	715654.31	19	219	299	975	3052	0	1	2	7	9	0.24	0.10	
0.50	0.50	0.85	56	DLOCK	0	664934.93	20	247	340	1230	4021	0	1	3	7	10	0.26	0.11	
0.50	0.50	0.85	60	DLOCK	0	798443.49	18	238	307	912	3515	0	1	3	7	10	0.27	0.11	
0.50	0.50	0.85	64	DLOCK	0	728338.35	20	273	357	1176	3983	0	1	3	8	10	0.29	0.12	
0.50	0.50	0.85	1	SILO	0	91723.42	10	14	16	20	26	0	0	0	0	0	0.00	0.00	
0.50	0.50	0.85	4	SILO	0	365088.68	10	13	14	18	25	0	0	1	1	2	0.07	0.07	
0.50	0.50	0.85	8	SILO	0	716872.56	10	13	15	20	34	0	1	1	2	3	0.14	0.15	
0.50	0.50	0.85	12	SILO	0	1048668.17	10	14	16	23	54	0	1	1	2	3	0.19	0.21	
0.50	0.50	0.85	16	SILO	0	1303448.00	10	14	17	27	73	0	1	1	2	4	0.22	0.25	
0.50	0.50	0.85	20	SILO	0	1421463.04	11	16	20	39	126	0	1	1	2	4	0.26	0.29	
0.50	0.50	0.85	24	SILO	0	1523332.08	12	18	23	50	153	0	1	2	3	4	0.28	0.31	
0.50	0.50	0.85	28	SILO	0	1577193.32	13	19	23	57	198	0	1	2	3	5	0.29	0.34	
0.50	0.50	0.85	32	SILO	0	1586109.65	14	20	25	68	260	0	1	2	3	5	0.31	0.35	
0.50	0.50	0.85	36	SILO	0	1688635.17	14	20	25	61	339	0	1	2	3	6	0.32	0.37	
0.50	0.50	0.85	40	SILO	0	1697485.77	15	22	30	90	417	0	1	2	4	7	0.34	0.39	
0.50	0.50	0.85	44	SILO	0	1813433.38	15	22	28	74	551	0	1	2	4	7	0.35	0.40	
0.50	0.50	0.85	48	SILO	0	1824159.30	16	24	36	115	725	0	2	2	4	8	0.37	0.41	
0.50	0.50	0.85	52	SILO	0	1857471.24	17	29	51	142	876	0	2	2	4	8	0.38	0.43	
0.50	0.50	0.85	56	SILO	0	2041615.51	16	24	31	113	1207	0	2	2	5	10	0.39	0.43	
0.50	0.50	0.85	60	SILO	0	2018642.40	17	29	51	150	1377	0	2	2	5	10	0.40	0.45	
0.50	0.50	0.85	64	SILO	0	2106006.43	18	30	51	169	1664	0	2	3	5	11	0.41	0.45	
0.95	0.05	0.85	1	DLOCK	0	92038.87	10	14	16	22	32	0	0	0	0	0	0.00	0.00	
0.95	0.05	0.85	4	DLOCK	0	350881.59	11	13	14	18	26	0	0	0	0	0	0.00	0.00	
0.95	0.05	0.85	8	DLOCK	0	772481.11	10	12	13	16	25	0	0	0	0	1	0.00	0.00	
0.95	0.05	0.85	12	DLOCK	0	1128724.54	10	12	13	16	23	0	0	0	0	2	0.01	0.00	
0.95	0.05	0.85	16	DLOCK	0	1463655.08	10	12	13	16	24	0	0	0	0	2	0.01	0.01	
0.95	0.05	0.85	20	DLOCK	0	1504250.55	12	15	17	34	101	0	0	0	1	4	0.02	0.01	
0.95	0.05	0.85	24	DLOCK	0	1592979.38	13	17	22	42	154	0	0	0	1	6	0.04	0.02	
0.95	0.05	0.85	28	DLOCK	0	1690499.65	14	19	32	59	219	0	0	0	2	6	0.05	0.02	
0.95	0.05	0.85	32	DLOCK	0	1672170.62	15	22	40	94	355	0	0	0	3	7	0.08	0.03	
0.95	0.05	0.85	36	DLOCK	0	1845848.32	16	24	43	115	442	0	0	0	4	7	0.09	0.03	
0.95	0.05	0.85	40	DLOCK	0	2415344.56	15	20	26	58	381	0	0	0	3	7	0.07	0.03	
0.95	0.05	0.85	44	DLOCK	0	2230945.54	16	24	46	105	561	0	0	0	4	8	0.11	0.04	
0.95	0.05	0.85	48	DLOCK	0	2343134.68	17	25	48	121	650	0	0	0	4	8	0.12	0.05	
0.95	0.05	0.85	52	DLOCK	0	2927264.08	16	21	30	75	600	0	0	0	4	7	0.10	0.05	
0.95	0.05	0.85	56	DLOCK	0	3116150.90	16	21	29	76	658	0	0	0	4	7	0.11	0.05	
0.95	0.05	0.85	60	DLOCK	0	2960352.91	17	25	47	108	866	0	0	1	4	8	0.14	0.06	
0.95	0.05	0.85	64	DLOCK	0	2741806.43	18	27	54	149	974	0	0	1	5	9	0.15	0.06	
0.95	0.05	0.85	1	SILO	0	99045.56	10	13	15	19	25	0	0	0	0	0	0.00	0.00	
0.95	0.05	0.85	4	SILO	0	414997.36	9	11	12	16	22	0	0	0	0	1	0.01	0.01	
0.95	0.05	0.85	8	SILO	0	967662.26	8	9	10	13	21	0	0	0	1	1	0.02	0.02	
0.95	0.05	0.85	12	SILO	0	1286367.74	9	11	11	14	20	0	0	0	1	1	0.03	0.03	
0.95	0.05	0.85	16	SILO	0	1826736.56	8	10	11	13	20	0	0	0	1	1	0.03	0.04	
0.95	0.05	0.85	20	SILO	0	1939139.75	9	12	13	27	67	0	0	0	1	1	0.04	0.04	
0.95	0.05	0.85	24	SILO	0	2136481.34	10	13	14	25	84	0	0	1	1	2	0.05	0.05	
0.95	0.05	0.85	28	SILO	0	2275218.51	11	14	16	36	108	0	0	1	1	2	0.06	0.06	
0.95	0.05	0.85	32	SILO	0	2424755.92	12	15	17	39	136	0	0	1	1	2	0.07	0.07	
0.95	0.05	0.85	36	SILO	0	2663475.38	12	16	18	45	160	0	0	1	1	2	0.07	0.08	
0.95	0.05	0.85	40	SILO	0	2906047.95	13	16	18	43	195	0	0	1	1	2	0.08	0.09	
0.95	0.05	0.85	44	SILO	0	2624780.05	14	19	22	58	236	0	0	1	1	2	0.09	0.09	
0.95	0.05	0.85	48	SILO	0	2563749.63	15	20	31	66	270	0	0	1	1	2	0.09	0.10	
0.95	0.05	0.85	52	SILO	0	3147665.28	14	19	22	62	276	0	1	1	1	2	0.10	0.11	
0.95	0.05	0.85	56	SILO	0	3781501.43	14	18	19	43	246	0	1	1	1	2	0.11	0.12	
0.95	0.05	0.85	60	SILO	0	3812706.36	14	18	20	55	222	0	1	1	1	2	0.11	0.12	
0.95	0.05	0.85	64	SILO	0	3662472.81	15	20	23	64	285	0	1	1	1	2	0.12	0.13	
0.50	0.50	0.90	1	DLOCK	0	106032.48	9	13	16	23	34	0	0	0	0	0	0.00	0.00	
0.50	0.50	0.90	4	DLOCK	0	393991.44	9	13	15	22	66	0	0	0	0	1	0.01	0.01	
0.50	0.50	0.90	8	DLOCK	0	697203.97	10	15	18	30	69	0	0	0	1	3	0.03	0.02	
0.50	0.50	0.90	12	DLOCK	0	872116.67	11	20	27	45	88	0	0	0	2	3	0.06	0.05	
0.50	0.50	0.90	16	DLOCK	0	
0.50	0.50	0.90	20	DLOCK	0	859811.16	12	55	72	116	392	0	0	1	4	6	0.14	0.09	
0.50	0.50	0.90	24	DLOCK	0	730376.14	15	87	111	212	593	0	1	2	5	7	0.20	0.12	
0.50	0.50	0.90	28	DLOCK	0	572979.41	19	133	180	352	871	0	1	2	6	8	0.25	0.14	
0.50	0.50	0.90	32	DLOCK	0	553721.36	23	160	221	505	1500	0	1	3	6	9	0.28	0.15	
0.50	0.50	0.90	36	DLOCK	0	465781.18	34	218	326	809	1925	0	1	4	7	9	0.32	0.17	
0.50	0.50	0.90	40	DLOCK	0	470533.21	37	236	347	925	2629	0	2	4	7	10	0.34	0.18	
0.50	0.50	0.90	44	DLOCK	0	414829.30	45	288	455	1279	2935	0	2	5	8	10	0.36	0.19	
0.50	0.50	0.90	48	DLOCK	0	481050.11	42	266	395	1263	3920	0	2	5	8	10	0.38	0.20	
0.50	0.50	0.90	52	DLOCK	0	345586.11	61	415	687	1840	5556	0	2	5	8	11	0.41	0.21	
0.50	0.50	0.90	56	DLOCK	0	430556.03	53	350	528	1639	4848	0	3	6	8	11	0.42	0.22	
0.50	0.50	0.90	60	DLOCK	0	331126.74	76	514	853	2139	6071	0	3	6	9	12	0.44	0.23	
0.50	0.50	0.90	64	DLOCK	0	400016.26	68	436	677	1904	5899	0	3	6	9	12	0.45	0.23	
0.50	0.50	0.90	1	SILO	0	107090.87	9	12	14	17	23	0	0	0	0	0	0.00	0.00	
0.50	0.50	0.90	4	SILO	0	407297.38	9	12	14	19	30	0	1	1	1	2	0.14	0.16	
0.50	0.50	0.90	8	SILO	0	687608.76	9	14	17	27	77	0	1	1	2	4	0.25	0.28	
0.50	0.50	0.90	12	SILO	0	925022.04	10	15	19	36	131	0	1	2	3	4	0.31	0.37	
0.50	0.50	0.90	16	SILO	0	1026112.07	10	16	20	40	180	0	1	2	3	5	0.34	0.41	
0.50	0.50	0.90	20	SILO	0	1055817.76	11	18	23	59	296	0	2	2	4	6	0.37	0.44	
0.50	0.50	0.90	24	SILO	0	1066318.66	12	21	31	75	444	0	2	2	4	7	0.40	0.47	
0.50	0.50	0.90	28	SILO	0	1135221.09	13	24	35	90	710	0	2	2	4	8	0.42	0.50	
0.50	0.50	0.90	32	SILO	0	1145641.31	14	25	37	106	896	1	2	3	5	9	0.43	0.52	
0.50	0.50	0.90	36	SILO	0	1264531.51	14	23	33	115	1389	1	2	3	5	10	0.45	0.53	
0.50	0.50	0.90	40	SILO	0	1358646.67	15	26	39	150	1880	1	2	3	6	12	0.47	0.55	
0.50	0.50	0.90	44	SILO	0	1362040.92	15	30	50	198	2203	1	2	3	6	13	0.49	0.57	
0.50	0.50	0.90	48	SILO	0	1480299.49	16	35	53	213	2461	1	2	3	6	14	0.50	0.59	
0.50	0.50	0.90	52	SILO	0	1451359.20	17	40	59	248	2753	1	2	3	7	15	0.51	0.60	
0.50	0.50	0.90	56	SILO	0	1463698.22	16	39	64	292	3267	1	3	4	7	17	0.52	0.60	
0.50	0.50	0.90	60	SILO	0	1503472.10	16	37	61	364	3791	1	3	4	7	18	0.53	0.60	
0.50	0.50	0.90	64	SILO	0	1546066.64	16	36	60	422	4113	1	3	4	8	19	0.53	0.60	
0.95	0.05	0.90	1	DLOCK	0	104212.50	9	13	15	20	27	0	0	0	0	0	0.00	0.00	
0.95	0.05	0.90	4	DLOCK	0	412749.13	9	12	13	16	24	0	0	0	0	0	0.00	0.00	
0.95	0.05	0.90	8	DLOCK	0	802919.91	9	12	12	15	22	0	0	0	0	2	0.01	0.01	
0.95	0.05	0.90	12	DLOCK	0	1167912.44	10	12	13	16	25	0	0	0	1	3	0.02	0.01	
0.95	0.05	0.90	16	DLOCK	0	1580137.79	9	12	13	17	26	0	0	0	1	3	0.03	0.02	
0.95	0.05	0.90	20	DLOCK	0	1666974.61	10	14	17	34	123	0	0	0	2	6	0.07	0.03	
0.95	0.05	0.90	24	DLOCK	0	1627021.01	12	17	30	66	235	0	0	0	4	7	0.11	0.05	
0.95	0.05	0.90	28	DLOCK	0	1640554.06	13	22	37	97	386	0	0	1	5	8	0.15	0.06	
0.95	0.05	0.90	32	DLOCK	0	1767263.06	14	26	40	126	576	0	0	2	5	8	0.18	0.08	
0.95	0.05	0.90	36	DLOCK	0	1830141.77	14	29	44	143	690	0	0	2	5	9	0.20	0.09	
0.95	0.05	0.90	40	DLOCK	0	1937995.26	14	33	48	164	837	0	0	2	6	9	0.22	0.09	
0.95	0.05	0.90	44	DLOCK	0	2015654.60	15	40	52	194	1017	0	1	3	6	9	0.24	0.10	
0.95	0.05	0.90	48	DLOCK	0	2711066.93	14	22	42	108	797	0	1	2	5	8	0.20	0.10	
0.95	0.05	0.90	52	DLOCK	0	2521987.65	15	34	51	159	1054	0	1	3	6	9	0.25	0.12	
0.95	0.05	0.90	56	DLOCK	0	2507864.85	16	36	54	199	1201	0	1	3	6	10	0.26	0.12	
0.95	0.05	0.90	60	DLOCK	0	2550049.55	16	36	57	221	1323	0	1	3	6	10	0.28	0.13	
0.95	0.05	0.90	64	DLOCK	0	
0.95	0.05	0.90	1	SILO	0	111953.96	8	12	13	17	22	0	0	0	0	0	0.00	0.00	
0.95	0.05	0.90	4	SILO	0	458283.24	8	11	12	14	20	0	0	0	1	1	0.02	0.02	
0.95	0.05	0.90	8	SILO	0	1062976.20	7	9	10	12	17	0	0	0	1	1	0.04	0.04	
0.95	0.05	0.90	12	SILO	0	1400370.88	8	10	11	14	20	0	0	1	1	2	0.06	0.06	
0.95	0.05	0.90	16	SILO	0	1904196.93	8	10	11	14	19	0	0	1	1	2	0.08	0.08	
0.95	0.05	0.90	20	SILO	0	2152211.27	8	11	13	18	65	0	1	1	1	2	0.09	0.10	
0.95	0.05	0.90	24	SILO	0	2435893.84	9	12	13	21	66	0	1	1	1	2	0.11	0.12	
0.95	0.05	0.90	28	SILO	0	2454885.35	10	14	16	35	104	0	1	1	1	2	0.12	0.13	
0.95	0.05	0.90	32	SILO	0	2845449.95	10	14	15	32	117	0	1	1	1	2	0.14	0.15	
0.95	0.05	0.90	36	SILO	0	3173163.05	10	14	16	30	121	0	1	1	1	2	0.15	0.17	
0.95	0.05	0.90	40	SILO	0	3189287.34	11	15	17	40	147	0	1	1	2	2	0.16	0.18	
0.95	0.05	0.90	44	SILO	0	3432963.43	12	16	18	44	171	0	1	1	2	3	0.18	0.20	
0.95	0.05	0.90	48	SILO	0	3076677.75	13	18	21	58	234	0	1	1	2	3	0.18	0.21	
0.95	0.05	0.90	52	SILO	0	4012081.30	12	16	18	30	186	0	1	1	2	3	0.20	0.23	
0.95	0.05	0.90	56	SILO	0	3963935.85	13	17	20	53	223	0	1	1	2	3	0.20	0.24	
0.95	0.05	0.90	60	SILO	0	4250016.64	13	17	20	52	223	0	1	1	2	3	0.22	0.25	
0.95	0.05	0.90	64	SILO	0	3906411.18	14	19	23	63	248	0	1	1	2	3	0.22	0.26	
0.50	0.50	0.99	1	DLOCK	0	135165.99	7	10	12	16	24	0	0	0	0	0	0.00	0.00	
0.50	0.50	0.99	4	DLOCK	0	421701.72	8	14	16	24	39	0	0	0	1	3	0.05	0.04	
0.50	0.50	0.99	8	DLOCK	0	574447.73	10	23	30	44	83	0	1	1	2	4	0.14	0.13	
0.50	0.50	0.99	12	DLOCK	0	598178.70	12	40	49	74	156	0	1	2	3	5	0.24	0.21	
0.50	0.50	0.99	16	DLOCK	0	617408.32	15	54	64	92	250	0	2	3	4	6	0.32	0.26	
0.50	0.50	0.99	20	DLOCK	0	456531.81	32	103	132	238	521	0	2	4	6	8	0.41	0.32	
0.50	0.50	0.99	24	DLOCK	0	300510.02	62	200	261	440	916	0	3	5	7	9	0.47	0.35	
0.50	0.50	0.99	28	DLOCK	0	350582.51	63	200	278	604	1500	0	4	5	7	9	0.50	0.37	
0.50	0.50	0.99	32	DLOCK	0	235158.55	107	353	483	990	2021	0	4	6	8	10	0.54	0.40	
0.50	0.50	0.99	36	DLOCK	0	186803.16	152	520	743	1298	2557	0	5	7	9	11	0.57	0.42	
0.50	0.50	0.99	40	DLOCK	0	167358.58	185	661	969	1721	3521	0	5	7	9	12	0.59	0.43	
0.50	0.50	0.99	44	DLOCK	0	177165.18	180	706	1013	2084	5222	0	6	7	9	12	0.61	0.45	
0.50	0.50	0.99	48	DLOCK	0	197533.00	182	669	1006	2258	4792	0	6	8	9	12	0.62	0.46	
0.50	0.50	0.99	52	DLOCK	0	186674.64	204	758	1152	2810	6147	0	6	8	10	13	0.64	0.47	
0.50	0.50	0.99	56	DLOCK	0	143677.31	289	1100	1650	3504	5867	0	7	8	11	14	0.65	0.48	
0.50	0.50	0.99	60	DLOCK	0	129566.22	342	1303	1974	3924	7338	0	7	9	11	15	0.67	0.49	
0.50	0.50	0.99	64	DLOCK	0	138528.62	339	1331	1967	3390	6415	1	7	9	11	15	0.68	0.50	
0.50	0.50	0.99	1	SILO	0	146368.74	6	9	11	14	20	0	0	0	0	0	0.00	0.00	
0.50	0.50	0.99	4	SILO	0	364650.99	9	15	18	33	107	0	1	2	3	4	0.31	0.39	
0.50	0.50	0.99	8	SILO	0	544810.64	9	17	23	60	334	1	2	2	4	6	0.42	0.54	
0.50	0.50	0.99	12	SILO	0	598208.83	9	17	25	73	686	1	2	3	4	8	0.46	0.58	
0.50	0.50	0.99	16	SILO	0	643947.13	9	18	27	93	1019	1	2	3	5	9	0.49	0.62	
0.50	0.50	0.99	20	SILO	0	677780.85	10	23	37	142	1758	1	3	3	6	11	0.53	0.68	
0.50	0.50	0.99	24	SILO	0	729550.75	12	28	45	206	2416	1	3	4	7	14	0.56	0.72	
0.50	0.50	0.99	28	SILO	0	788427.97	13	35	63	299	2941	1	3	4	8	15	0.59	0.76	
0.50	0.50	0.99	32	SILO	0	818002.21	14	38	71	483	3449	1	3	5	8	17	0.61	0.77	
0.50	0.50	0.99	36	SILO	0	763842.44	15	44	85	730	4226	1	4	5	9	20	0.62	0.77	
0.50	0.50	0.99	40	SILO	0	758984.29	16	51	102	898	4558	1	4	5	10	21	0.63	0.78	
0.50	0.50	0.99	44	SILO	0	709664.59	18	69	129	1103	4929	1	4	5	10	22	0.64	0.80	
0.50	0.50	0.99	48	SILO	0	723531.72	17	67	134	1270	5507	1	4	5	11	23	0.64	0.79	
0.50	0.50	0.99	52	SILO	0	715885.68	17	71	144	1461	6038	1	4	6	11	25	0.65	0.79	
0.50	0.50	0.99	56	SILO	0	700244.52	18	74	157	1675	6676	1	4	6	12	27	0.65	0.80	
0.50	0.50	0.99	60	SILO	0	680447.94	19	83	172	1867	7058	1	4	6	13	28	0.66	0.80	
0.50	0.50	0.99	64	SILO	0	699615.66	18	72	168	2044	7675	1	4	6	13	30	0.66	0.80	
0.95	0.05	0.99	1	DLOCK	0	142832.62	6	10	11	15	22	0	0	0	0	0	0.00	0.00	
0.95	0.05	0.99	4	DLOCK	0	507044.41	7	10	11	14	19	0	0	0	0	2	0.01	0.01	
0.95	0.05	0.99	8	DLOCK	0	1034896.26	7	9	11	14	22	0	0	0	2	3	0.05	0.03	
0.95	0.05	0.99	12	DLOCK	0	1533034.54	7	9	11	16	30	0	0	1	2	4	0.09	0.06	
0.95	0.05	0.99	16	DLOCK	0	1941730.90	7	10	12	20	53	0	0	1	3	4	0.13	0.10	
0.95	0.05	0.99	20	DLOCK	0	1558256.01	9	16	27	77	360	0	1	2	5	7	0.22	0.13	
0.95	0.05	0.99	24	DLOCK	0	1848788.79	10	17	28	83	506	0	1	2	5	8	0.25	0.15	
0.95	0.05	0.99	28	DLOCK	0	1446947.04	11	32	52	181	1078	0	2	4	6	9	0.33	0.18	
0.95	0.05	0.99	32	DLOCK	0	1935425.15	11	25	39	148	1002	0	2	3	6	9	0.32	0.20	
0.95	0.05	0.99	36	DLOCK	0	1966677.71	11	30	45	172	1113	0	2	3	6	10	0.34	0.21	
0.95	0.05	0.99	40	DLOCK	0	1415970.57	13	50	93	354	1751	0	3	5	8	12	0.45	0.26	
0.95	0.05	0.99	44	DLOCK	0	1570163.26	14	50	86	362	1761	0	4	5	8	12	0.46	0.28	
0.95	0.05	0.99	48	DLOCK	0	1477359.00	14	60	110	478	2057	0	4	5	8	13	0.49	0.30	
0.95	0.05	0.99	52	DLOCK	0	
0.95	0.05	0.99	56	DLOCK	0	
0.95	0.05	0.99	60	DLOCK	0	1500054.89	16	72	135	714	2575	0	4	6	9	15	0.53	0.33	
0.95	0.05	0.99	64	DLOCK	0	1509358.67	16	77	145	777	2639	0	4	6	9	15	0.54	0.35	
0.95	0.05	0.99	1	SILO	0	149638.34	6	9	10	15	38	0	0	0	0	0	0.00	0.00	
0.95	0.05	0.99	4	SILO	0	590425.05	6	9	10	13	18	0	0	1	1	2	0.06	0.06	
0.95	0.05	0.99	8	SILO	0	1168739.40	6	9	10	14	23	0	1	1	1	2	0.12	0.13	
0.95	0.05	0.99	12	SILO	0	1695796.56	6	9	11	16	34	0	1	1	2	2	0.16	0.18	
0.95	0.05	0.99	16	SILO	0	2272347.34	6	9	11	20	53	0	1	1	2	3	0.20	0.23	
0.95	0.05	0.99	20	SILO	0	2360629.58	7	11	14	30	92	0	1	1	2	3	0.24	0.27	
0.95	0.05	0.99	24	SILO	0	2511722.42	8	13	16	34	103	0	1	1	2	3	0.26	0.31	
0.95	0.05	0.99	28	SILO	0	2659481.37	8	14	19	42	116	0	1	1	2	4	0.28	0.35	
0.95	0.05	0.99	32	SILO	0	2766064.65	9	15	21	52	143	0	1	1	2	4	0.31	0.38	
0.95	0.05	0.99	36	SILO	0	2989815.57	9	16	23	55	171	0	1	2	3	4	0.32	0.40	
0.95	0.05	0.99	40	SILO	0	3172819.00	10	17	23	63	218	0	1	2	3	4	0.34	0.44	
0.95	0.05	0.99	44	SILO	0	3301358.56	10	18	26	63	226	0	1	2	3	4	0.36	0.46	
0.95	0.05	0.99	48	SILO	0	3531607.30	10	18	26	62	253	0	1	2	3	5	0.37	0.48	
0.95	0.05	0.99	52	SILO	0	3405524.18	11	19	28	77	301	0	1	2	3	5	0.38	0.49	
0.95	0.05	0.99	56	SILO	0	3672293.51	11	20	30	72	348	1	2	2	3	5	0.40	0.52	
0.95	0.05	0.99	60	SILO	0	3431625.94	12	21	34	90	387	1	2	2	3	6	0.41	0.53	
0.95	0.05	0.99	64	SILO	0	3919391.38	11	20	28	74	434	1	2	2	4	6	0.41	0.53	
