	T	CC	TP	P50	P90	P99	P999	Abt
TPCC	WOUND_WAIT	1	276283.56	2	8	9	11	17	0	0	0	0	0	0.00	0.00	
TPCC	WOUND_WAIT	4	316800.96	10	18	21	27	143	0	0	0	0	1	0.00	0.00	
TPCC	WOUND_WAIT	8	317737.77	22	32	35	43	492	0	0	0	0	1	0.00	0.00	
TPCC	WOUND_WAIT	12	324775.16	36	47	50	59	85	0	0	0	0	0	0.00	0.00	
TPCC	WOUND_WAIT	16	315364.81	49	62	66	75	106	0	0	0	0	0	0.00	0.00	
TPCC	WOUND_WAIT	20	248581.52	79	97	103	119	171	0	0	0	0	0	0.00	0.00	
TPCC	WOUND_WAIT	24	228629.96	103	124	130	146	209	0	0	0	0	0	0.00	0.00	
TPCC	WOUND_WAIT	28	215617.02	126	152	162	190	711	0	0	0	0	0	0.00	0.00	
TPCC	WOUND_WAIT	32	212716.83	145	172	182	210	742	0	0	0	0	0	0.00	0.00	
TPCC	WOUND_WAIT	36	184903.65	188	222	235	266	838	0	0	0	0	0	0.00	0.00	
TPCC	WOUND_WAIT	40	184370.44	209	245	258	294	897	0	0	0	0	0	0.00	0.00	
TPCC	WOUND_WAIT	44	190648.84	227	261	272	299	857	0	0	0	0	0	0.00	0.00	
TPCC	WOUND_WAIT	48	188156.21	253	291	305	341	509	0	0	0	0	0	0.00	0.00	
TPCC	WOUND_WAIT	52	181873.13	286	327	341	375	886	0	0	0	0	0	0.00	0.00	
TPCC	WOUND_WAIT	56	181103.13	310	352	365	400	579	0	0	0	0	0	0.00	0.00	
TPCC	WOUND_WAIT	60	175004.96	343	386	401	442	660	0	0	0	0	0	0.00	0.00	
TPCC	WOUND_WAIT	64	170256.27	369	419	437	496	1543	0	0	0	0	0	0.00	0.00	
TPCC	DLOCK	1	303235.14	2	7	8	10	13	0	0	0	0	0	0.00	0.00	
TPCC	DLOCK	4	588624.35	6	11	15	80	111	0	0	0	1	1	0.03	0.03	
TPCC	DLOCK	8	685870.95	8	26	44	102	147	0	0	1	1	1	0.06	0.06	
TPCC	DLOCK	12	669127.77	9	34	47	106	198	0	0	1	1	1	0.06	0.06	
TPCC	DLOCK	16	
TPCC	DLOCK	20	
TPCC	DLOCK	24	515559.25	66	99	109	137	210	0	0	1	1	1	0.06	0.06	
TPCC	DLOCK	28	485657.02	85	121	131	155	271	0	0	1	1	1	0.06	0.06	
TPCC	DLOCK	32	483723.08	100	139	149	174	244	0	0	1	1	1	0.06	0.06	
TPCC	DLOCK	36	431750.62	128	175	188	217	639	0	0	1	1	1	0.06	0.06	
TPCC	DLOCK	40	411093.04	151	203	217	253	742	0	0	1	1	1	0.06	0.06	
TPCC	DLOCK	44	410415.64	169	224	238	277	774	0	0	1	1	1	0.06	0.06	
TPCC	DLOCK	48	418916.70	185	241	256	295	775	0	0	1	1	1	0.06	0.06	
TPCC	DLOCK	52	400588.83	217	274	288	325	418	0	0	1	1	1	0.05	0.05	
TPCC	DLOCK	56	375916.54	243	308	326	375	942	0	0	1	1	1	0.05	0.05	
TPCC	DLOCK	60	393581.54	257	321	337	377	789	0	0	1	1	1	0.05	0.05	
TPCC	DLOCK	64	382532.46	283	350	367	420	765	0	0	1	1	1	0.05	0.05	
TPCC	SILO	1	312900.08	2	7	8	9	14	0	0	0	0	0	0.00	0.00	
TPCC	SILO	4	379654.85	3	85	113	1347	10762	0	1	2	3	6	0.32	0.23	
TPCC	SILO	8	415226.09	3	94	150	5463	16346	0	1	2	4	7	0.38	0.26	
TPCC	SILO	12	431771.15	3	104	220	7720	18796	0	2	2	4	7	0.44	0.29	
TPCC	SILO	16	432684.44	4	123	1147	9418	21191	0	2	3	5	8	0.51	0.32	
TPCC	SILO	20	426726.93	5	177	2475	10778	21803	0	2	3	5	9	0.65	0.38	
TPCC	SILO	24	428781.22	6	242	3420	11836	23182	0	2	3	6	10	0.73	0.41	
TPCC	SILO	28	432502.39	7	439	4267	12864	25044	0	2	3	6	11	0.79	0.43	
TPCC	SILO	32	446257.95	7	1152	4849	13140	25407	0	2	3	6	11	0.83	0.44	
TPCC	SILO	36	428573.54	15	1800	5670	14601	26750	1	3	4	7	13	1.01	0.50	
TPCC	SILO	40	443789.19	10	2311	6174	15080	27329	0	3	4	7	12	0.98	0.49	
TPCC	SILO	44	441012.96	17	2822	6832	15899	28838	1	3	4	8	14	1.07	0.51	
TPCC	SILO	48	451035.10	18	3247	7164	16246	29103	1	3	4	8	14	1.09	0.51	
TPCC	SILO	52	439962.37	29	3698	7894	17392	30642	1	3	5	9	15	1.19	0.54	
TPCC	SILO	56	434687.22	35	4205	8513	18319	31928	1	3	5	9	16	1.28	0.55	
TPCC	SILO	60	429245.76	43	4658	9050	19047	33180	1	4	6	10	18	1.39	0.57	
TPCC	SILO	64	443106.01	43	4959	9328	19012	33194	1	4	5	10	17	1.38	0.57	
	T	CC	TP	P50	P90	P99	P999	Abt
TPCC	SILO	1	308403.75	2	7	8	9	14	0	0	0	0	0	0.00	0.00	
TPCC	SILO	4	551161.50	5	162	232	407	674	1	3	4	6	10	0.78	0.42	
TPCC	SILO	8	697642.04	23	289	417	739	1244	1	4	6	11	18	1.37	0.53	
TPCC	SILO	12	779183.00	71	401	586	1052	1798	1	6	8	15	26	1.88	0.58	
TPCC	SILO	16	833890.12	84	505	743	1361	2370	1	7	11	19	34	2.37	0.62	
TPCC	SILO	20	755562.01	99	702	1034	1903	3331	1	9	14	26	46	3.26	0.68	
TPCC	SILO	24	728209.49	109	877	1298	2403	4242	1	11	17	33	59	4.05	0.72	
TPCC	SILO	28	732926.23	118	1030	1539	2885	5089	1	13	20	39	71	4.71	0.73	
TPCC	SILO	32	722538.69	132	1199	1805	3435	6271	2	15	24	47	87	5.46	0.75	
TPCC	SILO	36	678347.08	167	1449	2189	4192	7547	2	18	29	57	105	6.50	0.77	
TPCC	SILO	40	659023.73	186	1659	2530	4930	9084	2	21	33	67	126	7.43	0.78	
TPCC	SILO	44	662301.21	193	1821	2801	5510	10322	2	23	36	75	144	8.12	0.79	
TPCC	SILO	48	660120.04	202	2010	3100	6086	11343	2	25	40	83	159	8.89	0.80	
TPCC	SILO	52	660011.93	208	2189	3398	6760	12447	2	28	44	92	174	9.66	0.81	
TPCC	SILO	56	637354.83	220	2441	3813	7655	14116	2	30	49	104	197	10.70	0.82	
TPCC	SILO	60	575404.38	252	2907	4538	9067	16821	3	36	58	123	235	12.56	0.83	
TPCC	SILO	64	586343.72	254	3032	4774	9717	18806	3	37	61	130	259	13.15	0.83	
	T	CC	TP	P50	P90	P99	P999	Abt
TPCC	SILO	1	300498.33	2	7	8	10	14	0	0	0	0	0	0.00	0.00	
TPCC	SILO	4	689077.61	2	13	16	24	35	1	3	4	6	10	0.89	0.49	
TPCC	SILO	8	1010284.41	3	19	26	45	77	1	5	7	13	23	1.87	0.66	
TPCC	SILO	12	1181257.32	3	24	36	71	131	1	7	11	22	41	2.77	0.73	
TPCC	SILO	16	1264586.46	4	31	48	100	194	2	10	15	32	62	3.64	0.77	
TPCC	SILO	20	857030.60	8	53	90	221	542	2	14	24	59	138	5.96	0.80	
TPCC	SILO	24	798549.11	10	68	122	318	738	2	18	31	81	184	7.41	0.83	
TPCC	SILO	28	729175.95	11	82	154	448	1243	2	21	39	108	285	9.12	0.83	
TPCC	SILO	32	634960.02	12	88	170	655	3032	2	20	39	137	578	10.48	0.82	
TPCC	SILO	36	449898.89	18	128	254	1201	5074	3	22	42	178	707	12.13	0.83	
TPCC	SILO	40	433787.56	17	119	241	1439	8123	2	19	38	190	990	12.62	0.81	
TPCC	SILO	44	431797.84	17	118	245	1703	9682	2	19	39	218	1102	13.46	0.81	
TPCC	SILO	48	576358.11	14	107	223	1207	8045	2	23	47	218	1252	15.00	0.83	
TPCC	SILO	52	602081.45	18	172	367	1249	3591	3	38	80	265	737	18.03	0.88	
TPCC	SILO	56	563882.49	20	205	431	1416	3990	3	42	88	282	772	19.50	0.88	
TPCC	SILO	60	484055.04	20	158	312	1506	13669	3	29	56	247	2003	19.84	0.86	
TPCC	SILO	64	327203.91	40	306	559	2901	14968	4	34	63	303	1540	20.83	0.89	
