Rd	Wt	Zip	T	CC	TP	P50	P90	P99	P999	Abt
0.90	0.10	0.90	1	TICTOC	293635.40	3	4	4	5	7	|	0	0	0	0	0	|	0
0.90	0.10	0.90	4	TICTOC	1243021.60	3	4	4	5	690	|	0	0	0	0	1	|	1441
0.90	0.10	0.90	8	TICTOC	2677548.36	2	3	4	5	832	|	0	0	0	0	2	|	7455
0.90	0.10	0.90	12	TICTOC	3656629.80	3	4	4	214	869	|	0	0	0	1	2	|	20851
0.90	0.10	0.90	16	TICTOC	4785435.99	3	4	4	416	890	|	0	0	0	1	4	|	41314
0.90	0.10	0.90	20	TICTOC	5245523.40	3	4	5	538	895	|	0	0	0	1	6	|	80233
0.90	0.10	0.90	24	TICTOC	5938793.12	3	5	5	605	899	|	0	0	0	2	8	|	125596
0.90	0.10	0.90	28	TICTOC	6436265.61	3	5	6	646	914	|	0	0	0	2	9	|	182098
0.90	0.10	0.90	32	TICTOC	6879876.18	4	5	6	673	928	|	0	0	0	2	11	|	254604
0.90	0.10	0.90	36	TICTOC	7047004.14	4	6	7	692	965	|	0	0	0	3	12	|	350576
0.90	0.10	0.90	40	TICTOC	7285660.51	4	6	8	698	1014	|	0	0	0	3	13	|	438217
0.90	0.10	0.90	44	TICTOC	7457954.45	4	6	13	708	1054	|	0	0	0	4	15	|	565729
0.90	0.10	0.90	48	TICTOC	7588702.95	5	7	99	718	1034	|	0	0	1	4	16	|	680246
0.90	0.10	0.90	52	TICTOC	7388591.05	5	7	180	734	1134	|	0	0	1	5	17	|	815298
0.90	0.10	0.90	56	TICTOC	7567063.33	5	7	232	750	2523	|	0	0	1	5	19	|	949618
0.90	0.10	0.90	60	TICTOC	7594693.91	5	8	271	764	1972	|	0	0	1	6	20	|	1149212
0.90	0.10	0.90	64	TICTOC	7445150.74	5	9	302	795	5359	|	0	0	1	6	21	|	1281012
0.90	0.10	0.90	1	SILO	304386.56	3	4	4	5	7	|	0	0	0	0	0	|	0
0.90	0.10	0.90	4	SILO	1373969.73	2	3	4	287	860	|	0	0	0	1	1	|	5744
0.90	0.10	0.90	8	SILO	2801893.12	2	3	4	654	1993	|	0	0	0	1	2	|	27436
0.90	0.10	0.90	12	SILO	3914682.60	2	4	14	747	4542	|	0	0	1	1	3	|	68442
0.90	0.10	0.90	16	SILO	5027891.54	3	4	235	790	6837	|	0	0	1	2	3	|	126638
0.90	0.10	0.90	20	SILO	5593692.30	3	5	368	803	6170	|	0	0	1	2	4	|	212219
0.90	0.10	0.90	24	SILO	6114475.52	3	6	453	816	7840	|	0	0	1	3	5	|	323544
0.90	0.10	0.90	28	SILO	6745239.13	3	111	505	812	7325	|	0	1	1	3	6	|	447775
0.90	0.10	0.90	32	SILO	7314084.05	3	202	546	817	9955	|	0	1	1	4	8	|	615722
0.90	0.10	0.90	36	SILO	7496879.00	4	267	562	813	10101	|	0	1	2	4	9	|	832774
0.90	0.10	0.90	40	SILO	7570931.57	4	317	577	820	10853	|	0	1	2	5	10	|	1064592
0.90	0.10	0.90	44	SILO	7862643.06	4	352	584	824	9361	|	0	1	2	5	12	|	1252914
0.90	0.10	0.90	48	SILO	7979807.92	4	380	587	834	9699	|	0	1	2	6	13	|	1535530
0.90	0.10	0.90	52	SILO	7716417.35	4	398	579	854	8579	|	0	1	2	6	14	|	1802826
0.90	0.10	0.90	56	SILO	7723742.92	5	411	584	899	9679	|	0	1	3	7	16	|	2191273
0.90	0.10	0.90	60	SILO	7626162.80	5	423	594	925	9964	|	0	1	3	8	18	|	2517047
0.90	0.10	0.90	64	SILO	7723420.87	5	433	611	1001	12989	|	0	1	3	8	20	|	2904372
